best,average,min,species,neurons,links
1205.0,320.1,-165.0,1,22,57
1475.0,519.15,-210.0,1,22,57
2090.0,715.85,-105.0,1,22,57
2140.0,804.6,-170.0,1,22,56
2210.0,890.65,-210.0,1,22,57
1960.0,971.4,-155.0,1,22,56
2565.0,1087.85,55.0,4,22,57
2830.0,1014.3,-20.0,3,22,57
2790.0,1109.3,-90.0,5,22,57
2660.0,1082.1,-115.0,6,24,57
2540.0,1194.1,-210.0,6,22,57
2410.0,1023.1,5.0,7,22,57
2445.0,922.55,-115.0,9,23,55
2800.0,1037.15,-125.0,11,23,55
2665.0,1031.9,70.0,10,23,55
2985.0,1148.9,-70.0,10,23,55
2505.0,1157.4,-90.0,10,23,55
2585.0,926.1,-210.0,9,23,55
2575.0,1033.05,-30.0,9,26,58
2560.0,1151.8,-50.0,9,26,58
2610.0,1053.95,-140.0,10,26,58
2505.0,1167.1,-95.0,10,23,55
2335.0,1017.0,-135.0,10,23,55
2735.0,1012.8,95.0,9,23,55
2590.0,1011.75,-70.0,9,23,55
2325.0,988.3,-210.0,10,27,65
2480.0,1015.25,-65.0,10,23,56
2145.0,992.85,155.0,10,23,57
2350.0,987.65,-35.0,10,23,57
2715.0,1142.2,-60.0,10,23,57
2510.0,943.05,-210.0,10,23,57
2280.0,1006.6,105.0,10,27,60
2395.0,1101.35,35.0,9,23,57
2460.0,970.7,-50.0,8,27,60
2305.0,998.5,90.0,8,23,57
2510.0,1031.7,-135.0,8,27,60
2425.0,1129.0,-135.0,9,27,60
2635.0,1090.85,-5.0,9,23,58
2260.0,974.5,-85.0,9,23,58
2770.0,1167.45,165.0,9,23,58
2690.0,1057.05,-95.0,9,23,58
2595.0,1245.25,5.0,9,23,58
2860.0,1174.25,-110.0,9,27,60
2720.0,1136.0,-210.0,8,23,59
2810.0,1228.45,70.0,8,23,59
2590.0,1221.1,-210.0,8,23,59
2620.0,1300.15,10.0,8,27,60
2890.0,1238.75,50.0,8,27,60
2695.0,1268.7,315.0,8,27,60
2555.0,1430.25,155.0,8,27,64
2820.0,1243.95,40.0,8,27,64
2910.0,1384.3,135.0,8,23,59
2845.0,1373.8,180.0,8,28,68
2875.0,1347.35,-35.0,8,27,64
2540.0,1449.6,10.0,7,24,57
2770.0,1364.15,10.0,7,27,64
2910.0,1357.75,15.0,7,27,60
2985.0,1396.95,-105.0,7,27,60
2745.0,1352.5,120.0,8,27,64
2610.0,1418.9,320.0,8,27,64
2525.0,1374.8,-45.0,8,27,64
2690.0,1215.45,-210.0,8,27,64
3010.0,1322.8,55.0,8,27,60
2900.0,1230.6,35.0,8,27,64
2820.0,1311.0,325.0,8,27,64
2975.0,1312.05,-80.0,8,27,64
2865.0,1327.85,280.0,9,27,64
2655.0,1270.6,-165.0,9,27,64
2600.0,1342.55,190.0,9,27,64
2815.0,1244.9,-10.0,9,27,64
2510.0,1308.75,90.0,9,28,69
2495.0,1263.65,185.0,9,27,64
2450.0,1218.7,15.0,9,27,64
2910.0,1195.5,-45.0,8,27,64
2575.0,1327.1,165.0,8,27,64
2245.0,1272.65,230.0,8,27,64
2500.0,1378.75,135.0,8,27,64
2860.0,1349.45,325.0,8,27,59
2650.0,1405.8,130.0,8,27,59
2445.0,1401.5,255.0,8,27,59
2785.0,1380.65,90.0,8,25,58
2785.0,1358.2,360.0,8,27,59
2795.0,1357.45,355.0,8,27,64
2525.0,1304.55,-210.0,8,25,57
2735.0,1336.25,105.0,8,25,57
2910.0,1299.6,125.0,8,27,59
3005.0,1385.2,30.0,8,27,59
3215.0,1420.7,125.0,8,27,59
2540.0,1287.7,300.0,8,25,56
2580.0,1305.35,380.0,8,27,59
2530.0,1359.8,215.0,8,27,64
2410.0,1297.85,-15.0,8,29,74
2520.0,1439.35,145.0,8,28,71
2720.0,1394.4,285.0,8,26,60
2545.0,1395.0,255.0,8,28,70
2470.0,1323.15,-145.0,8,27,59
2400.0,1311.15,140.0,8,27,59
2400.0,1297.8,205.0,8,27,64
2280.0,1241.75,160.0,8,28,70
2445.0,1329.25,200.0,8,27,59
2405.0,1297.5,30.0,8,27,64
2870.0,1305.7,370.0,8,28,70
3025.0,1250.1,-15.0,8,28,70
2895.0,1295.5,285.0,8,28,60
2895.0,1362.45,290.0,8,28,70
2665.0,1417.6,330.0,8,26,59
2320.0,1272.95,265.0,8,28,70
2485.0,1296.7,145.0,8,28,61
2650.0,1419.8,30.0,8,28,70
2490.0,1285.35,115.0,8,28,70
2470.0,1359.0,-55.0,8,28,70
2600.0,1252.3,130.0,8,28,61
2850.0,1427.5,335.0,8,28,70
2800.0,1358.6,-135.0,8,28,61
2370.0,1325.45,180.0,8,28,69
2530.0,1285.7,55.0,7,28,61
2430.0,1280.25,55.0,7,28,69
2945.0,1299.8,55.0,7,28,61
2545.0,1301.6,-20.0,8,28,61
2690.0,1376.4,155.0,8,28,61
3140.0,1303.55,-45.0,8,28,69
2765.0,1385.1,385.0,8,28,62
2715.0,1385.0,350.0,8,34,90
2515.0,1307.95,285.0,8,30,79
2620.0,1288.1,-10.0,8,28,62
2435.0,1335.25,55.0,8,28,62
2640.0,1454.15,360.0,8,28,70
2670.0,1332.65,210.0,8,28,62
2390.0,1419.3,30.0,8,34,90
2445.0,1377.55,405.0,8,28,61
2500.0,1396.55,-100.0,8,28,61
2760.0,1411.85,440.0,8,28,62
3120.0,1499.2,290.0,6,28,62
2895.0,1441.65,-75.0,6,28,61
2500.0,1367.45,-10.0,6,28,70
2635.0,1389.35,80.0,6,28,70
2750.0,1385.9,-20.0,6,34,90
2595.0,1404.65,25.0,6,30,80
2600.0,1461.3,15.0,6,34,90
2595.0,1428.05,325.0,6,28,70
2635.0,1449.5,-60.0,6,28,70
3090.0,1453.35,100.0,6,28,70
2485.0,1431.45,-140.0,6,28,70
3140.0,1464.6,430.0,6,28,70
2835.0,1500.2,-100.0,7,28,70
2740.0,1559.0,540.0,6,34,84
2835.0,1497.05,360.0,6,28,70
2885.0,1591.25,370.0,6,35,97
3205.0,1622.8,280.0,6,28,70
3265.0,1626.1,385.0,6,35,97
3010.0,1567.6,300.0,6,28,70
2830.0,1535.7,160.0,6,28,70
3175.0,1578.4,575.0,6,28,70
2780.0,1614.05,110.0,6,35,97
2815.0,1535.95,165.0,6,28,71
2675.0,1470.25,240.0,6,29,72
3060.0,1676.45,480.0,6,35,97
3115.0,1519.1,135.0,6,35,97
3000.0,1665.45,210.0,6,35,97
2650.0,1559.6,195.0,6,29,72
3265.0,1579.1,-35.0,6,29,72
2730.0,1561.05,60.0,6,29,72
2950.0,1680.3,115.0,6,35,97
2720.0,1601.15,210.0,6,29,73
2810.0,1602.15,355.0,6,35,97
3025.0,1681.5,420.0,6,31,89
2910.0,1631.65,405.0,6,29,73
3405.0,1513.9,470.0,6,29,73
3325.0,1634.2,435.0,6,35,97
3060.0,1661.85,325.0,6,29,73
2660.0,1556.1,180.0,6,35,97
2680.0,1597.55,250.0,6,31,89
2830.0,1581.65,315.0,6,29,73
2785.0,1556.6,-135.0,6,30,74
2820.0,1581.3,160.0,6,37,98
3130.0,1595.45,200.0,6,31,89
2920.0,1592.0,-25.0,6,31,89
2690.0,1662.45,585.0,5,35,97
3240.0,1597.35,195.0,5,30,74
2990.0,1763.4,-135.0,5,31,89
3070.0,1793.0,255.0,5,35,97
2660.0,1802.2,15.0,5,30,74
2685.0,1652.75,115.0,5,34,85
3240.0,1647.8,5.0,5,30,74
3025.0,1754.4,305.0,6,34,85
3250.0,1745.65,370.0,6,31,90
2995.0,1585.5,210.0,6,31,90
3090.0,1611.0,375.0,6,30,75
2720.0,1577.6,365.0,6,31,90
3580.0,1658.5,-35.0,6,34,85
3130.0,1624.55,445.0,6,30,75
2935.0,1642.3,210.0,6,30,75
3255.0,1674.95,205.0,6,31,90
2625.0,1571.5,95.0,6,31,90
3145.0,1715.2,-35.0,6,30,74
2930.0,1618.9,480.0,6,30,74
2900.0,1591.55,-10.0,6,30,74
2925.0,1659.8,640.0,6,31,90
2665.0,1516.3,-35.0,6,34,85
2935.0,1593.65,400.0,6,31,90
3155.0,1599.05,550.0,6,35,98
2855.0,1636.75,185.0,6,30,74
2780.0,1581.0,260.0,5,31,90
