best,average,min,species,neurons,links
1867.0,164.69,-998.0,1,28,171
1782.0,679.93,-783.0,1,28,171
2012.0,902.38,-728.0,1,28,171
2122.0,1013.5,-217.0,2,28,171
2332.0,1128.68,-191.0,2,28,171
2532.0,1190.58,-143.0,2,29,172
2502.0,1263.08,-288.0,2,29,172
2532.0,1332.54,-68.0,2,28,171
2762.0,1240.07,-236.0,2,28,171
3057.0,1429.26,-183.0,3,28,171
2682.0,1204.72,-599.0,3,28,171
3207.0,1478.02,-218.0,4,28,171
2597.0,1411.89,76.0,3,28,171
3061.0,1393.81,-418.0,4,28,171
2967.0,1415.73,242.0,4,28,171
3372.0,1451.97,-353.0,5,28,170
3307.0,1404.42,-143.0,6,28,170
2707.0,1380.08,162.0,7,28,170
3432.0,1247.92,197.0,7,28,170
3402.0,1301.8,-208.0,7,28,167
2867.0,1303.37,-308.0,9,28,167
3347.0,1333.63,-409.0,9,28,167
2997.0,1351.49,-293.0,9,28,167
3077.0,1462.48,-379.0,9,28,167
2422.0,1411.88,-478.0,9,31,177
2657.0,1323.87,-648.0,9,28,167
2832.0,1314.85,-586.0,9,28,167
2542.0,1374.95,-113.0,10,28,167
2722.0,1368.49,152.0,9,28,167
2527.0,1346.16,-470.0,9,28,167
2837.0,1434.2,260.0,8,28,167
2607.0,1404.08,-203.0,8,31,178
2407.0,1436.28,-3.0,8,28,167
2782.0,1484.95,-223.0,8,28,167
2587.0,1538.59,-118.0,8,28,167
2662.0,1514.11,-161.0,8,28,167
2662.0,1449.34,157.0,9,28,167
2569.0,1328.23,-799.0,9,28,167
2554.0,1428.33,102.0,8,28,168
2372.0,1435.97,12.0,8,28,167
2102.0,1445.95,22.0,8,31,178
2107.0,1437.49,-343.0,8,28,167
2547.0,1412.83,-573.0,8,28,168
2377.0,1505.01,-295.0,8,28,168
2287.0,1510.75,122.0,8,28,168
2067.0,1530.82,-589.0,8,31,178
2282.0,1519.1,-209.0,8,31,178
2437.0,1523.69,-183.0,8,28,169
2452.0,1408.98,-406.0,8,28,169
2437.0,1438.28,-478.0,8,28,169
2417.0,1511.4,-148.0,8,28,168
2932.0,1505.41,56.0,8,28,168
2262.0,1517.72,-318.0,8,31,178
2902.0,1516.1,-120.0,8,28,168
2708.0,1505.68,-788.0,8,28,168
2597.0,1442.0,-215.0,8,28,168
2642.0,1548.02,-49.0,8,31,178
2557.0,1520.8,-338.0,8,28,168
2582.0,1504.3,-319.0,8,31,178
2302.0,1512.37,-53.0,8,31,178
2397.0,1492.18,-198.0,8,28,168
2282.0,1394.55,-478.0,8,31,178
2352.0,1439.55,-245.0,8,31,178
2362.0,1465.75,-263.0,8,31,178
2132.0,1497.99,21.0,8,31,178
2337.0,1477.04,111.0,7,31,178
2062.0,1408.26,-388.0,8,29,169
2183.0,1452.05,-158.0,8,31,178
1977.0,1457.95,92.0,8,29,169
2422.0,1527.11,352.0,8,31,179
2397.0,1492.32,520.0,8,31,178
2277.0,1512.3,-243.0,8,29,169
2877.0,1382.75,-373.0,8,29,169
2637.0,1396.29,-284.0,8,29,169
2252.0,1406.15,-1063.0,8,29,170
2642.0,1434.56,-25.0,8,36,192
2422.0,1468.61,-434.0,8,36,192
2962.0,1540.64,222.0,8,29,168
2882.0,1461.44,42.0,8,29,168
2957.0,1429.9,-597.0,8,29,168
2737.0,1400.8,-148.0,8,36,192
2365.0,1446.36,-643.0,7,29,167
2692.0,1437.88,-183.0,7,36,192
2937.0,1519.7,532.0,8,36,192
3251.0,1424.46,-324.0,7,36,192
3132.0,1573.86,-588.0,7,36,192
2522.0,1423.68,-135.0,7,36,192
3117.0,1362.05,2.0,8,36,193
3047.0,1284.81,-329.0,8,36,192
2547.0,1379.51,237.0,8,29,169
2757.0,1356.9,-158.0,7,36,193
3512.0,1326.27,-459.0,7,36,192
2645.0,1373.79,-418.0,7,36,192
2972.0,1475.71,242.0,7,36,192
2881.0,1456.46,-398.0,7,36,192
3337.0,1556.87,-306.0,7,36,191
2947.0,1540.84,-28.0,7,36,192
3957.0,1579.1,174.0,7,36,192
3747.0,1597.08,-49.0,7,36,192
3507.0,1633.7,556.0,8,36,192
3302.0,1476.5,-53.0,8,36,193
2982.0,1506.49,-358.0,8,36,193
3122.0,1463.77,-286.0,8,36,193
3557.0,1516.54,-390.0,8,36,193
3417.0,1526.82,57.0,8,37,194
3631.0,1587.35,417.0,8,37,194
3167.0,1554.37,-170.0,9,29,169
3252.0,1390.2,-169.0,9,37,194
3707.0,1486.07,-13.0,8,37,194
2812.0,1477.86,22.0,8,37,194
3477.0,1523.92,-204.0,8,29,168
3091.0,1511.6,-58.0,8,30,169
2787.0,1580.7,-428.0,9,37,194
2947.0,1450.75,-311.0,9,37,194
2966.0,1527.87,122.0,9,37,194
2777.0,1471.74,-473.0,9,37,194
3022.0,1588.38,55.0,9,37,194
3342.0,1511.78,-569.0,9,37,194
3277.0,1483.08,-223.0,8,37,194
3107.0,1625.18,-450.0,8,37,194
3672.0,1655.66,-57.0,8,37,194
3476.0,1651.63,-708.0,8,37,194
3652.0,1720.03,-595.0,7,37,194
3922.0,1773.18,-615.0,7,37,194
3212.0,1688.04,129.0,7,37,194
3792.0,1716.83,32.0,9,37,194
3602.0,1566.91,297.0,7,37,194
3177.0,1678.9,247.0,7,37,194
3802.0,1811.19,-245.0,7,37,194
3497.0,1701.52,271.0,7,29,168
3072.0,1661.21,531.0,8,37,194
3546.0,1522.5,-143.0,8,37,194
3432.0,1627.99,-188.0,8,38,195
3497.0,1666.32,-266.0,8,37,194
3161.0,1710.2,-131.0,8,38,195
4691.0,1594.79,-49.0,8,38,195
3746.0,1678.45,-17.0,9,38,196
3727.0,1710.96,-194.0,8,38,196
3602.0,1799.99,267.0,8,38,196
3526.0,1700.25,308.0,8,38,196
3577.0,1756.34,-40.0,7,38,196
3632.0,1763.32,317.0,7,38,196
3752.0,1719.23,452.0,7,38,196
3657.0,1758.91,322.0,7,38,196
3477.0,1767.7,212.0,7,38,196
3512.0,1761.6,85.0,7,38,196
3001.0,1708.02,127.0,7,30,169
3552.0,1750.89,307.0,7,38,197
3502.0,1699.33,-83.0,7,38,197
3062.0,1755.22,-428.0,7,38,197
3733.0,1774.72,-237.0,7,38,197
3647.0,1850.07,517.0,7,38,197
4042.0,1805.41,-288.0,8,38,197
3407.0,1690.41,-388.0,8,38,197
3852.0,1753.06,-210.0,8,38,197
3487.0,1789.65,331.0,8,38,197
3956.0,1782.67,-420.0,8,38,197
4101.0,1834.57,-319.0,8,38,197
3272.0,1999.48,917.0,6,38,197
3577.0,1981.56,922.0,6,38,197
3687.0,1911.52,452.0,6,38,198
3942.0,1896.4,372.0,6,38,198
3272.0,1835.11,147.0,6,38,198
3252.0,1932.61,572.0,6,38,198
3272.0,1986.22,597.0,6,38,198
3647.0,2024.37,647.0,6,38,198
3877.0,1983.63,187.0,6,38,198
3542.0,1935.87,277.0,6,38,198
3342.0,1870.11,-133.0,6,38,198
3587.0,2058.73,462.0,6,38,197
3482.0,1979.1,51.0,6,38,197
4171.0,2007.17,-80.0,6,38,197
3412.0,2020.33,527.0,6,38,197
3172.0,1891.26,-247.0,5,39,198
3647.0,1848.28,17.0,5,39,198
3477.0,1908.5,-518.0,5,39,198
4007.0,1976.43,157.0,5,39,198
4047.0,1866.08,-76.0,5,39,198
3702.0,1936.67,437.0,5,39,198
4182.0,2023.45,-13.0,5,39,198
4072.0,1934.92,147.0,5,39,198
3632.0,1961.0,357.0,4,39,198
4342.0,1930.05,570.0,4,39,198
3891.0,2043.44,412.0,4,39,198
4267.0,1975.02,214.0,4,39,198
3621.0,1960.63,462.0,5,39,198
3912.0,1744.91,-278.0,5,39,198
3792.0,1921.91,182.0,5,39,198
4137.0,2019.89,577.0,5,39,198
3857.0,2006.6,457.0,5,39,198
4152.0,1985.64,262.0,5,42,215
4027.0,2099.36,61.0,5,39,198
4072.0,2016.5,40.0,6,42,215
4352.0,2056.62,247.0,6,42,215
4062.0,2106.76,97.0,6,46,235
3902.0,2078.52,-305.0,6,42,215
3687.0,2233.29,342.0,6,39,197
3897.0,2166.31,526.0,6,39,197
3681.0,2052.94,207.0,6,39,197
4212.0,2151.33,-751.0,6,47,236
3897.0,2122.12,-189.0,6,39,197
3467.0,2003.41,-190.0,6,39,196
4066.0,2170.58,404.0,6,39,196
3367.0,2171.52,109.0,6,42,215
3681.0,2095.06,264.0,6,42,215
3952.0,2153.87,392.0,6,47,236
3632.0,2228.65,821.0,6,47,236
3462.0,2007.97,-111.0,6,42,215
4016.0,2104.53,577.0,6,47,235
3912.0,2245.35,531.0,6,39,196
4041.0,2317.03,422.0,6,39,196
4111.0,2250.35,142.0,6,47,235
3897.0,2296.83,27.0,5,39,196
4377.0,2296.74,372.0,5,39,196
3772.0,2255.23,-598.0,5,46,226
4140.0,2126.77,-18.0,6,39,196
3632.0,2080.4,-346.0,7,43,216
3332.0,2014.7,393.0,6,47,234
3742.0,2084.94,584.0,6,47,234
4001.0,2070.29,-789.0,6,47,234
3692.0,2213.55,42.0,6,39,196
4336.0,2293.78,872.0,6,39,196
3607.0,2149.97,-646.0,6,39,196
4046.0,2248.54,407.0,6,39,196
3467.0,2251.75,827.0,6,48,235
4177.0,2263.24,276.0,6,48,235
3507.0,2274.52,-524.0,6,40,197
4346.0,2273.82,-218.0,7,40,197
3802.0,2239.02,400.0,7,41,198
3542.0,2135.94,568.0,6,41,198
traininig time: 8522.96664214
