loss,accuracy
1.60711975662,0.48046462551
1.46767702966,0.517423442827
1.44867494743,0.522703273747
1.40762984551,0.550158394868
1.3904448713,0.543822597488
1.36311381382,0.558606124982
1.3211278602,0.581837381581
1.29179610949,0.598732840769
1.23311565141,0.611404435278
1.18220233565,0.628299894624
1.12952601796,0.625131995273
1.06808340046,0.651531151223
1.01464857647,0.657866947754
0.966272710432,0.664202745323
0.929771611217,0.694825765638
0.854150288775,0.718057022427
0.854995753219,0.723336853347
0.813370691622,0.734952481206
0.781566659777,0.744456177088
0.763854767415,0.731784582579
0.775820447563,0.73706441375
0.740223820131,0.742344245425
0.73495647349,0.757127772037
0.727663561371,0.747624076281
0.720683651904,0.74234424511
0.719613229272,0.761351636748
0.709550297122,0.74868004249
0.717453149329,0.756071805954
0.707547649851,0.759239704141
0.703163346557,0.759239704581
0.698740423984,0.762407603083
0.699235140774,0.755015839934
0.702545346403,0.758183737617
0.701103409026,0.753959873536
0.703750372814,0.753959873095
0.694353611064,0.760295670979
0.689363610782,0.76029567035
0.700467622897,0.749736008699
0.687340952842,0.761351636244
0.692765855361,0.771911299405
0.69529530214,0.744456177528
0.687726981379,0.757127771722
0.688306788551,0.749736008574
0.686806762546,0.752903907641
0.684261859785,0.76663146729
0.694060009976,0.769799366231
0.68742955587,0.761351636685
0.678212648806,0.749736008888
0.686504141016,0.761351636433
0.682313096183,0.749736008574
0.680587469273,0.746568109632
0.682783839569,0.763463569292
0.678381517042,0.761351636559
0.681007736651,0.767687433499
0.678111013729,0.750791974783
0.680307997255,0.759239704267
0.682563994351,0.763463569418
0.673151394759,0.76029567079
0.674947675141,0.750791974909
0.675854785767,0.760295670979
0.681230348292,0.761351636244
0.677919412836,0.744456177528
0.673066190423,0.763463569732
0.677922318893,0.764519535627
0.679423961871,0.753959873851
0.670976137851,0.752903906886
0.67592705492,0.747624075967
0.674713536137,0.76557550108
0.674957694385,0.765575501804
0.671136584239,0.76557550108
0.673886719765,0.762407602453
0.672940507138,0.750791975097
0.672990417531,0.759239704896
0.674674452232,0.757127771722
0.677163441682,0.763463568662
0.671631296623,0.784582893347
0.671326331126,0.757127771722
0.671663788015,0.763463569386
0.66961665472,0.753959873851
0.671406223568,0.762407603083
0.673186342986,0.766631467919
0.671901637045,0.762407603208
0.669375154071,0.767687434569
0.670008704428,0.760295670476
0.667803321368,0.756071805639
0.669699277394,0.761351636999
0.671555902475,0.756071805513
0.670562239861,0.77613516336
0.669054905175,0.764519534871
0.669437160934,0.77613516336
0.669996650506,0.75501584006
0.667882190272,0.766631468359
0.668906411878,0.765575501395
0.668642752588,0.765575501584
0.668620763636,0.774023231823
0.668649055009,0.750791974909
0.667774157136,0.765575501395
0.66712308251,0.768743400431
0.669725057253,0.770855332881
0.668733954241,0.760295670664
0.666531983248,0.753959873851
0.667289603285,0.774023231068
0.66710383128,0.76029567035
0.667918651824,0.761351636244
0.666320461028,0.75923970477
0.665789587822,0.775079197906
0.666924037897,0.755015839304
0.665013378374,0.756071805513
0.666159667208,0.767687433687
0.666697926229,0.753959873851
0.666325904059,0.759239704141
0.665094426844,0.764519535186
0.665263680307,0.757127771722
0.666790947743,0.756071805954
0.665120069303,0.763463569103
0.666242751394,0.763463569292
0.667496342027,0.766631467919
0.665535639055,0.762407602642
0.664870775615,0.761351636559
0.664080228102,0.767687434128
0.66416672297,0.762407602642
0.665886732568,0.760295670224
0.665992611565,0.756071805954
0.66367744833,0.75923970477
0.664575540654,0.752903906886
0.664022321434,0.762407603334
0.664634531063,0.768743400148
0.66504080828,0.769799365917
0.664994789152,0.763463568977
0.663429445802,0.76029567079
0.663893449269,0.775079197717
0.665310994499,0.762407603334
0.665757532482,0.767687433813
0.6629970778,0.766631467604
0.664054680462,0.766631468359
0.662740857951,0.764519535186
0.663907026477,0.759239704015
0.663796006909,0.761351636433
0.663956198295,0.755015839304
0.663992822485,0.763463568662
0.664479027139,0.770855333196
0.66337125285,0.762407603083
0.662551972531,0.766631468045
0.662899218492,0.766631467604
0.663484623024,0.74868004249
0.663274519673,0.777191130136
0.662972315249,0.767687433813
0.66263775463,0.771911298964
0.66304197684,0.778247096659
0.663030421532,0.758183738372
0.662922680567,0.763463569292
0.662800617618,0.752903907012
0.66450443439,0.751847940362
0.663068023126,0.763463569292
0.661879541724,0.748680042365
0.662637613014,0.763463569418
0.662393275762,0.755015839304
0.660937362953,0.769799366798
0.661363854013,0.755015839713
0.662882627819,0.770855332126
0.664005446207,0.767687433499
0.664080012436,0.757127771722
0.663052861454,0.761351636999
0.662383771685,0.762407602894
0.661742255013,0.762407603208
0.66191702244,0.759239704581
0.66158222806,0.767687433813
0.662154812244,0.762407603523
0.662445913335,0.763463568662
0.660907714017,0.758183738561
0.660472588749,0.765575501269
0.660968812491,0.763463568662
0.66192633757,0.770855332755
0.662137044458,0.752903907453
0.661562737719,0.762407602642
0.661011653566,0.771911298964
0.661457739196,0.745512143297
0.661296119093,0.769799366106
0.661234445595,0.757127772478
0.66202677939,0.757127772352
0.661443744252,0.756071805765
0.661200897935,0.757127771848
0.661050535369,0.766631467919
0.661227556632,0.758183738561
0.661561267177,0.751847941118
0.662438244351,0.766631467478
0.660774372321,0.76451953506
0.66094887329,0.764519535815
0.660565647744,0.76663146729
0.660812727186,0.767687433687
0.660917283993,0.756071806269
0.661807252147,0.761351636433
0.66069728306,0.759239704455
0.660661083183,0.761351637314
0.660444345494,0.765575501836
0.661033310948,0.747624076155
0.660871493904,0.768743400337
0.661022546047,0.763463568977
0.661123779092,0.746568110198
0.660951899626,0.775079197592
0.660636624791,0.752903907641
0.66066534405,0.768743400652
0.660338728959,0.758183738687
0.660066407925,0.768743399896
0.660488231759,0.768743400022
0.66088764028,0.763463569292
0.661414600224,0.747624075967
0.660020976975,0.770855332881
0.660280350269,0.755015839619
0.660195054638,0.76557550171
0.66078304549,0.768743399896
0.660047823487,0.766631467919
0.659884548678,0.752903906886
0.659963631643,0.782470961055
0.660823790111,0.758183737617
0.660288053367,0.769799366672
0.660686848408,0.764519535186
0.66023364553,0.771911299405
0.660459715751,0.77191129865
0.660384223856,0.75079197472
0.660762094646,0.772967264733
0.659764728551,0.752903907641
0.660573389928,0.767687433499
0.660314289985,0.763463568977
0.660075558906,0.75395987341
0.65998213621,0.751847940551
0.660508346721,0.76557550215
0.660710352464,0.759239704141
0.66027297314,0.760295671105
0.659811095237,0.767687434569
0.660192152452,0.758183738341
0.660181439477,0.768743400652
0.659304747423,0.76557550171
0.659691598813,0.771911299405
0.659491396189,0.748680042805
0.659524657753,0.771911298964
0.659401688807,0.759239704581
0.660271285769,0.757127771722
0.660011200744,0.762407603523
0.660133583682,0.75501584006
0.659980896786,0.772967264985
0.659750939486,0.77613516336
0.65995120656,0.762407603334
0.66058765816,0.76557550215
0.660457468713,0.762407602957
0.659561617227,0.752903907641
0.659434323137,0.759239704581
0.659569604344,0.757127772163
0.659732214752,0.757127772163
0.659795086009,0.761351636433
0.659177254787,0.76663146729
0.659052199396,0.759239704015
0.659739703475,0.77191129909
0.659642096747,0.767687434254
0.660310868477,0.746568109758
0.660080219964,0.767687433687
0.65933559034,0.77719113045
0.659877891651,0.756071806269
0.658890433838,0.761351637314
0.658691924439,0.764519535186
0.659044780663,0.760295670035
0.658989983539,0.774023231823
0.659378662029,0.766631467604
0.658976215181,0.761351636559
0.659515425169,0.746568110387
0.659301817858,0.769799366106
0.658820395862,0.763463568662
0.659048969919,0.774023231382
0.659000272736,0.757127772478
0.659354104412,0.772967264544
0.660487169575,0.763463568977
0.659238835512,0.756071805828
0.659207794898,0.762407603397
0.659262765864,0.768743400778
0.659331912602,0.753959872781
0.65921869682,0.770855332881
0.659140829048,0.759239704015
0.658823017428,0.760295670664
0.658729381206,0.762407602768
0.658746699849,0.761351636874
0.658842016047,0.76029567035
0.659308075464,0.757127771722
0.659493845833,0.766631467478
0.658955685566,0.758183738246
0.658852554929,0.768743399896
0.658538845518,0.756071805388
0.658853622462,0.758183738246
0.658939881775,0.765575501269
0.658949713206,0.763463568977
0.658981373783,0.769799366231
0.659046255737,0.764519534871
0.659094715697,0.758183738183
0.658774991348,0.766631468359
0.658367414409,0.762407603523
0.658568998891,0.764519535941
0.65876422053,0.765575501836
0.65893848928,0.76557550215
0.658750051745,0.756071805199
0.659208721634,0.766631467919
0.659059969211,0.770855332755
0.658721292535,0.764519535501
0.658879952735,0.751847941432
0.658713358823,0.759239704141
0.658561256581,0.771911299405
0.658849238405,0.761351636244
0.658525966604,0.772967265614
0.658266356528,0.744456177969
0.65855125496,0.774023231382
0.658916174421,0.763463569418
0.658995903218,0.753959873725
0.658558681182,0.759239704455
0.657841870311,0.776135164241
0.658692364834,0.766631467604
0.658560154651,0.763463569292
0.658492044197,0.761351636559
0.658613627129,0.772967265173
0.658532879043,0.774023231823
0.658750931904,0.749736008259
0.658709477913,0.765575501269
0.65886202357,0.761351636244
0.658541744652,0.758183737617
0.65800019913,0.779303062113
0.658634846981,0.756071805828
0.658560343535,0.779303062302
0.658620083093,0.764519535627
0.658594940003,0.770855332755
0.658596298448,0.758183738246
0.658126821079,0.763463569606
0.658122913387,0.751847941118
0.658324799165,0.778247095778
0.658455767375,0.755015839304
0.658305091302,0.757127771597
0.65814690454,0.749736009014
0.658446824664,0.769799366672
0.658671187247,0.772967264859
0.658315628421,0.757127772037
0.658107959796,0.768743400463
0.658107341783,0.768743400022
0.658466505967,0.762407602642
0.658818955847,0.752903906886
0.65825659622,0.769799366672
0.658188229157,0.761351637188
0.658133942512,0.750791974468
0.658402236676,0.768743400148
0.658247278258,0.756071805923
0.658256123505,0.769799366546
0.658074752267,0.760295670224
0.658255302478,0.76557550171
0.658187106771,0.772967264733
0.658161071248,0.760295670224
0.658129038441,0.766631468359
0.658244674536,0.768743400337
0.658023825732,0.769799366546
0.658107399122,0.776135163801
0.658012075623,0.744456177969
0.65792468357,0.763463569418
0.658143226423,0.759239704455
0.658194037841,0.771911298964
0.657995989985,0.762407602768
0.658437792011,0.763463569103
0.6585157496,0.76663146729
0.658114795259,0.757127772289
0.65783678579,0.775079197592
0.658276204323,0.751847940992
0.65788512415,0.759239704267
0.657923683005,0.774023231508
0.658191753069,0.760295671105
0.658070740692,0.757127772478
0.65796172323,0.768743400148
0.657906085536,0.766631467919
0.657808477895,0.770855332755
0.658104017644,0.764519535941
0.658402180722,0.755015839934
0.658167203981,0.752903907453
0.658115484269,0.77191129865
0.658215588791,0.741288278712
0.658186024635,0.767687434569
0.657861186182,0.753959873851
0.658091118243,0.769799365917
0.658174946416,0.774023231823
0.658027626078,0.761351636874
0.657878649335,0.767687434569
0.657854111104,0.76557550215
0.658195683042,0.768743400337
0.658115758312,0.757127772037
0.658085812422,0.764519534871
0.657873966059,0.763463569418
0.658015388748,0.766631468045
0.657854643266,0.751847940362
0.657810472133,0.765575501395
0.657815404905,0.767687434128
0.657993490083,0.755015839619
0.657795936593,0.766631467919
0.657536876176,0.758183738246
0.657816322011,0.764519535627
0.658055235932,0.780359028637
0.658377997097,0.751847941432
0.65787469126,0.77191129909
0.657863923715,0.757127771597
0.657622536957,0.763463568977
0.658127330173,0.775079197717
0.658247949959,0.761351637314
0.657619688428,0.774023231823
0.657346265243,0.75501583943
0.657653001382,0.772967265299
0.657885038991,0.755015839934
0.657747928167,0.775079197403
0.657688816032,0.766631467604
0.657785382732,0.763463568662
0.657931432049,0.746568110198
0.657986619467,0.777191129695
0.657902680078,0.777191129569
0.658007546299,0.760295670224
0.657735460348,0.755015839619
0.657737594849,0.765575501269
0.657415431429,0.753959873725
0.657635164425,0.755015839304
0.657633216668,0.765575501269
0.657875053356,0.755015839304
0.658094154555,0.784582893788
0.657759923366,0.770855332441
0.657997701022,0.768743400778
0.657721441865,0.763463568851
0.657613566112,0.76029567035
0.657578763136,0.761351637188
0.657879025342,0.757127772478
0.657857758757,0.76557550108
0.657884842743,0.769799366546
0.657818030531,0.774023231508
0.657528516735,0.758183737932
0.657681809056,0.775079197151
0.657247276404,0.763463568662
0.657290878241,0.770855332126
0.657565287955,0.77191129865
0.657655828669,0.764519535815
0.657539216178,0.776135163486
0.65750560111,0.76451953506
0.657574776989,0.751847941118
0.657740945109,0.767687433687
0.657765754802,0.757127771597
0.657578185846,0.76557550215
0.657567918647,0.764519535941
0.657548009153,0.76557550215
0.657585374909,0.760295671105
0.657617207188,0.766631467604
0.657686697455,0.756071805388
0.657576154945,0.769799366672
0.65747460424,0.762407603523
0.65762217527,0.776135163171
0.657761690294,0.763463569543
0.657757073924,0.770855333196
0.65765644901,0.762407603334
0.657570450145,0.76557550215
0.657800341735,0.760295671105
0.657597140312,0.770855332126
0.657675745621,0.765575501521
0.657516737485,0.779303062554
0.657514191983,0.769799366987
0.657535256025,0.757127771597
0.657507998135,0.761351636559
0.65724073695,0.766631467793
0.657438071879,0.768743400589
0.657441840315,0.756071806143
0.65756415704,0.766631467604
0.657582057567,0.765575501521
0.657444826212,0.758183737806
0.657538630674,0.764519535501
0.657482415784,0.763463568977
0.657539707743,0.764519535186
0.657518892819,0.752903907012
0.657285301084,0.768743399896
0.657274385,0.759239704896
0.657439120594,0.757127771408
0.657429760965,0.764519535941
0.657557487173,0.755015839304
0.657367232294,0.762407603083
0.657454009859,0.778247096219
0.657226811493,0.759239704581
0.657409985504,0.779303061987
0.657501901405,0.752903906886
0.657569318349,0.761351637188
0.657596889997,0.770855332881
0.657408212533,0.768743400778
0.657343332342,0.770855332315
0.657498087463,0.764519534871
0.657557102733,0.753959872781
0.657507464526,0.77719113045
0.657267397787,0.761351636244
0.6573870177,0.755015839745
0.657684571136,0.766631467604
0.657607658738,0.767687433499
0.657418957261,0.746568110387
0.657137845046,0.77719113045
0.657251693883,0.753959873725
0.657466326558,0.761351636999
0.657460215666,0.765575501521
0.657402980542,0.746568109632
0.657072845268,0.768743400022
0.657188081754,0.763463569292
0.657383832911,0.766631468359
0.657309622989,0.758183737617
0.657604681778,0.770855332441
0.657375824049,0.764519535186
0.657264311374,0.775079197277
0.657584205852,0.769799366231
0.657253245051,0.738120380714
0.657246438729,0.774023231068
0.657189953793,0.74340021069
0.657284686533,0.767687434569
0.657197406136,0.770855332755
0.656978110137,0.770855332881
0.657012180894,0.753959873725
0.657234725378,0.767687434569
0.657375061084,0.762407603208
0.657330204089,0.762407603208
0.657279705863,0.768743400778
0.657254608594,0.765575501836
0.657243630954,0.770855332881
0.657146178682,0.760295671105
0.657390965894,0.763463569418
0.657198875356,0.767687434254
0.657242309581,0.748680042365
0.657261969988,0.768743400778
0.657364518552,0.768743400778
0.657262449594,0.772967264859
0.657563138206,0.750791974783
0.657316746405,0.763463568851
0.657579321607,0.749736008259
0.657429926562,0.777191130136
0.657078662732,0.761351636874
0.656936432077,0.76451953506
0.657487114732,0.776135164115
0.657347680397,0.757127772289
0.65718564602,0.759239704141
0.656990659401,0.762407602453
0.657070872461,0.765575501836
0.657453718697,0.780359028952
0.657274311989,0.747624076155
0.657044570323,0.750791974909
0.656958445073,0.741288278586
0.657063920432,0.779303062868
0.657413953776,0.776135164241
0.657185307526,0.755015839745
0.657292243042,0.761351636874
0.657291621568,0.762407603083
0.657271491814,0.760295670224
0.657137199465,0.762407602768
0.657114214857,0.770855332441
0.657071142917,0.761351636559
0.657261634011,0.776135163927
0.657206090979,0.746568110072
0.657031491289,0.766631467478
0.657101976645,0.746568110261
0.657260109404,0.762407603334
0.657062652496,0.748680042176
0.657089449599,0.786694825703
0.657195663188,0.759239704141
0.65733312308,0.776135163801
0.657236433457,0.740232312818
0.657266516746,0.764519535753
0.657187173208,0.753959873221
0.657073531131,0.77191129909
0.657022863029,0.771911298964
0.657330605775,0.761351636244
0.657247877864,0.766631468045
0.657011561308,0.741288279342
0.656934973242,0.76557550108
0.657013427022,0.780359028196
0.657350643069,0.758183738057
0.657162365591,0.758183737932
0.657126077818,0.753959873851
0.657041748952,0.775079197717
0.656957566423,0.756071805954
0.657058447631,0.776135164241
0.656932797641,0.758183738372
0.656979943278,0.758183738687
0.657056143505,0.758183738246
0.657192761946,0.767687433813
0.656966175235,0.746568109758
0.656910812339,0.753959873851
0.657076967304,0.746568110387
0.657245298688,0.758183738246
0.657212781176,0.757127771848
0.657200439553,0.76557550108
0.656869256383,0.767687434569
0.65695619152,0.753959872969
0.657124427581,0.758183737932
0.656920497338,0.764519535501
0.656832618157,0.768743400337
0.657218246865,0.752903907201
0.657288555862,0.759239704707
0.657160972718,0.771911299059
0.656924769078,0.747624075841
0.656931804629,0.770855332315
0.656962603047,0.760295670035
0.656925302687,0.779303062113
0.657081531056,0.769799366798
0.656982405133,0.767687433813
0.656983590365,0.76557550215
0.657045817866,0.771911299279
0.656881250008,0.769799366987
0.65696969235,0.764519535186
0.657009472691,0.769799366106
0.657101404768,0.775079197151
0.656968912013,0.767687433499
0.656962018078,0.770855332126
0.657088457783,0.777191130324
0.656944189933,0.76557550215
0.656856012319,0.758183738687
0.65703484224,0.746568109632
0.657042578256,0.778247095589
0.656940106731,0.763463568977
0.656884318043,0.76029567035
0.656966391058,0.745512143832
0.657178434298,0.762407603523
0.657152842632,0.76557550108
0.656948946157,0.779303062554
0.656910266141,0.752903906571
0.657083230764,0.768743399896
0.657101100324,0.75501584006
0.657156976123,0.763463569732
0.657030128501,0.768743400337
0.657014280872,0.765575501269
0.65698758117,0.763463568977
0.656998911528,0.750791974909
0.656900648205,0.764519535941
0.656889060923,0.764519534871
0.656900927723,0.779303062113
0.656942872588,0.757127772037
0.657126983091,0.760295670224
0.656896909351,0.766631468045
0.6568020929,0.778247095904
0.656879971718,0.753959873725
0.6569663211,0.764519535501
0.656993061461,0.759239704455
0.656933209335,0.768743400022
0.657040661844,0.749736009014
0.657021655075,0.757127772478
0.656985296304,0.764519535501
0.656972038897,0.764519535312
0.657006829379,0.768743400463
0.656997409013,0.75923970477
0.656953859606,0.766631468359
0.657070744692,0.765575501836
0.656949232725,0.776135164241
0.656894446175,0.776135163927
0.656919133638,0.774023231068
0.656843803815,0.752903906571
0.656866430544,0.768743400778
0.656872032562,0.76029567079
0.656930732186,0.760295670035
0.657016602653,0.769799366231
0.657023169549,0.76768743438
0.656881735531,0.764519535627
0.656851391984,0.755015839713
0.656756327107,0.766631467919
0.656967000385,0.766631468234
0.656860303224,0.755015839619
0.656980605035,0.744456177214
0.656902844576,0.778247096345
0.656891425031,0.74340021113
0.656832335114,0.784582893033
0.656775776977,0.758183737617
0.656868910777,0.759239704141
0.656996600983,0.77719112938
0.656816179926,0.76029567079
0.656877261532,0.761351637314
0.656810225126,0.765575501836
0.656952159709,0.758183737932
0.656876980755,0.779303062239
0.656948284715,0.768743399896
0.656821242607,0.768743400778
0.656795351533,0.757127772163
0.656715402696,0.781414995287
0.656757587931,0.74868004205
0.657014605173,0.76451953506
0.656882472879,0.763463568851
0.656791582216,0.760295670759
0.656741842454,0.77191129865
0.656868981522,0.781414994531
0.656919791712,0.757127772037
0.656833934431,0.770855333196
0.656929970417,0.762407603523
0.656774879005,0.761351636433
0.656740301262,0.744456177339
0.656822660405,0.770855332881
0.656739320272,0.767687434569
0.656780236374,0.763463569292
0.656925938386,0.76029567079
0.656950325749,0.77191129909
0.656843605269,0.76451953506
0.656742071652,0.771911298335
0.656822537986,0.75290390676
0.656830075172,0.755015839745
0.656749662338,0.789862723889
0.656645515401,0.748680042365
0.656671887844,0.763463569732
0.656702753451,0.748680042365
0.656759221237,0.758183738561
0.656823041006,0.777191130324
0.656770286301,0.74128827846
0.656766811309,0.763463568851
0.656785020103,0.758183737932
0.656823535467,0.758183737932
0.656837908368,0.77719113001
0.656736561338,0.757127771911
0.656739189418,0.768743399708
0.656630983385,0.74128827846
0.656781725672,0.779303062554
0.65680902183,0.756071805954
0.656904941376,0.769799366987
0.656765407469,0.753959873851
0.656897613655,0.761351636685
0.656844338872,0.738120380085
0.6567702362,0.77191129865
0.656724008613,0.758183737932
0.656709214513,0.767687434254
0.656676807776,0.762407603523
0.656762756604,0.753959873095
0.656708086808,0.767687434569
0.656834608209,0.762407602642
0.656790654158,0.755015839745
0.656836371424,0.765575501395
0.656641960522,0.763463569418
0.65670438704,0.761351636874
0.65664840802,0.774023231382
0.656714934765,0.762407602768
0.656776039754,0.761351636874
0.656834768267,0.777191130136
0.65684050353,0.760295670539
0.656753477476,0.76557550171
0.656721798268,0.769799366672
0.65680296022,0.767687434254
0.656678656464,0.771911298524
0.656583279025,0.767687433499
0.656772570663,0.768743400778
0.656995709179,0.768743400337
0.656710993967,0.739176345853
0.656704080457,0.775079198032
0.656868221893,0.760295670664
0.656780856338,0.771911298335
0.656728662055,0.768743399896
0.656691918277,0.752903907327
0.656632988103,0.779303061987
0.656606977599,0.760295670224
0.656684875111,0.769799366483
0.656761230549,0.759239704896
0.65671396224,0.757127772163
0.656752945944,0.770855332126
0.656674027254,0.767687434254
0.656786948285,0.764519535186
0.656688394113,0.770855332881
0.656757790285,0.771911299405
0.656963813393,0.768743399896
0.656759996223,0.759239704141
0.656585017316,0.767687434254
0.656642554743,0.778247096659
0.656762001129,0.767687433687
0.656726518428,0.776135163927
0.656673328866,0.759239704141
0.656612582041,0.78352692695
0.656623198276,0.758183738246
0.656662707344,0.757127772478
0.656621041305,0.771911298775
0.656738879248,0.757127772037
0.656734804606,0.759239704141
0.656678151241,0.759239704267
0.656803733948,0.774023231382
0.656862981877,0.744456177088
0.656586715576,0.765575501836
0.656510808337,0.752903907641
0.656623365257,0.764519535941
0.656728228458,0.755015839871
0.656701654668,0.763463569418
0.6566841056,0.764519535627
0.656662214205,0.753959873221
0.656635494267,0.768743400337
0.656626721748,0.769799366672
0.656622774372,0.764519535627
0.656622410891,0.758183738561
0.65672407149,0.748680042459
0.656749267072,0.772967264859
0.656827452505,0.758183738246
0.65661734758,0.755015839934
0.656608690808,0.760295670444
0.656707311067,0.77613516336
0.65664105443,0.765575501521
0.656654653919,0.778247096534
0.656689030127,0.763463569732
0.656599832689,0.743400210941
0.656615202316,0.775079197151
0.656603506588,0.746568110387
0.656542761525,0.767687434128
0.656558615542,0.750791974153
0.656642007286,0.778247096345
0.656576422917,0.736008447667
0.656558461715,0.779303061987
0.656600711212,0.759239704455
0.656629422272,0.786694826206
0.656597343959,0.756071805513
0.656640478588,0.78247096074
0.656552881097,0.768743400463
0.656613214467,0.762407603083
0.656610676265,0.769799366231
0.656601419356,0.765575501395
0.656610907855,0.759239704896
0.656688822675,0.767687433687
0.656669192291,0.752903907327
0.656666464325,0.764519534871
0.656698419841,0.776135163171
0.656713809798,0.744456177969
0.656590823513,0.772967265173
0.656577236675,0.757127771848
0.656671956197,0.775079197151
0.656660196711,0.779303062428
0.65651175257,0.763463569732
0.656541563138,0.775079198032
0.656537755553,0.770855332315
0.656642005587,0.767687433813
0.656671590072,0.756071806269
0.656648693895,0.756071805513
0.656585554135,0.753959873095
0.656571541253,0.762407603083
0.65651464648,0.758183737806
0.656560149402,0.769799366231
0.656599429366,0.752903907516
0.656553099437,0.770855332755
0.656605380327,0.747624075526
0.656564724798,0.766631467478
0.656484093623,0.752903907327
0.656541463944,0.759239704015
0.656755331388,0.761351636874
0.656700442497,0.76029567035
0.656555857364,0.778247096219
0.656505484641,0.770855332755
0.656553954987,0.759239704455
0.656635720098,0.781414995098
0.656707099964,0.745512143297
0.65659978605,0.774023231823
0.656492269152,0.756071805954
0.656705189091,0.769799366546
0.656715342085,0.752903906886
0.656611358855,0.758183738498
0.656523433129,0.785638859997
0.656522664437,0.768743400463
0.656501564519,0.764519534871
0.6565236307,0.761351636874
0.656576393902,0.758183737932
0.65652475853,0.751847941432
0.65654705394,0.760295671105
0.656549994017,0.75395987341
0.656558385872,0.761351636999
0.656516086338,0.766631468359
0.656537276953,0.767687434254
0.656515610445,0.776135163801
0.65654039641,0.757127771722
0.656565469824,0.76029567079
0.656732398076,0.760295670224
0.656388328848,0.767687434443
0.656372935367,0.771911299405
0.656489980636,0.784582893033
0.656619900887,0.744456177654
0.656570751098,0.768743400652
0.656474903871,0.763463569292
0.656567816435,0.756071805639
0.656612056173,0.767687434128
0.656536131185,0.784582893788
0.656528141833,0.774023231697
0.656591967393,0.740232313132
0.65661545112,0.770855332881
0.656565615532,0.764519535941
0.656526662921,0.760295670664
0.656429262543,0.764519535941
0.656582959224,0.764519534871
0.656546985524,0.76029567035
0.656397563162,0.757127772163
0.656448823723,0.751847940677
0.656537359405,0.749736008385
0.656542698458,0.768743400337
0.656498098952,0.757127771722
0.656469087289,0.765575501584
0.656382440262,0.768743400778
0.656552887894,0.764519535941
0.656633922832,0.766631468045
0.656618263301,0.763463569418
0.656563300612,0.758183737932
0.656539409125,0.763463569229
0.656523528862,0.767687433813
0.656524313541,0.771911298335
0.656497779781,0.780359028448
0.656504836984,0.769799366672
0.656497335044,0.763463569732
0.656523904711,0.766631467604
0.656549024985,0.767687433499
0.656569445964,0.767687434128
0.656537835267,0.774023231823
0.656567499278,0.758183737932
0.656481015959,0.77191129909
0.656444583989,0.771911298335
0.656499014611,0.767687433687
0.656648965547,0.753959873095
0.656532340719,0.763463569292
0.656461915849,0.757127772478
0.656426632039,0.764519535186
0.656538859403,0.757127772037
0.65651201906,0.770855332441
0.656568966987,0.755015839745
0.656506997416,0.782470961181
0.65652642639,0.75395987341
0.656519494691,0.745512143863
0.656566363013,0.774023230753
0.656503854168,0.764519535375
0.656429390406,0.767687434128
0.656461387338,0.758183737932
0.656647973164,0.762407602453
0.656534643649,0.779303062868
0.656437905877,0.760295670476
0.656435993241,0.767687433813
0.656421665153,0.75501583899
0.656491343046,0.755015839619
0.656468223997,0.752903906571
0.656464396019,0.753959873095
0.656539200163,0.761351636999
0.656465268122,0.763463568851
0.656480321128,0.766631467478
0.656412679706,0.764519534871
0.656462539275,0.774023231697
0.656490388239,0.774023231068
0.656520441316,0.755015839304
0.6565165436,0.762407603208
0.656478898515,0.757127772037
0.656554572497,0.759239704581
0.656512817083,0.768743400337
0.656486507454,0.764519535941
0.656424870901,0.750791974783
0.656375460476,0.78352692695
0.656426953791,0.752903907201
0.656474647326,0.762407602768
0.656497182791,0.757127771848
0.656504053312,0.763463569732
0.656444645985,0.753959873221
0.656515010559,0.774023230942
0.656446642269,0.771911298964
0.656462533169,0.766631467604
0.656443866467,0.761351636244
0.656464994143,0.758183738498
0.65653653671,0.772967264544
0.656504732565,0.750791974594
0.656490745489,0.757127772163
0.656485800034,0.761351637188
0.65648659362,0.767687433813
0.656467130657,0.772967264544
0.65647760427,0.766631467919
0.656472171624,0.74762407647
0.656504139163,0.769799365917
0.656422745023,0.774023231068
0.656391383413,0.744456177654
0.65643324312,0.771911298964
0.656393220017,0.782470960426
0.656376132618,0.756071805702
0.656426206876,0.766631468045
0.656451325167,0.748680042805
0.656419578613,0.763463568977
0.656338125499,0.757127771597
0.656387891978,0.762407603208
0.656450069882,0.753959873851
0.656470672256,0.774023231508
0.656487813155,0.764519535941
0.656395372645,0.763463569292
0.656432878442,0.761351636559
0.656458639482,0.77191129865
0.656515948813,0.755015839304
0.656458304827,0.761351636244
0.656493974022,0.758183738246
0.65644834569,0.77613516336
0.656498508758,0.749736007944
0.656596388585,0.749736008259
0.656367512288,0.756071806269
0.656422378521,0.769799366546
0.656490368727,0.762407602768
0.656455680335,0.770855332441
0.656513179305,0.753959873221
0.656443640889,0.774023231823
0.656467642301,0.767687433499
0.656418690271,0.751847940362
0.656348608678,0.769799366357
0.656371761652,0.765575501395
0.656408343736,0.772967265173
0.656423615994,0.762407603208
0.656441382143,0.76557550215
0.656379905648,0.753959872781
0.656391940437,0.784582893473
0.656396629126,0.743400211004
0.656480152856,0.768743400022
0.656406715654,0.763463569103
0.656408214708,0.762407602894
0.656368504985,0.751847940551
0.656462117384,0.775079197592
0.656476750797,0.750791974153
0.656466548206,0.782470961307
0.656405120301,0.753959873095
0.656351964508,0.758183737806
0.656331743711,0.763463568851
0.656389725057,0.766631467478
0.6564266907,0.770855332755
0.656438276534,0.756071805954
0.656371083783,0.746568110072
0.656437831041,0.76663146729
0.656330561122,0.779303062239
0.656314721203,0.748680042302
0.6563843247,0.775079197466
0.656508169935,0.74340021113
0.65648524833,0.75607180608
0.65643345139,0.762407603177
0.656328266626,0.771911298964
0.656324739252,0.759239703826
0.656362835873,0.76557550171
0.65654312167,0.772967265299
0.656507546257,0.757127772478
0.656383669553,0.769799366357
0.656324635149,0.760295670664
0.656351852757,0.781414994217
0.65644048178,0.763463569103
0.656389014585,0.757127772037
0.656409207594,0.765575501395
0.65644081335,0.769799366106
0.65639843621,0.752903907012
0.656433532835,0.758183738246
0.656430080926,0.761351636874
0.656385707251,0.769799366546
0.656415041674,0.771911299405
0.65641197043,0.760295671105
0.65638316521,0.763463568851
0.656398659145,0.758183738687
0.656443653791,0.758183738372
0.656369219612,0.759239704455
0.656348805493,0.769799366106
0.656356321343,0.758183737806
0.656420032036,0.744456177528
0.656472565002,0.764519534871
0.656499068236,0.753959873536
0.656320571711,0.761351636559
0.656414839635,0.75395987341
0.656329888729,0.734952481332
0.656346787873,0.757127772037
0.656315025709,0.757127771722
0.656262701958,0.762407603523
0.656377476775,0.759239704581
0.656379027691,0.768743399896
0.656364007384,0.767687434254
0.656354745502,0.757127771597
0.656412060938,0.764519535941
0.65645141876,0.750791974909
0.65645465516,0.774023231823
0.656387441702,0.748680042365
0.656410908938,0.762407603208
0.656357700306,0.772967265299
0.656276910081,0.76557550215
0.656376387086,0.77191129865
0.656378283105,0.756071806269
0.656319474595,0.774023231382
0.656285111699,0.756071806143
0.656320328383,0.759239704455
0.656376561809,0.765575501395
0.656412314588,0.776135163895
0.656445933874,0.759239704707
0.656414035507,0.762407603523
0.656373985277,0.760295670035
0.656351542775,0.757127771848
0.656386102706,0.764519535941
0.656396214064,0.756071805513
0.656297314822,0.766631468171
0.6562834124,0.768743400778
0.656296504337,0.761351637314
0.656371466398,0.772967265614
0.656435980464,0.766631467604
0.656385178299,0.758183738372
0.656351074687,0.7381203804
0.656327669069,0.768743400211
0.656388701393,0.763463569292
0.65641918662,0.784582893914
0.656367485727,0.759239704141
0.656343779758,0.756071805923
0.656424211222,0.758183737617
0.656430453534,0.766631468045
0.656340994389,0.76029567079
0.656310227567,0.777191130324
0.656300797004,0.756071806269
0.656307085137,0.75395987341
0.656357946844,0.772967264733
0.656406616648,0.777191129695
0.656308386557,0.753959873095
0.656251925916,0.778247096219
0.656271449207,0.756071805828
0.656286823271,0.782470961055
0.656274367946,0.768743400652
0.656276326874,0.766631468359
0.656346388641,0.767687434254
0.656336828295,0.775079197403
0.656359418015,0.753959873504
0.656375920351,0.770855332755
0.656354154491,0.771911299405
0.656338085343,0.763463569292
0.656302843451,0.750791974342
0.656255184156,0.756071806269
0.656322375459,0.76029567079
0.656350290007,0.75395987341
0.656325753286,0.774023231068
0.656363525511,0.753959873725
0.65639662579,0.767687434569
0.656341811483,0.759239704455
0.65632768021,0.764519535627
0.656307238397,0.768743400778
0.656402187652,0.759239704455
0.656425918105,0.776135163801
0.656361619548,0.762407602453
0.656285406795,0.772967265299
0.656257319413,0.757127772132
0.656296039993,0.758183738246
0.656399782255,0.766631467793
0.656306411548,0.762407602453
0.656281673543,0.765575501395
0.656312938099,0.778247096219
0.656343291843,0.761351637314
0.656354882901,0.771911298964
0.656352425893,0.772967265173
0.656322436889,0.769799366231
0.656270434952,0.764519535186
0.65626173387,0.748680042805
0.656312952009,0.770855332441
0.656370396473,0.757127771722
0.656418754659,0.784582893788
0.65632430896,0.748680042239
0.656332194239,0.757127771911
0.65638668415,0.756071805199
0.656371809172,0.769799366672
0.65626051723,0.769799366546
0.656267255073,0.749736008699
0.656270504438,0.781414994846
0.656386225157,0.784582893788
0.65644703357,0.77191129909
0.656328483393,0.781414995161
0.656442117477,0.732840549228
0.656527820333,0.76557550215
0.65638394391,0.76029567035
0.65629527171,0.760295670224
0.656242418692,0.749736008699
0.656254107433,0.763463569543
0.656325200606,0.76557550108
0.656298809784,0.758183738372
0.656242343415,0.768743399708
0.656282374008,0.762407602642
0.656339729978,0.753959873851
0.656342452406,0.777191129569
0.656305301529,0.752903906886
0.656277216538,0.761351636433
0.656291494903,0.767687433813
0.656202890679,0.750791975034
0.656273384816,0.766631467478
0.656334229042,0.768743400463
0.656301484881,0.758183738561
0.656304694342,0.764519535595
0.656282842348,0.757127772478
0.656341506977,0.766631468359
0.656371789976,0.756071806269
0.656366777898,0.763463569292
0.656350594199,0.774023230942
0.656321271357,0.747624075526
0.656250573262,0.774023231477
0.656308487388,0.742344245551
0.656289387215,0.781414994657
0.656269519609,0.762407603397
0.656289230493,0.760295670539
0.656291577229,0.759239704015
0.656266165573,0.766631468359
0.656230937402,0.762407603523
0.65632075449,0.759239704455
0.656337365587,0.772967265488
0.656335019197,0.762407603397
0.656244325474,0.763463568662
0.65624002154,0.770855332566
0.656288803442,0.770855332629
0.656299521201,0.753959873536
0.65629826837,0.768743400022
0.656288467592,0.761351637125
0.656290726966,0.775079198032
0.656316957542,0.746568109758
0.65631384161,0.775079198032
0.656367200418,0.755015839619
0.656268994433,0.769799366987
0.65623136181,0.747624075967
0.65629084114,0.796198521773
0.656289271153,0.74868004249
0.656227198234,0.767687433687
0.656286613428,0.756071805954
0.656261789006,0.779303061987
0.656287878783,0.745512143863
0.656270063226,0.764519534871
0.656378471927,0.775079197906
0.65630771536,0.77191129865
0.656264776287,0.761351636244
0.656245870349,0.762407603523
0.656288555456,0.764519535186
0.656233664488,0.769799366231
0.656275468209,0.763463569418
0.656293444548,0.763463568662
0.65631003478,0.750791974153
0.656326915105,0.775079197277
0.656269461452,0.758183738687
0.656330379727,0.761351636559
0.656275090283,0.757127772037
0.656246035441,0.761351636874
0.656325796841,0.764519535501
0.656288004412,0.766631468359
0.65631705233,0.756071805388
0.65634676106,0.753959873851
0.656305054803,0.756071805954
0.656299390347,0.763463569292
0.656257724875,0.776135163801
0.656239050306,0.763463568851
0.656261227577,0.745512144178
0.656231779546,0.774023231823
0.656241901825,0.763463568977
0.656357202887,0.762407602453
0.656400936584,0.752903907327
0.656350980905,0.76557550171
0.656244544161,0.774023231697
0.656215546627,0.768743400022
0.656197039353,0.762407603523
0.656374134446,0.775079197277
0.656303954225,0.767687434569
0.656272174501,0.760295670539
0.656311556304,0.756071805513
0.65637668662,0.767687433813
0.656294413894,0.772967265488
0.656190558119,0.771911298838
0.656160382308,0.749736008699
0.656231376286,0.762407603523
0.656304648648,0.770855333007
0.656286751016,0.772967265614
0.656315812528,0.765575501395
0.656294021335,0.753959873725
0.656221106759,0.757127772037
0.65628564748,0.761351636968
0.656296749805,0.77191129865
0.65626852968,0.771911299405
0.656267869624,0.759239704581
0.656230646932,0.755015839304
0.656206483071,0.76557550215
0.656219906955,0.750791974657
0.656256241368,0.761351637314
0.656254867566,0.76663146729
0.656237579324,0.778247096659
0.656248494369,0.77719113045
0.656272802364,0.758183737806
0.656277593741,0.765575501836
0.656277265002,0.762407603208
0.656233012739,0.771911298964
0.656222120258,0.763463569103
0.656215064818,0.761351636244
0.656207883559,0.751847940992
0.656240767889,0.772967265299
0.656234721636,0.76029567079
0.656179140777,0.751847940362
0.656231212075,0.75501584006
0.656242137159,0.752903907453
0.656201849958,0.763463569732
0.656176305528,0.755015839934
0.656193038226,0.756071806269
0.65628154697,0.760295671105
0.656332143383,0.763463569292
0.656246591332,0.76663146729
0.656320030234,0.77191129865
0.656296715754,0.767687434443
0.656344655449,0.780359028448
0.65628508517,0.750791974783
0.656257100946,0.76557550108
0.656274643216,0.764519535941
0.656292813444,0.764519535501
0.656274628803,0.774023231823
0.656245405911,0.767687434128
0.656246076479,0.752903907641
0.656285684489,0.759239704455
0.656279016007,0.765575501804
0.656208355235,0.781414994531
0.656229531878,0.75501584006
0.656234034263,0.759239704896
0.656230813787,0.763463569732
0.656232753487,0.775079197717
0.65625499823,0.745512144052
0.656284878032,0.771911298335
0.656252276935,0.751847941118
0.656238912623,0.776135164115
0.656257125808,0.764519534871
0.656308641026,0.768743400148
0.656280980505,0.767687433687
0.656274637866,0.759239704455
0.656264924009,0.758183738246
0.656215946173,0.778247095778
0.656214949511,0.765575502025
0.656219711525,0.756071805199
0.656253567341,0.765575501836
0.656265540385,0.748680042805
0.656267755827,0.755015839745
0.656229174376,0.758183737932
0.656227191153,0.762407602957
0.656194091913,0.756071805639
0.656217290708,0.770855332441
0.656283266315,0.757127771597
0.656295687432,0.774023231382
0.656204616067,0.750791974783
0.656154950984,0.770855332441
0.656194752914,0.751847941432
0.656265340801,0.780359029078
0.656239700544,0.765575501962
0.656249827291,0.759239703826
0.656207649673,0.768743400211
0.656205623052,0.763463568851
0.656265865535,0.757127771597
0.656280722198,0.768743400778
0.656205137655,0.76663146729
0.656195530229,0.764519535186
0.656228602058,0.776135163801
0.656225066754,0.769799366672
0.656230841607,0.770855333196
0.656320921408,0.783526926635
0.656255157312,0.775079197466
0.656225134226,0.753959872969
0.656240238245,0.791974656937
0.656251910307,0.750791975034
0.656272316117,0.764519535627
0.656250515609,0.75079197472
0.656247991506,0.768743400463
0.656241760807,0.752903907201
0.656314349634,0.774023231382
0.656274778664,0.760295670224
0.656201813327,0.750791974468
0.656202603356,0.751847941432
0.656234475854,0.772967265173
0.656240713382,0.769799366231
0.656251766991,0.758183737806
0.656241663595,0.776135164241
0.656262528305,0.751847940551
0.656261745262,0.763463569292
0.656202980873,0.751847940362
0.656250260385,0.761351636559
0.656215394437,0.770855332315
0.656247550828,0.759239704896
0.656232766075,0.763463569732
0.656240256686,0.778247095904
0.65620128255,0.761351636874
0.656269554792,0.769799366987
0.656220693523,0.757127771597
0.656194136601,0.77719113045
0.656237275447,0.758183737806
0.656272249275,0.776135163171
0.656310874406,0.768743400463
0.656224332176,0.759239704015
0.656195543699,0.778247095904
0.656190578134,0.780359028448
0.65617465589,0.758183737617
0.6562274578,0.770855332441
0.656186379815,0.760295670476
0.656198608963,0.765575501836
0.656267659811,0.759239704455
0.656187060076,0.76557550171
0.656186126102,0.752903907641
0.656167151747,0.774023231068
0.656196353176,0.740232313007
0.656216485542,0.776135164241
0.656191163418,0.762407603083
0.656214269627,0.759239703826
0.65627829773,0.767687434254
0.656250398224,0.748680042805
0.656166249432,0.762407603208
0.656205714252,0.75501583943
0.656206883435,0.760295670539
0.656159882812,0.77191129865
0.65620797539,0.756071806269
0.656288527763,0.77085533307
0.656212604789,0.767687434128
0.656173606986,0.755015839304
0.656194373131,0.775079197717
0.656259309024,0.749736008574
0.656265866259,0.769799366861
0.656235588201,0.755015839178
0.656232664489,0.761351636559
0.656153277963,0.747624076281
0.656226782512,0.77719112938
0.656185341171,0.745512144178
0.656164548465,0.757127771848
0.656142931113,0.766631467856
0.656209504025,0.770855332441
0.656163233638,0.775079198032
0.65626979063,0.766631467793
0.656325249511,0.753959872969
0.656232132642,0.769799366672
0.656218059211,0.762407603397
0.656216612965,0.764519535627
0.656180508222,0.763463569732
0.656212048395,0.764519535501
0.65622833903,0.769799366106
0.65617818704,0.759239704141
0.656148156527,0.770855332315
0.656189748831,0.739176346797
0.656217890594,0.772967265614
0.656214670999,0.76663146729
0.656191880058,0.770855333196
0.656115544572,0.769799366672
0.656133483053,0.763463568977
0.656200378284,0.749736008888
0.656202705697,0.774023231634
0.656216080992,0.767687434443
0.656215209392,0.769799366546
0.656174345089,0.758183738246
0.656137856284,0.765575501584
0.656147311897,0.765575501836
0.656175408595,0.767687433687
0.656199507879,0.774023231697
0.656208289903,0.762407603334
0.656187923808,0.772967264985
0.656192224217,0.772967264544
0.656189264629,0.776135163171
0.65620301398,0.768743400337
0.656182551145,0.767687433813
0.656219928607,0.758183738687
0.656190748829,0.76451953506
0.656139646312,0.751847940362
0.656149002982,0.763463569292
0.656202035381,0.761351636999
0.656197426343,0.762407603523
0.656194912091,0.757127772163
0.656206771023,0.784582893914
0.656188398253,0.750791974153
0.656170941708,0.768743400652
0.656213320863,0.750791975223
0.656207466201,0.766631468045
0.656218608745,0.764519535753
0.656190345506,0.771911298524
0.656208750816,0.758183738246
0.656206218154,0.772967265173
0.656163987382,0.766631467478
0.656148381602,0.760295670979
0.656163511206,0.763463569543
0.656181848855,0.786694826206
0.656193900071,0.755015839178
0.656211918863,0.775079196962
0.656202829438,0.752903906571
0.656177676404,0.770855332692
0.656205773542,0.755015839745
0.656154560187,0.769799366987
0.656131140597,0.759239704896
0.656149756883,0.75923970477
0.656194468675,0.757127772478
0.656192030549,0.767687433813
0.656196429712,0.762407603208
0.656222810337,0.766631468359
0.65621827944,0.763463569732
0.656192735546,0.749736009014
0.656193499328,0.770855332441
0.656178916206,0.779303062239
0.656164340478,0.767687433813
0.656200553195,0.757127772163
0.65615689295,0.755015839619
0.656327897008,0.769799366861
0.65621827793,0.750791975097
0.656101479513,0.769799366987
0.65611255578,0.787750791471
0.656142503243,0.762407603083
0.656130143745,0.76557550215
0.656145011296,0.76557550215
0.656136458344,0.767687433687
0.656134812167,0.759239704455
0.656196381846,0.761351636433
0.656201090707,0.771911298524
0.656211881476,0.761351637125
0.656214732586,0.766631467919
0.656157311064,0.778247095778
0.656112865573,0.758183738687
0.656117513036,0.755015839619
0.656126145262,0.760295670979
0.656182588846,0.78247096074
0.656207074396,0.760295670224
0.65611403998,0.772967265173
0.656126151933,0.76557550171
0.656152071834,0.767687433499
0.656168723182,0.764519535501
0.656173854154,0.752903907516
0.65616430048,0.750791974783
0.656147930224,0.77191129909
0.656109225662,0.764519535627
0.656149182866,0.757127771722
0.656182704027,0.755015839934
0.656177088288,0.747624076155
0.656165851648,0.758183738372
0.656145553277,0.766631467919
0.656127123923,0.759239704267
0.656147726045,0.775079197906
0.656181442196,0.743400211319
0.656192401583,0.756071805513
0.656255671756,0.765575501962
0.656225654115,0.765575501836
0.656220083692,0.757127772163
0.65622417281,0.760295670476
0.656160792239,0.759239704455
0.656132297128,0.765575501395
0.656120078994,0.758183738687
0.656156792812,0.77085533285
0.656244346559,0.769799366357
0.656208299785,0.752903907012
0.656174609251,0.751847940803
0.656125186505,0.765575501269
0.656121670287,0.749736008133
0.656138242424,0.777191129569
0.65617281274,0.768743400022
0.656166959149,0.765575501836
0.656174911302,0.755015839304
0.656123199521,0.769799366546
0.656087793103,0.763463569732
0.656081265073,0.774023231068
0.656111890751,0.778247096219
0.656118092466,0.762407603208
0.656174662939,0.757127772163
0.656193167003,0.771911299405
0.656181717876,0.769799366546
0.65612785183,0.774023230942
0.656142568135,0.75501584006
0.656161603354,0.77085533285
0.656187537353,0.751847941432
0.656172120017,0.771911298964
0.65615847968,0.75395987341
0.656210294432,0.784582893033
0.656148796097,0.761351636685
0.656158617457,0.744456177528
0.656134945475,0.751847940992
0.656166149168,0.765575501836
0.656188128679,0.774023230942
0.656188331788,0.772967265299
0.656226068389,0.758183738057
0.656152975251,0.77613516336
0.656112133009,0.759239704896
0.656089343705,0.768743400274
0.656111125521,0.761351637125
0.656196617715,0.753959872969
0.656173785674,0.776135163486
0.656153669956,0.74762407625
0.656130794172,0.758183738687
0.656142967052,0.766631468171
0.65613209232,0.763463568851
0.656161061562,0.77719112938
0.656128805001,0.752903907201
0.656117478923,0.771911298964
0.656098422745,0.768743400778
0.656174729467,0.77613516336
0.656206328929,0.767687434254
0.65619114976,0.782470960615
0.656147452317,0.755015839304
0.656147993354,0.757127772352
0.656171470314,0.753959872969
0.656102814606,0.774023231068
0.65612493542,0.753959873725
0.656128678239,0.770855332441
0.656111774815,0.772967264859
0.656147507201,0.770855333196
0.65616226212,0.752903906886
0.656120895836,0.767687434128
0.656101872828,0.768743400022
0.656107421158,0.766631467478
0.65609829485,0.772967264733
0.656107263366,0.76557550171
0.65617010076,0.764519535941
0.65612854084,0.76663146773
0.656124513215,0.753959873851
0.656177640213,0.779303061987
0.6562655407,0.760295670224
0.656252312748,0.760295670224
0.65615610311,0.760295671105
0.656111522109,0.764519534871
0.656111375394,0.745512143863
0.656076064394,0.766631467604
0.65608386291,0.758183737806
0.656128235893,0.750791974468
0.656124986905,0.777191129569
0.656104958108,0.766631467604
0.656151498447,0.757127771408
0.656179322046,0.759239704015
0.656188281625,0.768743400022
0.656145862818,0.759239703826
0.656127268561,0.755015839745
0.656113111954,0.759239704455
0.656137622145,0.758183737617
0.656102910717,0.772967264544
0.656109480256,0.770855332881
0.656126450208,0.765575502025
0.656125709147,0.761351636559
0.656131696739,0.746568109632
0.656118411638,0.771911298964
0.656198225215,0.743400211634
0.656123059352,0.763463568851
0.656120565241,0.760295670664
0.656109288099,0.771911299279
0.656175376306,0.758183738246
0.656158730938,0.756071805828
0.656142898761,0.755015839745
0.656123885195,0.769799366231
0.656087767927,0.762407603208
0.656115977918,0.767687434443
0.656115812762,0.774023231823
0.656157375578,0.76557550108
0.656127732369,0.764519535941
0.656129356548,0.774023230753
0.656149068723,0.759239704141
0.656139362639,0.762407603334
0.65609259433,0.760295670664
0.6560899699,0.748680042459
0.656139423691,0.770855332755
0.656181544726,0.755015839745
0.656114456268,0.762407603523
0.656133369382,0.75923970477
0.656180992298,0.766631467478
0.656112887854,0.770855332126
0.656087309091,0.761351636559
0.656117653394,0.738120379959
0.656161166295,0.786694825577
0.656109409826,0.765575501836
0.656098418654,0.769799366672
0.656147250656,0.759239704581
0.656163161823,0.77824709603
0.656095307442,0.752903906886
0.656085240677,0.774023230753
0.656179960199,0.765575501269
0.656138721086,0.764519535941
0.656119552623,0.760295670224
0.656110833288,0.76557550215
0.65609245328,0.753959873095
0.656143075939,0.76029567079
0.656190915055,0.757127772037
0.656182471147,0.760295670759
0.656208151371,0.777191130324
0.656126245211,0.750791975034
0.656090289228,0.769799366546
0.656095057946,0.772967265488
0.656163484771,0.772967265173
0.656162051616,0.762407603397
0.656154358337,0.771911299059
0.656142417015,0.762407602642
0.656112535891,0.772967264859
0.656105976611,0.755015839178
0.656142798434,0.750791975223
0.656100438918,0.771911299059
0.656115585736,0.776135164241
0.656133483808,0.761351636748
0.65614065915,0.76029567035
0.656171175595,0.769799366231
0.656166608444,0.756071805954
0.656101089156,0.759239704896
0.656096025625,0.763463569606
0.656082283292,0.760295671105
0.656100765516,0.770855332441
0.656155449914,0.769799366357
0.656146608726,0.750791974783
0.656128255279,0.759239704581
0.65613745913,0.77719113045
0.656152457911,0.764519535312
0.656144606715,0.768743400148
0.656174471096,0.776135163801
0.656186247388,0.767687434443
0.656124541349,0.750791974909
0.65610740108,0.759239704455
0.656096584001,0.739176346609
0.65610770288,0.761351637125
0.656140689802,0.755015839304
0.656135683043,0.775079197906
0.656105099032,0.749736008699
0.65612550629,0.771911299279
0.656137505894,0.768743400022
0.656150903093,0.743400211004
0.65610450481,0.772967264859
0.656137250293,0.76451953506
0.656171877759,0.770855332692
0.65617017245,0.769799366231
0.656120178503,0.762407603083
0.656107537787,0.76029567079
0.656122930765,0.768743399896
0.65615178042,0.763463568662
0.656163582014,0.774023231068
0.656133837597,0.756071805828
0.656109171848,0.777191130136
0.656130213357,0.762407603083
0.656214518998,0.763463569732
0.656195925307,0.755015839871
0.656129460841,0.766631467478
0.656098602723,0.768743400463
0.656124588869,0.756071805954
0.65613652182,0.761351636874
0.656083545816,0.750791975223
0.656081542892,0.758183737932
0.656086150923,0.760295671105
0.656098602062,0.764519535627
0.656114839387,0.758183738246
0.656118610844,0.764519535375
0.656149039991,0.755015839304
0.656141477188,0.760295670759
0.656168154515,0.767687434569
0.656155977921,0.763463568977
0.656131302228,0.757127772037
0.656141362888,0.761351636999
0.656103091545,0.775079197151
0.656086996025,0.769799366231
0.656123619271,0.748680042365
0.656109065793,0.763463569732
0.656112293539,0.757127772163
0.656082262081,0.778247095778
0.656102558061,0.761351637188
0.656144228568,0.758183737932
0.65611941963,0.761351636874
0.656147104823,0.768743400337
0.656176140971,0.756071805954
0.656128118226,0.758183738687
0.656141008312,0.77085533307
0.656110904096,0.756071805954
0.656100417014,0.766631468013
0.656115508822,0.766631467919
0.656135304142,0.771911298964
0.656092458126,0.762407603334
0.656100918272,0.772967265173
0.65607590119,0.770855332315
0.656090548417,0.750791975223
0.656129208261,0.770855332629
0.656108637986,0.768743399896
0.656067915741,0.764519535815
0.656104411533,0.767687433687
0.656092275221,0.746568109632
0.6560739309,0.764519534871
0.656119029336,0.771911299405
0.656107820012,0.760295671105
0.656081872669,0.767687434443
0.656136085831,0.764519535753
0.656126782723,0.768743400337
0.656104449108,0.750791975223
0.656080441024,0.756071805828
0.656106092736,0.756071805954
0.656066306793,0.751847941244
0.656068976666,0.758183737932
0.656090922819,0.761351637188
0.656054125668,0.766631468359
0.656093489029,0.755015839399
0.656124681581,0.768743400778
0.656111500772,0.761351637188
0.656095870949,0.766631468045
0.656071608208,0.767687434128
0.656072342597,0.758183738372
0.656105555539,0.759239704015
0.6561322734,0.763463569732
0.65608508169,0.759239704581
0.656075484335,0.753959872781
0.656103464215,0.770855332566
0.656127893748,0.750791974909
0.65613854693,0.761351636559
0.656091270628,0.757127771722
0.65607132101,0.752903907201
0.65614426778,0.768743400778
0.656138285475,0.765575501395
0.656117847691,0.76768743438
0.656090046561,0.761351636685
0.656117757592,0.76029567079
0.656108884021,0.769799366106
0.656100091171,0.765575501269
0.656090291085,0.767687433939
0.656091211779,0.766631467604
0.656145831033,0.770855332126
0.656108869293,0.741288279216
0.656133611955,0.769799366231
0.656109522175,0.767687433687
0.656097414501,0.755015839399
0.656112686885,0.762407603208
0.656073558733,0.763463568977
0.65607276518,0.758183738372
0.656098702389,0.759239704581
0.65610121447,0.761351637125
0.656119442918,0.775079197151
0.656090101508,0.769799366798
0.656069962251,0.747624076155
0.656076188702,0.76663146729
0.656089849684,0.756071805513
0.656108735418,0.777191129569
0.65610597252,0.774023231068
0.656092888765,0.766631467478
0.656069579132,0.73178458239
0.656074828495,0.782470961055
0.656092091246,0.767687433813
0.656080111657,0.769799366798
0.656113727134,0.763463569732
0.656113965207,0.763463569732
0.656100976241,0.761351636874
0.656091327841,0.759239704896
0.656107365896,0.77191129909
0.65610604081,0.775079197592
0.656110727988,0.748680042805
0.656078841958,0.77085533307
0.656105826561,0.758183737932
0.656111678075,0.779303062428
0.656094125231,0.765575501269
0.656076022224,0.770855332881
0.656082714608,0.746568109506
0.656079858825,0.763463569606
0.656135228456,0.77719113045
0.656147060072,0.749736008574
0.656088546627,0.766631468013
0.656079048844,0.768743400337
0.656094368811,0.755015839745
0.656080661379,0.768743400589
0.656071997369,0.763463569292
0.656071767888,0.759239704015
0.656072242648,0.769799365917
0.656089857362,0.757127771722
0.65609071329,0.758183738246
0.656049276796,0.764519535941
0.656038455185,0.778247096534
0.656068482646,0.757127771911
0.656080345544,0.764519535815
0.656103724663,0.758183737617
0.656066897427,0.749736008259
0.656090195667,0.750791974153
0.65607805473,0.772967264859
0.656079268946,0.769799366106
0.656084859069,0.763463569606
0.656091241864,0.757127772478
0.656111102736,0.767687433687
0.656128788699,0.774023231823
0.656108857523,0.768743400337
0.656054445972,0.763463568977
0.656050203783,0.769799366987
0.656068780165,0.765575501962
0.656109072842,0.774023231445
0.656097127744,0.785638860123
0.656072642635,0.75290390676
0.656072617269,0.768743400778
0.65605294717,0.759239704896
0.656058122956,0.745512143297
0.656066068815,0.769799366231
0.656060497197,0.76557550108
0.656110676251,0.764519535501
0.656113568807,0.764519535501
0.656107423801,0.758183737617
0.656145812717,0.748680042176
0.656195740954,0.777191129695
0.656083266203,0.766631467478
0.65602791473,0.764519535501
0.656027735287,0.763463569418
0.656042098684,0.753959872969
0.656052508034,0.763463568851
0.656064802326,0.76663146773
0.656078132241,0.762407602453
0.65608103877,0.772967265173
0.65616660536,0.767687434569
0.65608334812,0.747624076281
0.656072941476,0.767687433813
0.656047833885,0.76557550171
0.65604936614,0.764519535375
0.65605792592,0.767687433687
0.656094829283,0.769799366987
0.656080972494,0.755015839619
0.656045461217,0.775079198032
0.656037451096,0.749736008668
0.656060251414,0.75501583899
0.656083567593,0.752903907641
0.656101685895,0.767687433813
0.656118310744,0.745512143863
0.656136291332,0.771911299279
0.656093125547,0.737064414505
0.656060826501,0.774023231697
0.656047539953,0.764519535815
0.65604803177,0.757127771722
0.656080578801,0.782470961055
0.656062853689,0.774023231068
0.656038283798,0.76029567079
0.656089629266,0.752903907201
0.656079246477,0.769799366546
0.656060926325,0.759239704896
0.656051513638,0.756071805828
0.656057803533,0.749736008699
0.656091788062,0.77613516336
0.656044978589,0.753959873504
0.65602878847,0.782470960615
0.656047741551,0.744456177528
0.656115438958,0.769799366672
0.656157087185,0.758183737932
0.656099004944,0.769799365917
0.656057443765,0.748680042176
0.656012922431,0.785638859368
0.65602480056,0.757127772289
0.656057085256,0.768743400022
0.656091705987,0.760295670664
0.656079363168,0.762407602642
0.656062158511,0.756071805923
0.656115590078,0.766631467793
0.656090314656,0.764519535941
0.656070639239,0.764519535941
0.656077347059,0.744456177654
0.656076116415,0.767687433687
0.656016679349,0.771911299216
0.656047267672,0.76451953506
0.656069930151,0.76451953506
0.656065953508,0.748680042616
0.65608690967,0.772967264985
0.656116950694,0.76979936642
0.656095033777,0.779303062113
0.656054643039,0.752903907641
0.656062023504,0.756071805828
0.656041175788,0.767687433813
0.656024680848,0.780359028259
0.656051264708,0.759239704581
0.65604143227,0.781414994657
0.656076686372,0.76451953506
0.656131881469,0.756071806269
0.656087485261,0.751847940803
0.65610230183,0.776135163801
0.656066017518,0.760295670224
0.656082611653,0.763463569732
0.656036696628,0.752903907327
0.656033423534,0.76029567035
0.656035095862,0.768743400778
0.656074877714,0.775079197151
0.656103610804,0.763463568977
0.656120080316,0.762407602642
0.656127297261,0.768743399708
0.656125074077,0.763463569292
0.65602979942,0.766631467919
0.65601624849,0.778247095778
0.656020723464,0.763463568851
0.656040335218,0.766631468359
0.656085574514,0.750791974909
0.656045155075,0.764519535627
0.656026592413,0.770855332755
0.656065469511,0.768743400211
0.656066121244,0.767687434569
0.656055716678,0.769799366546
0.656058498144,0.768743399896
0.656037908421,0.734952481646
0.656076265678,0.783526926824
0.656034813323,0.755015839871
0.656030342534,0.751847940677
0.656044760312,0.776135163612
0.656058002047,0.756071805388
0.656048619445,0.764519535627
0.656072226724,0.780359029078
0.6560961837,0.769799366231
0.656092785354,0.770855332881
0.65604900697,0.767687434569
0.656034115061,0.77719113045
0.656022053019,0.756071805828
0.656032011841,0.759239704581
0.656057945778,0.76557550215
0.656107587856,0.763463569292
0.6560701461,0.776135163171
0.656087041027,0.764519535627
0.656163936621,0.769799366987
0.656095719954,0.751847940992
0.656030111731,0.770855332566
0.656027326551,0.753959872969
0.656044302168,0.77085533307
0.656081587296,0.756071806143
0.656061978187,0.759239704015
0.656044061421,0.75501584006
0.656083324517,0.76557550215
0.65609307809,0.768743400652
0.656070740636,0.756071805388
0.656062248138,0.775079198032
0.656110343107,0.76663146729
0.656129604723,0.74762407647
0.656102380569,0.771911298335
0.656100225864,0.763463569418
0.656098438921,0.770855332755
0.65608814494,0.768743399896
0.656074778394,0.768743400778
0.656077989681,0.759239704392
0.656108635658,0.748680042459
0.656064896737,0.77191129909
0.656020379369,0.761351637314
0.65603324302,0.774023230753
0.656055823991,0.766631467478
0.656062404608,0.778247096534
0.656074826607,0.775079197906
0.656058245438,0.74868004249
0.656041434914,0.766631468359
0.656044305252,0.76451953506
0.656053887753,0.777191129695
0.656064639311,0.745512143832
0.656064963202,0.759239704896
0.656089483102,0.767687434443
0.656070506434,0.768743400589
0.656043712919,0.74762407625
0.656063225289,0.772967264733
0.656047381217,0.769799366987
0.656054262689,0.777191129695
0.656068624451,0.750791974594
0.656076272161,0.769799366106
0.656071609089,0.763463569606
0.656079791793,0.774023231068
0.656063410712,0.744456177969
0.65603905463,0.753959873095
0.656071715269,0.762407602768
0.656027341027,0.757127772163
0.656023217544,0.766631468359
0.656057245125,0.770855332755
0.656049553545,0.769799366546
0.65604879121,0.768743400463
0.656051194718,0.753959873851
0.656102561774,0.761351636559
0.656043077409,0.745512143548
0.656032411828,0.779303062554
0.656035524991,0.760295670224
0.656095223102,0.76557550171
0.656076989682,0.767687433687
0.656061782882,0.766631467919
0.656052792714,0.756071805765
0.656051127938,0.769799366231
0.65602728073,0.761351636244
0.656010725053,0.76557550171
0.656020358661,0.734952481646
0.656045591063,0.779303062554
0.656084180445,0.762407603397
0.656089504801,0.776135163486
0.65606404232,0.763463569103
0.656042805317,0.775079198032
0.656021079582,0.769799366987
0.656051412996,0.776135163675
0.656057481277,0.766631468359
0.65607289276,0.758183737932
0.656040347617,0.751847941244
0.656046298074,0.774023231382
0.656046196614,0.768743400778
0.656033538589,0.74868004249
0.65604527271,0.760295670476
0.656044430567,0.761351636244
0.656021272148,0.756071806143
0.655990225398,0.765575501521
0.655999260002,0.762407603083
0.656032840768,0.787750792415
0.656078912263,0.757127772289
0.656083140227,0.771911298524
0.656067468234,0.761351636433
0.65606588528,0.780359029078
0.656109845374,0.771911299405
0.656093208188,0.772967265173
0.656057038302,0.777191130136
0.656066317304,0.758183738687
0.656035617702,0.761351636559
0.656017599476,0.777191129569
0.65602253829,0.755015839871
0.656045112527,0.777191130136
0.656038393755,0.746568110072
0.656018865146,0.771911298524
0.656024666812,0.749736008259
0.6560325114,0.772967264859
0.656054646186,0.760295670035
0.656087788445,0.766631468359
0.6561094401,0.756071805639
0.656101554034,0.765575501269
0.656069981888,0.769799366106
0.656031224582,0.769799366357
0.656009693961,0.748680042239
0.656016470512,0.775079197717
0.656015500411,0.75501583943
0.656025151265,0.770855332441
0.656029911958,0.76557550215
0.656025024503,0.761351636559
0.656035149991,0.762407603334
0.656064661591,0.760295670476
0.656057701884,0.767687434569
0.656057291291,0.768743400337
0.6560674812,0.760295670664
0.656085500621,0.756071805513
0.65606432593,0.767687434254
0.656049043412,0.760295670979
0.656034529146,0.758183738057
0.656047390847,0.753959873504
0.656049746583,0.772967265173
0.656053662174,0.769799366861
0.656095556372,0.761351636874
0.656065810192,0.775079198032
0.656057871005,0.762407602768
0.65604397022,0.765575501269
0.6560903539,0.769799366672
0.656055507873,0.761351636874
0.656005881719,0.758183738687
0.656034245222,0.762407602642
0.656025957533,0.763463569732
0.656022304529,0.769799366546
0.656021441993,0.766631467478
0.656104102935,0.763463569732
0.656052698996,0.755015839178
0.656015192757,0.780359028322
0.656028721187,0.750791975223
0.656039573071,0.767687433813
0.656038733697,0.770855332315
0.656034673532,0.765575501395
0.656060316243,0.751847941118
0.656051623343,0.77719112938
0.656027160734,0.760295670664
0.655995776371,0.766631467478
0.656037923338,0.758183737932
0.656044525607,0.750791974594
0.656043002573,0.755015839619
0.656061017715,0.780359028196
0.656057582423,0.76557550171
0.656037350391,0.764519535501
0.65601978798,0.765575501269
0.656015278923,0.769799366231
0.65610572894,0.758183738687
0.656093263953,0.750791974342
0.656040310986,0.774023231697
0.656024663665,0.764519535815
0.65602727922,0.751847941432
0.656059658892,0.763463568977
0.656053229647,0.762407603523
0.656030341778,0.774023230942
0.656061400078,0.757127772037
0.656036082014,0.759239704896
0.656049935531,0.753959873536
0.656066165114,0.766631468359
0.65604758398,0.760295670224
0.656008919038,0.770855332881
0.656009171115,0.769799366231
0.656014785847,0.75501584006
0.656011439868,0.77085533307
0.656038395643,0.751847941432
0.656046830362,0.771911299405
0.656035231877,0.758183738246
0.656036405497,0.767687433687
0.656068859407,0.756071805639
0.656052525595,0.768743400022
0.65603769499,0.75395987341
0.656041664898,0.763463569732
0.656054146942,0.747624075841
0.656019469123,0.772967265173
0.656023323756,0.757127771597
0.65601970515,0.756071806269
0.656038194674,0.772967264859
0.656051109119,0.768743399896
0.656041822061,0.772967265299
0.656036719224,0.762407602642
0.656036804067,0.766631467919
0.656020559001,0.769799366861
0.656045934404,0.756071805828
0.656044642361,0.771911299279
0.65602610431,0.758183738246
0.656014731655,0.779303062868
0.656015173624,0.736008448296
0.656050449125,0.770855332755
0.656091784034,0.766631467919
0.656106421191,0.763463569418
0.656086882165,0.762407603523
0.656042466697,0.763463568977
0.656064683621,0.765575501521
0.656054748401,0.758183738246
0.655998355484,0.775079198032
0.655980099091,0.759239704581
0.655993452797,0.771911298964
0.65600120373,0.755015839619
0.656041258995,0.764519534871
0.656086152559,0.757127772478
0.656072321701,0.760295670224
0.656048101382,0.758183737806
0.65604230878,0.774023230753
0.656031945848,0.766631467919
0.656034397097,0.747624075526
0.656069407367,0.749736008259
0.656049587344,0.764519535186
0.656056570214,0.762407603208
0.656064560006,0.78352692695
0.656043176918,0.74868004205
0.656058146181,0.759239704896
0.656060511799,0.757127772037
0.656058563004,0.770855332755
0.656061532883,0.767687434443
0.656030872304,0.753959873725
0.656006440064,0.763463569418
0.656053922937,0.749736008574
0.656031806781,0.766631467478
0.656015398069,0.761351636874
0.656013406884,0.75290390676
0.656017295788,0.774023231697
0.656026941922,0.764519535627
0.656047903182,0.771911299405
0.656030041363,0.755015839178
0.656034192352,0.75501583899
0.656020716541,0.761351636433
0.656033702486,0.766631468234
0.656039346297,0.748680042616
0.656035948454,0.776135163171
0.656033653455,0.758183737617
0.656018946969,0.77613516336
0.655998657913,0.749736009014
0.655981802135,0.77719112938
0.656004594901,0.742344244481
0.656032393261,0.77085533307
0.65606145899,0.741288278901
0.656059996883,0.776135163486
0.656045513647,0.769799366987
0.656105222143,0.761351636433
0.656045188055,0.770855332566
0.655985914415,0.760295670539
0.655981383706,0.764519535627
0.655985493028,0.770855332755
0.656030393264,0.741288279153
0.656060610899,0.779303062302
0.656051097349,0.756071806269
0.656029231886,0.770855332441
0.656020293014,0.76557550215
0.656011463219,0.755015839713
0.656014504755,0.766631467919
0.655999705243,0.764519535501
0.656081061429,0.763463568662
0.656057767751,0.775079198032
0.656063530047,0.752903907295
0.656062177141,0.772967265614
0.656073189965,0.770855332755
0.656020112627,0.761351636433
0.655972436904,0.756071805828
0.655994040347,0.771911298524
0.656018733223,0.765575501836
0.656034370536,0.766631468234
0.656053882214,0.763463569732
0.656018961445,0.770855332629
0.656016474037,0.762407602453
0.656037776372,0.762407602768
0.656041361462,0.751847941432
0.656010822233,0.763463568977
0.656011105968,0.762407603397
0.656009893923,0.762407603083
0.655989540542,0.769799366231
0.655996715538,0.77085533307
0.655986584164,0.775079197403
0.655997444294,0.759239704896
0.656053562791,0.757127771722
0.656044636193,0.746568109506
0.656037202481,0.763463569606
0.656032475146,0.759239704267
0.656044726387,0.76029567035
0.656017767338,0.768743400148
0.656023535519,0.749736008699
0.656040370968,0.781414994972
0.656036319898,0.751847940551
0.656001612402,0.772967265299
0.656017063915,0.756071805828
0.656011435084,0.767687434254
0.656017602686,0.77719113045
0.656045818593,0.753959873095
0.656035502647,0.763463569292
0.656029998941,0.776135164241
0.656027386596,0.752903906571
0.656019662602,0.775079198032
0.656006529754,0.768743400463
0.655996097557,0.749736008133
0.655996725073,0.764519535501
0.655997379277,0.760295670664
0.656019694198,0.749736009014
0.656004195669,0.765575501836
0.656021705997,0.757127771597
0.656022931354,0.782470961055
0.656018197033,0.751847941244
0.656031220365,0.752903907641
0.656027419703,0.769799366546
0.656006365354,0.774023231382
0.65602098964,0.761351636874
0.656034884319,0.76979936642
0.656017460692,0.759239704141
0.656018807178,0.764519534871
0.656038434667,0.757127772478
0.656020813595,0.759239704455
0.656008414145,0.762407603083
0.656006370641,0.763463568977
0.656027511659,0.757127772289
0.656036875694,0.777191129695
0.656038469882,0.762407602642
0.656006883606,0.757127771597
0.656021224596,0.758183738372
0.656050121835,0.764519535186
0.656069096945,0.778247096219
0.6560429171,0.756071806269
0.656005907021,0.769799366231
0.655983567741,0.771911299405
0.656004847921,0.76557550108
0.656063952189,0.763463569732
0.656049825574,0.745512143863
0.656032519519,0.785638859682
0.656002331372,0.774023231257
0.656027516946,0.765575501395
0.656029452618,0.763463569543
0.656021123514,0.753959873536
0.656028663848,0.77191129865
0.656000830744,0.76663146729
0.656003977643,0.762407603083
0.656029646538,0.764519535941
0.656009990852,0.767687434569
0.656011388005,0.766631467919
0.656057924819,0.757127771597
0.656055205223,0.767687434254
0.656065080523,0.749736008259
0.656010105215,0.77085533285
0.655985762854,0.761351636874
0.656053254886,0.762407602453
0.656035860212,0.777191130136
0.656003740861,0.77085533307
0.656024909699,0.767687433939
0.656051545926,0.763463569732
0.656026127283,0.764519535375
0.656004902554,0.768743400463
0.656012500226,0.759239704015
0.656049856163,0.763463569543
0.656012834377,0.75501583943
0.655996756481,0.750791975223
0.656014600047,0.769799366546
0.656068445102,0.771911298838
0.656021624394,0.771911298964
0.6560171858,0.759239704896
0.656040858568,0.766631468171
0.656058092492,0.758183738498
0.656050614596,0.770855332629
0.656043718017,0.757127771597
0.656025624389,0.750791974783
0.656030830511,0.749736007944
0.655984870672,0.763463569606
0.655998597112,0.751847941432
0.656001875934,0.751847941432
0.655998034047,0.761351636748
0.656005397895,0.745512144178
0.655998921067,0.767687433499
0.655986319657,0.749736009014
0.655996555889,0.781414994846
0.656009931373,0.759239704329
0.656024462066,0.764519535627
0.656030320064,0.769799365917
0.656049022012,0.769799366546
0.656031208532,0.762407603208
0.656015618298,0.768743400652
0.65601272549,0.759239704015
0.656011519173,0.756071805513
0.656012618177,0.763463569292
0.656033732257,0.762407603523
0.656031296963,0.750791974342
0.656003561292,0.772967265614
0.656010103704,0.762407602768
0.655999030584,0.776135163612
0.656001645761,0.746568109758
0.65601283658,0.77824709603
0.656001693784,0.780359028889
0.656006517607,0.75079197472
0.656020707855,0.763463569606
0.656010848857,0.770855332441
0.655994786821,0.76451953506
0.656001641481,0.75501584006
0.656016191749,0.749736008385
0.656004107238,0.785638859242
0.656018736685,0.752903907012
0.656022574355,0.769799366231
0.65598926908,0.759239704896
0.656029014237,0.766631467478
0.656021513556,0.768743400022
0.65601209319,0.757127772352
0.656028784064,0.768743400337
0.656039855233,0.763463569543
0.65605194585,0.763463569386
0.656002125116,0.771911298964
0.656007892227,0.744456176899
0.656023266197,0.775079197277
0.656012501422,0.756071805639
0.655987638858,0.781414994972
0.656010149839,0.755015839871
0.656019113258,0.767687434569
0.656018678779,0.753959873536
0.65604958212,0.76451953506
0.656007396067,0.745512143832
0.65597922277,0.785638860123
0.655988063392,0.74868004205
0.656003760876,0.778247095589
0.656020893592,0.751847940803
0.656024685128,0.769799366546
0.656025219429,0.752903907641
0.656006619067,0.767687434569
0.655983823343,0.774023231257
0.656000813058,0.761351637314
0.656042781337,0.759239704141
0.656029394902,0.758183738246
0.656006457058,0.766631467478
0.655995659554,0.749736007944
0.656008786202,0.783526927705
0.656004239916,0.763463569606
0.656051483111,0.765575502025
0.656070274467,0.76557550215
0.656014624782,0.762407603208
0.655989656101,0.745512143863
0.655992062379,0.763463569103
0.656050049264,0.762407602768
0.656024732522,0.780359028637
0.655968634418,0.759239704455
0.655952607188,0.785638860123
0.655984188523,0.770855332881
0.656016560958,0.767687433499
0.65600013179,0.769799366546
0.656021613506,0.763463569732
0.656092350687,0.761351636999
0.65608030501,0.768743400022
0.656018721453,0.763463569418
0.655990498496,0.74868004205
0.656000683275,0.760295670539
0.656008914947,0.769799366106
0.65598372012,0.755015839619
0.655979705493,0.759239704015
0.655987680714,0.769799366106
0.656012754569,0.747624075841
0.656014145868,0.770855332881
0.656012920732,0.759239704141
0.655990833718,0.759239704141
0.655979901521,0.774023231823
0.656019924057,0.770855332755
0.656011533649,0.76557550215
0.656005847983,0.772967265614
0.656015832233,0.763463569732
0.656009158716,0.755015839934
0.656024959737,0.760295671105
0.656028021162,0.768743399708
0.656009230814,0.765575502025
0.656014364524,0.767687433813
0.656039964498,0.763463569732
0.656054909529,0.756071805828
0.656045138899,0.779303061987
0.655995958773,0.768743400337
0.655996692911,0.753959873536
0.655991627838,0.767687434254
0.656029505803,0.74762407647
0.656014406001,0.780359028889
0.656006707876,0.750791974153
0.656003850944,0.779303061798
0.656016484611,0.758183738057
0.656013218566,0.775079197906
0.656006653873,0.741288278272
0.655992170574,0.762407603208
0.655983343421,0.742344244921
0.655983162782,0.766631468359
0.655965225938,0.742344244921
0.655991101152,0.782470961055
0.655992108451,0.755015839493
0.655983089645,0.774023231257
0.655988293565,0.750791974468
0.655996243767,0.764519535627
0.655987037021,0.752903906571
0.655999686109,0.756071805513
0.656017057055,0.768743400463
0.656043616526,0.764519535815
0.656018170031,0.775079197592
0.655986297848,0.756071805639
0.655978006257,0.777191129695
0.655982882194,0.760295670476
0.656027573246,0.757127772037
0.655999232685,0.772967265614
0.655965429582,0.759239704896
0.655985520942,0.746568110072
0.656003462349,0.769799366546
0.656022392961,0.756071805388
0.656018058249,0.767687434222
0.656033885643,0.778247096093
0.656007203406,0.757127772163
0.655978586694,0.760295670759
0.655966027171,0.776135164241
0.655976969123,0.759239704896
0.656023092544,0.767687434569
0.656066809625,0.767687433687
0.656019096641,0.766631467919
0.655997034552,0.760295671105
0.655996394006,0.76451953506
0.655980129554,0.74762407647
0.655973273006,0.740232312818
0.656013730839,0.765575501395
0.656044216443,0.767687434254
0.656032634637,0.76768743438
0.655969864967,0.758183738687
0.65595832401,0.771911298964
0.655979312398,0.77613516336
0.656042429814,0.756071805513
0.656019084305,0.768743400463
0.656001247033,0.768743399708
0.655992096493,0.764519535627
0.656013985055,0.759239704267
0.656009843697,0.783526927264
0.656016335505,0.756071805828
0.656025680846,0.772967265425
0.655984579824,0.768743400778
0.656020105137,0.765575501395
0.656020463457,0.764519535941
0.655985355818,0.745512144052
0.656000859005,0.757127771722
0.656011981376,0.769799366861
0.656004695857,0.775079197592
0.656006960708,0.771911299405
0.65599184322,0.759239704015
0.655980201747,0.762407602957
0.65597519225,0.767687433499
0.655999507861,0.759239704455
0.656002947433,0.77719113045
0.656003027368,0.760295670224
0.656032742958,0.744456177088
0.656021927956,0.752903906886
0.656017105645,0.768743400652
0.656000771958,0.781414994846
0.655997545629,0.764519534871
0.655983182546,0.762407602642
0.655966139897,0.761351636559
0.655954039021,0.762407603083
0.65597238051,0.763463569292
0.656003249925,0.770855332441
0.656017683753,0.762407603208
0.656014946062,0.776135164241
0.65600300408,0.760295670916
0.656008661863,0.774023231697
0.656006920615,0.759239704581
0.655992017062,0.766631467604
0.656001478906,0.756071805388
0.655986543945,0.771911298524
0.655977738571,0.763463569292
0.655987664349,0.758183738372
0.656004496399,0.764519535627
0.655996282728,0.758183737932
0.656003388709,0.766631468045
0.655984257978,0.759239704141
0.656003650416,0.782470960615
0.656004327561,0.764519535941
0.655992382746,0.762407602453
0.655980360577,0.761351636559
0.656026610524,0.766631468234
0.656026001276,0.753959873851
0.656044086219,0.750791975223
0.656006021447,0.762407602642
0.655969062791,0.763463568977
0.655972351683,0.764519535627
0.655994681207,0.771911298335
0.656004557325,0.76029567079
0.656037239049,0.778247095904
0.656012112827,0.771911298775
0.656002689755,0.765575501836
0.655974048873,0.767687433813
0.655969130892,0.751847940551
0.655974307999,0.758183737932
0.655975974789,0.768743399896
0.655992370473,0.769799366231
0.656019067878,0.751847941244
0.655991955758,0.763463568977
0.65599457811,0.771911299405
0.656001769628,0.775079197151
0.655984961244,0.762407603523
0.655962609439,0.752903907201
0.655966449124,0.78247096137
0.655979148123,0.752903906571
0.65599304809,0.774023230753
0.656026542438,0.752903906886
0.656007250045,0.771911298335
0.656018000092,0.763463569418
0.656015955659,0.763463569292
0.656017719315,0.772967265488
0.656009162177,0.757127772478
0.655972603728,0.768743400778
0.655966382218,0.771911298775
0.65598870035,0.753959873221
0.655984984847,0.778247096313
0.655973073107,0.763463569166
0.655973724415,0.759239703826
0.655960413949,0.764519535815
0.655965341938,0.755015839871
0.655996281532,0.761351637314
0.656001081027,0.763463568851
0.656004331998,0.749736008825
0.655990932125,0.772967264733
0.655987746298,0.756071806269
0.655999904198,0.777191130136
0.655994110462,0.749736009014
0.655999528191,0.774023231068
0.656016114206,0.749736008888
0.656004739601,0.770855333196
0.656002141166,0.763463568662
0.655992661761,0.749736009014
0.655973525523,0.749736008699
0.655948291485,0.778247095904
0.655951615687,0.752903907641
0.655974872072,0.75923970455
0.655969576385,0.762407603208
0.656011582994,0.760295670759
0.655996604794,0.762407602642
0.656010981157,0.751847940992
0.656005804365,0.76029567079
0.656025856702,0.768743400463
0.65598908221,0.770855333196
0.655973371917,0.762407603523
0.655966020877,0.768743400463
0.65598131743,0.772967265614
0.65600822235,0.772967265614
0.656015409587,0.781414995287
0.655984164103,0.758183737932
0.655983011473,0.767687434128
0.65598225795,0.761351636999
0.656009393924,0.758183737932
0.656003984755,0.757127772163
0.656015334311,0.774023231823
0.656011884228,0.741288279027
0.655984812988,0.762407602768
0.655966219076,0.76663146773
0.655956542731,0.761351637188
0.655968698869,0.759239704455
0.655991421896,0.759239704015
0.655991444114,0.764519535627
0.65598874359,0.77719113045
0.655965919731,0.771911298775
0.656008643925,0.761351636748
0.656024390818,0.769799366546
0.656004927038,0.77085533307
0.655987331268,0.765575501269
0.655963338668,0.768743400463
0.655963809525,0.780359029078
0.655973215101,0.760295670035
0.655978262015,0.765575501395
0.655970340483,0.776135163486
0.655965199314,0.759239704141
0.655964079477,0.763463569292
0.655972022001,0.769799366546
0.655988388165,0.762407602894
0.656002330302,0.75290390676
0.65599179592,0.766631467604
0.655998856364,0.75923970477
0.655997746157,0.766631468359
0.655980516198,0.764519535595
0.655969078715,0.780359028008
0.655959898466,0.758183738498
0.655989418091,0.772967265488
0.655979327944,0.766631468045
0.655988313077,0.776135163486
0.655978451875,0.733896514808
0.655986428827,0.770855332126
0.656015038553,0.770855332755
0.656013808633,0.764519535186
0.6559944195,0.747624075841
0.655990571633,0.776135164241
0.65598145848,0.763463568977
0.655980818753,0.760295670664
0.655985533121,0.757127772478
0.655986989124,0.770855332755
0.656029778839,0.752903906886
0.655990904714,0.784582893599
0.655971775526,0.750791974783
0.65597085244,0.760295671105
0.655995960283,0.766631468171
0.656027984846,0.770855332692
0.655998129905,0.757127772478
0.655974421229,0.759239704141
0.655986774906,0.742344244984
0.655984753792,0.778247096345
0.655981609914,0.747624076407
0.655982944033,0.78247096074
0.655976506951,0.775079197717
0.655996922581,0.76557550171
0.655977119048,0.760295670476
0.655970253058,0.762407602768
0.655984415424,0.749736008133
0.655979539739,0.77085533307
0.655981147113,0.755015839304
0.656009869062,0.761351637125
0.65602556963,0.77613516336
0.656010292777,0.767687433687
0.655975458677,0.763463568977
0.65597383796,0.753959873851
0.655963595087,0.763463569732
0.655973961386,0.765575501962
0.655969042146,0.762407603208
0.655967864655,0.760295670035
0.655994754658,0.74340021113
0.655987417213,0.753959873536
0.656003085273,0.764519535815
0.655999198005,0.766631467604
0.655972773007,0.768743399896
0.655969811719,0.749736008668
0.656061645987,0.760295671105
0.656024322213,0.778247096659
0.655968171931,0.769799366641
0.655966087971,0.762407603397
0.655957125623,0.763463569292
0.655959410929,0.762407602768
0.655981280484,0.761351636874
0.655986376964,0.766631468359
0.655981351858,0.756071805954
0.655978294713,0.775079197592
0.655996704932,0.749736009014
0.655987699092,0.766631468045
0.655987144398,0.774023231634
0.655990533743,0.776135163171
0.656016601366,0.779303062239
0.65599791767,0.76979936642
0.65597229082,0.761351636999
0.655995962864,0.757127772352
0.655987018517,0.768743400148
0.655964239409,0.768743400778
0.655981467921,0.760295670759
0.655971323928,0.769799366106
0.655986256244,0.752903907327
0.65599719612,0.78880675831
0.655979661592,0.775079198032
0.655981908819,0.764519535501
0.655995170506,0.757127772037
0.655975932871,0.776135163927
0.656005230474,0.763463568977
0.655986466655,0.750791974909
0.655990909813,0.765575501962
0.655969111884,0.766631467919
0.655945130424,0.764519535627
0.655950401502,0.759239704141
0.655964941573,0.761351637314
0.655979480386,0.781414994405
0.655983582784,0.75818373812
0.655982061827,0.757127771911
0.655994839502,0.759239703826
0.655984580013,0.755015839493
0.655961801031,0.750791975097
0.655948877838,0.770855332441
0.655986628978,0.763463569732
0.656028629168,0.752903906886
0.65601886351,0.759239704581
0.655961978901,0.760295670476
0.655944011688,0.764519535375
0.655950323015,0.76557550108
0.655974380098,0.757127772352
0.65597218017,0.762407603083
0.655960637576,0.775079197906
0.655965328626,0.752903907201
0.655958832191,0.767687433813
0.655987967408,0.76029567035
0.656000140539,0.76451953506
0.655973609171,0.758183738687
0.655954984954,0.769799366798
0.655991998872,0.764519535815
0.655996525615,0.75923970477
0.655985388673,0.768743399896
0.656026885905,0.752903907641
0.656008271443,0.760295670539
0.655964537747,0.768743400463
0.655969414754,0.769799366672
0.655989745854,0.766631467478
0.655987409692,0.763463568851
0.655979336315,0.770855333196
0.65597372152,0.759239704581
0.655973180861,0.770855332755
0.655962956934,0.759239704141
0.655951112477,0.76451953506
0.6559722005,0.74340021113
0.655992222027,0.778247095778
0.656006350626,0.771911299279
0.655998894254,0.762407603083
0.655979342294,0.749736008259
0.655983355191,0.769799366861
0.655963262698,0.764519534871
0.65597141494,0.768743400463
0.656029135964,0.766631468359
0.655996361214,0.769799366231
0.655982412783,0.763463569103
0.655977957667,0.753959873536
0.65596946926,0.760295671105
0.655984922473,0.765575501395
0.655966942703,0.760295670224
0.655957701151,0.75501584006
0.655961677102,0.772967264733
0.655960705867,0.760295670979
0.655963840366,0.772967265048
0.655959837603,0.745512143737
0.655960601386,0.76663146729
0.655997052175,0.76663146729
0.65599970027,0.767687434254
0.655985244193,0.755015839493
0.655966991545,0.763463568851
0.655969620632,0.753959873221
0.65597661288,0.777191129695
0.655980900575,0.771911298964
0.656015907541,0.764519535501
0.65600379927,0.750791975223
0.655974346456,0.759239704141
0.655965114345,0.75501583943
0.655972050009,0.786694826332
0.65596706657,0.764519534871
0.655953479134,0.772967265614
0.655970324653,0.762407602642
0.655976726425,0.763463568662
0.655970542459,0.765575501521
0.655988242709,0.775079197151
0.655992530719,0.750791974783
0.656019656182,0.765575501584
0.655988328875,0.747624076155
0.655960472861,0.760295670035
0.655943711683,0.766631467478
0.655963889712,0.760295670664
0.655951770709,0.751847941306
0.655954905649,0.765575501395
0.655958872159,0.771911298901
0.655966764928,0.770855332755
0.655968605968,0.760295670664
0.655981515567,0.772967264544
0.656008331489,0.757127771408
0.656020295154,0.771911298964
0.656003494323,0.755015839304
0.655992227472,0.77613516336
0.656010987389,0.744456177969
0.655984150004,0.77191129865
0.655978864073,0.772967265173
0.655954062876,0.768743400148
0.655939663602,0.762407603523
0.655954267936,0.758183738372
0.655976429346,0.776135164241
0.65596652396,0.763463569229
0.655968575128,0.777191129821
0.65597015934,0.772967265299
0.655964928544,0.760295670224
0.655966574249,0.769799366861
0.65597046265,0.764519535595
0.655965429614,0.774023231508
0.655990769266,0.767687434254
0.655983040867,0.753959873851
0.655960104471,0.769799366987
0.655964848673,0.770855332315
0.655975617413,0.749736008133
0.655984359029,0.762407603397
0.655975174375,0.762407602768
0.655968975807,0.767687434254
0.655969372584,0.762407603177
0.655970017031,0.764519534871
0.655957817968,0.751847940362
0.655971972467,0.757127771408
0.655993302558,0.767687433939
0.655969296992,0.763463569418
0.655956097679,0.769799366861
0.655985836431,0.761351636874
0.655985097447,0.766631467604
0.656040897528,0.768743399708
0.656003944474,0.746568110387
0.65597183148,0.77719113001
0.655941559684,0.767687434128
0.655957803681,0.765575501836
0.655955416096,0.769799366231
0.656004646008,0.74868004249
0.656007768549,0.744456177339
0.655978682993,0.761351636559
0.655979164488,0.769799366106
0.655966942451,0.757127772163
0.655958887076,0.769799366231
0.655959919614,0.765575502025
0.65597525475,0.75501583899
0.655990051241,0.763463568977
0.655983091282,0.757127772037
0.65597087019,0.753959873221
0.655966772386,0.758183738687
0.655957158163,0.769799366546
0.655982933805,0.752903907201
0.656006615794,0.77191129909
0.6559769087,0.755015839619
0.655956622728,0.77191129865
0.65597784494,0.758183738057
0.655969678789,0.763463569606
0.655969771941,0.765575501521
0.655980155863,0.761351636874
0.655975564732,0.761351636433
0.655972061276,0.771911298838
0.655968172434,0.753959873536
0.655953452668,0.779303062868
0.655940641383,0.748680042365
0.6559545647,0.755015839619
0.655969257088,0.782470960615
0.655964860883,0.765575501395
0.655981167317,0.757127772037
0.655975214909,0.76029567079
0.655969494311,0.76029567035
0.655970643541,0.759239704581
0.655972268381,0.769799366106
0.655961535297,0.753959872969
0.655982640061,0.762407602453
0.655960640598,0.751847941118
0.655980549682,0.762407603208
0.655982564533,0.76557550215
0.655964364472,0.760295670979
0.655954311113,0.769799366231
0.655936913795,0.758183738246
0.655948491572,0.762407602862
0.655990355496,0.766631468359
0.655973487381,0.762407603083
0.655981329263,0.763463569386
0.655980956655,0.770855332315
0.655997318602,0.759239704141
0.655963580674,0.763463569543
0.655942512352,0.761351636559
0.655960062489,0.770855332566
0.655953345102,0.763463569103
0.655976538988,0.760295671105
0.655970593,0.769799366231
0.655970092025,0.786694825451
0.655942474336,0.765575501962
0.655973885417,0.760295670979
0.655997966763,0.766631467604
0.655994374561,0.76663146729
0.655986665924,0.767687434254
0.655979914361,0.762407602642
0.655957509119,0.763463569103
0.655961045116,0.76663146729
0.655944621141,0.762407603397
0.65593284614,0.774023231508
0.655944360788,0.746568110072
0.655952379344,0.78247096074
0.655970580475,0.752903907641
0.655978777341,0.755015839745
0.655992882745,0.761351636244
0.655978159831,0.774023231697
0.655957214432,0.757127771722
0.655975759092,0.768743400463
0.65596129178,0.75290390676
0.655963536741,0.771911298838
0.655970646625,0.767687433499
0.655999142649,0.767687434254
0.65597408711,0.761351636559
0.655940245802,0.761351636559
0.655936708798,0.761351636244
0.655932181299,0.749736008133
0.655952617007,0.762407603523
0.655953179191,0.774023231068
0.65596080717,0.767687433687
0.655986775,0.751847940803
0.655969157327,0.77085533307
0.655948086236,0.770855332315
0.655962762888,0.757127772478
0.655955008494,0.776135163486
0.655950140928,0.756071805513
0.65595974464,0.780359029078
0.655974769416,0.760295670979
0.655981069822,0.755015839493
0.655972745439,0.77191129865
0.655973633844,0.759239704015
0.65595271104,0.764519535815
0.655955804439,0.763463569292
0.655963198247,0.775079197717
0.655968219734,0.761351636559
0.655978164426,0.770855332566
0.655981405484,0.766631468171
0.655985835582,0.769799366546
0.655988038216,0.749736008668
0.655981793071,0.786694826332
0.655967399273,0.764519534871
0.655956742567,0.771911299279
0.655933686458,0.770855333196
0.655962101478,0.771911299279
0.655955393501,0.763463569292
0.655954495906,0.762407603208
0.655974470134,0.759239704141
0.655990805709,0.752903906886
0.655985673353,0.752903907201
0.655964668223,0.756071806143
0.655976064417,0.757127772478
0.655968783524,0.776135163486
0.655958084647,0.755015839934
0.655977116341,0.761351636999
0.656028918253,0.762407603397
0.656015905527,0.746568110072
0.65599775736,0.760295671105
0.655969541138,0.784582893788
0.655967216872,0.767687433687
0.655964248535,0.753959873095
0.655953031533,0.757127771722
0.655948885265,0.768743400337
0.655956819732,0.763463568977
0.655953172583,0.774023231068
0.6559398044,0.742344244795
0.65594942756,0.78352692739
0.655960536683,0.764519535627
0.655965353204,0.770855332881
0.655977201311,0.772967264733
0.655968854961,0.768743400022
0.655960573377,0.759239704896
0.655962152743,0.764519535627
0.655952001134,0.769799366231
0.655979082665,0.77613516336
0.655963636659,0.755015839619
0.65595508975,0.758183737617
0.655960850882,0.763463568851
0.655960586721,0.752903907327
0.65598221043,0.759239704329
0.65597450472,0.757127771722
0.655985641442,0.761351636874
0.655991896342,0.772967264544
0.655973629249,0.75501583899
0.655956387583,0.75395987341
0.655938874769,0.758183737806
0.655960279193,0.755015839934
0.655968784531,0.767687433499
0.655977784895,0.765575501395
0.655972133468,0.757127772037
0.655975074992,0.76557550108
0.655970177278,0.760295670979
0.655969946475,0.772967264544
0.655943956521,0.761351636748
