loss,accuracy
1.63122128093,0.462513199955
1.46365692963,0.537486800674
1.44453664176,0.540654698987
1.42739978083,0.54699049621
1.40571514442,0.551214361203
1.3726566573,0.590285111097
1.31429354518,0.587117212816
1.28699690059,0.590285111097
1.22770003406,0.612460401204
1.17958041317,0.625131996028
1.15075504792,0.642027454618
1.07611029264,0.656810981954
1.02952345611,0.683210137527
0.97945353757,0.700105596117
0.924352360187,0.714889123233
0.893147426397,0.724392819682
0.842945523159,0.73178458346
0.809236284357,0.746568109946
0.784662156951,0.730728616936
0.776369389536,0.742344244669
0.776049259724,0.737064414316
0.740414823751,0.746568109506
0.744054763408,0.74340021176
0.716762761317,0.760295670224
0.731658931141,0.75290390676
0.716343794227,0.764519535627
0.717398930817,0.745512143863
0.718048983542,0.755015839619
0.705331730899,0.750791974909
0.710854229164,0.757127771722
0.718326058786,0.764519535186
0.69832470884,0.77085533307
0.709728132143,0.755015839871
0.699227947903,0.770855332315
0.694250704117,0.753959873095
0.708483129708,0.755015839619
0.702943423419,0.734952481898
0.695299003608,0.769799366357
0.697186158728,0.751847941432
0.697208812395,0.758183737806
0.689872644016,0.758183738026
0.690216356623,0.756071805954
0.691459220339,0.767687434443
0.693088104883,0.753959873536
0.687055171858,0.74868004205
0.688690601426,0.767687434569
0.685793544196,0.744456177969
0.684038464409,0.762407602894
0.684806051136,0.760295670035
0.684363039456,0.763463569418
0.683345874423,0.758183738372
0.684705216504,0.758183738687
0.683520887696,0.755015839713
0.687371931333,0.757127772478
0.682667848081,0.753959873851
0.681766042173,0.763463568977
0.678430424163,0.757127772478
0.678507898148,0.769799366672
0.683314539815,0.750791975223
0.679515281474,0.75923970477
0.676161774927,0.757127771722
0.680335584638,0.763463569543
0.677618082373,0.769799366987
0.673701646619,0.764519535815
0.678928342263,0.75607180608
0.680514440932,0.752903906886
0.675644963287,0.75290390676
0.682271032046,0.76029567035
0.677797132019,0.76029567035
0.674418336298,0.768743400778
0.675013953177,0.75501583899
0.674040689451,0.770855332881
0.677125802639,0.768743400211
0.679292341094,0.756071806269
0.674507854166,0.750791975223
0.671109974636,0.760295670224
0.673580368759,0.768743400022
0.673591869182,0.766631467919
0.671946270098,0.750791975034
0.672388955746,0.765575501395
0.673234671386,0.747624075526
0.669604002548,0.766631468045
0.673118662305,0.762407603523
0.672558289458,0.75290390676
0.671175711825,0.766631468359
0.673748393497,0.758183738246
0.671927451017,0.74340021069
0.672879038227,0.764519534871
0.672612972345,0.75395987341
0.670138423458,0.765575502025
0.668658963793,0.769799366106
0.672099250486,0.752903907327
0.672244446079,0.761351637314
0.670317320537,0.767687433499
0.668502151651,0.759239704581
0.671086341804,0.759239704581
0.668725765494,0.75501583899
0.669257240474,0.758183737932
0.667487527023,0.75501584006
0.668575309713,0.75501583943
0.669779188656,0.762407603083
0.670974548666,0.759239704455
0.6683605538,0.747624076155
0.668424977861,0.749736008825
0.670449964096,0.762407603523
0.668091962871,0.759239704896
0.667393644042,0.751847940362
0.669139837766,0.763463569292
0.666663735255,0.740232312062
0.667178582113,0.772967265173
0.665050136376,0.757127772037
0.668358365044,0.756071805954
0.66845131254,0.757127772478
0.665544503531,0.758183738687
0.665319707791,0.760295670601
0.668323852444,0.756071805513
0.667153537777,0.758183737806
0.6659507962,0.76029567035
0.666345214076,0.770855333196
0.66597670644,0.758183738372
0.666999102394,0.760295670224
0.667261247146,0.757127771408
0.66710514661,0.770855333196
0.665616099881,0.750791974909
0.664698063572,0.75501583899
0.664303585745,0.765575502025
0.665713183605,0.774023231194
0.66631900874,0.769799365917
0.66563932187,0.76451953506
0.665232896364,0.753959873095
0.663976434543,0.748680042144
0.664899336813,0.759239704141
0.666088855663,0.761351637314
0.666419470826,0.755015839556
0.665570130822,0.776135163927
0.664274626259,0.755015839745
0.663524285226,0.766631467919
0.665018861435,0.757127771408
0.664123708872,0.772967264859
0.666300493882,0.764519535501
0.664503998968,0.770855333196
0.664154583952,0.748680041735
0.663682581694,0.779303062113
0.664206953462,0.746568109632
0.663495156934,0.759239704455
0.664703329614,0.752903906571
0.664231397282,0.767687433687
0.663324066616,0.776135163927
0.664658518691,0.763463569292
0.663010934024,0.763463569606
0.663514783793,0.740232313132
0.664277317217,0.762407602453
0.663939733251,0.763463569732
0.663362322538,0.766631468045
0.663469742256,0.764519535941
0.6633646711,0.751847941118
0.662618441277,0.769799366231
0.662479275446,0.758183738687
0.662334921619,0.777191129569
0.662753535236,0.761351636685
0.6639901044,0.760295670224
0.663379578996,0.767687434569
0.661559992317,0.761351636244
0.661346656027,0.767687434128
0.662827514482,0.760295671105
0.663823158462,0.763463569732
0.664155972797,0.747624075526
0.661958356342,0.776135164241
0.662514174627,0.767687434254
0.661982582829,0.780359028637
0.661454380377,0.762407602642
0.662245369134,0.770855332881
0.662868765428,0.753959873221
0.661269745832,0.765575501395
0.660939734803,0.749736008133
0.662528181718,0.766631467919
0.663796815758,0.759239704455
0.661648787503,0.737064413876
0.661840862495,0.761351636244
0.661521948504,0.759239704896
0.661315038753,0.766631468359
0.662633197298,0.764519534871
0.66227802587,0.768743400778
0.662157377069,0.762407603083
0.662476308557,0.756071805513
0.661522189503,0.732840549354
0.661800493597,0.763463568977
0.661713579262,0.753959873095
0.662705329114,0.765575502025
0.66235386677,0.76029567035
0.661277861064,0.768743400778
0.662630008229,0.753959873851
0.662637845012,0.756071805388
0.661488973226,0.75290390676
0.661311860825,0.758183737617
0.660846797441,0.764519534871
0.661119376027,0.766631468045
0.66090545867,0.756071805513
0.661027635982,0.772967264733
0.661340185415,0.753959872969
0.660899303153,0.769799366546
0.661625041503,0.770855332755
0.66153059936,0.758183738687
0.660823866143,0.761351636874
0.661333329952,0.755015839304
0.660687393158,0.77719112938
0.660538761643,0.756071806269
0.661435611869,0.762407603523
0.661328483849,0.77719113045
0.661010994705,0.75501583943
0.661122759897,0.756071805513
0.660942810673,0.763463568851
0.66086392059,0.777191129569
0.660467928352,0.765575501836
0.660442605253,0.768743400463
0.660769136805,0.764519535815
0.660506052477,0.767687433813
0.660759494889,0.76663146773
0.660644163992,0.770855332535
0.661420341026,0.761351636559
0.660397401329,0.762407603208
0.661098705237,0.775079197151
0.660995395785,0.738120380714
0.660420275351,0.756071805199
0.660030638467,0.775079197277
0.659909020382,0.752903907201
0.660159792983,0.778247095778
0.659884180665,0.74340021113
0.660825250519,0.75923970455
0.661347450399,0.761351636874
0.661081503034,0.767687434128
0.66055146401,0.753959873095
0.660426868619,0.763463568662
0.660522088613,0.756071805828
0.660426494627,0.764519535941
0.660178909395,0.755015839304
0.659581087994,0.761351636433
0.659922463526,0.772967265299
0.660033136008,0.760295670224
0.659407175456,0.757127772478
0.659875925327,0.756071805199
0.66142396665,0.756071805388
0.66033033767,0.758183738561
0.659552042059,0.76029567035
0.659581453647,0.766631467604
0.659883950492,0.76451953506
0.660456937054,0.76029567079
0.661034346949,0.774023231634
0.659856211359,0.761351636559
0.660192178572,0.74868004249
0.659939471558,0.762407603208
0.659062636314,0.763463569732
0.659390474322,0.763463568851
0.659605777755,0.767687434569
0.659772344162,0.758183738687
0.660060794578,0.758183738687
0.659479453168,0.753959873095
0.660089978069,0.76557550171
0.660165876119,0.758183738687
0.659850419197,0.759239704267
0.660119865865,0.74234424489
0.659705997206,0.768743400463
0.658802817276,0.756071805828
0.659516729611,0.771911298524
0.659471722377,0.751847941306
0.660084870826,0.770855332881
0.659302876123,0.765575501584
0.658927538012,0.745512144178
0.659013846482,0.750791974342
0.660036305314,0.763463568851
0.66064991562,0.751847940677
0.659883618292,0.764519535627
0.658952169396,0.761351636874
0.658967433598,0.762407603208
0.659531059336,0.758183738561
0.659324531948,0.765575501521
0.659212526135,0.759239704581
0.659273856041,0.76029567079
0.659567205493,0.763463568977
0.659363647386,0.78880675875
0.659695473241,0.768743400337
0.659747739906,0.758183738246
0.659475500443,0.758183738687
0.659689391459,0.755015839178
0.659314870268,0.763463569732
0.659116555985,0.772967265614
0.659177675922,0.756071805828
0.659788840361,0.767687433813
0.659304820371,0.762407603083
0.658651181423,0.752903907327
0.658626728098,0.760295670224
0.659238097597,0.756071805954
0.658994271738,0.767687434569
0.65926997727,0.762407603523
0.659183670437,0.762407602453
0.658967202984,0.767687433813
0.658991506069,0.77191129909
0.658853893925,0.76663146729
0.659286192881,0.77719112938
0.659333342232,0.752903906571
0.658963155281,0.766631468045
0.658486427576,0.765575501836
0.658610663734,0.758183738246
0.659298618215,0.766631468234
0.658660179836,0.751847941432
0.658690498963,0.767687434254
0.658798724256,0.768743400652
0.659283668904,0.765575502025
0.658962690654,0.761351636244
0.65881518653,0.762407602453
0.658464492186,0.752903907201
0.658873267259,0.76029567035
0.658984756394,0.758183737617
0.659008734581,0.766631467919
0.658762654886,0.761351636874
0.658194686757,0.753959873221
0.658508285235,0.774023231068
0.658796998238,0.770855332315
0.658964504725,0.765575501836
0.658717074956,0.756071805199
0.658667016306,0.759239704015
0.658739351169,0.764519535186
0.658659596315,0.774023231508
0.658863789051,0.758183737932
0.659361800366,0.750791974342
0.659285898886,0.770855332755
0.658553631907,0.758183737617
0.658195695693,0.763463569732
0.658099689542,0.762407602453
0.658310513121,0.772967265488
0.658332675412,0.771911298524
0.658381084454,0.768743400337
0.658260028994,0.760295670224
0.65845784139,0.748680042176
0.658553114474,0.767687434443
0.658602523325,0.768743400337
0.658482519192,0.763463568977
0.658212021827,0.76029567079
0.658460753709,0.768743400463
0.658412816217,0.763463569103
0.658518488014,0.766631468359
0.658711796074,0.766631467478
0.658455568294,0.753959873851
0.658695420154,0.763463568851
0.658265753495,0.767687433499
0.658258957306,0.752903907641
0.658380877946,0.759239704141
0.658198836361,0.775079196962
0.6580343806,0.76663146773
0.658720256157,0.765575502025
0.658714567658,0.774023231257
0.65824236997,0.759239704141
0.658386502057,0.751847941118
0.65819485141,0.769799366672
0.658536129416,0.762407603523
0.658076074836,0.766631467478
0.657948980928,0.756071805954
0.658134114339,0.776135163486
0.658519831542,0.750791975223
0.658525355325,0.768743400337
0.658011269607,0.755015839619
0.657976296157,0.769799366231
0.658120854415,0.748680042365
0.658509005904,0.775079196962
0.658574428327,0.770855332441
0.658239392003,0.76029567035
0.658361411397,0.757127772478
0.658052703332,0.752903907641
0.657987066848,0.764519535312
0.658017300628,0.758183738372
0.658494377212,0.775079197717
0.658313049592,0.763463569732
0.658110762033,0.759239704896
0.658324056971,0.769799366672
0.658364800679,0.765575501521
0.658204158861,0.761351636559
0.657948967836,0.778247095904
0.659320152108,0.772967265614
0.658185531119,0.761351637188
0.657771644144,0.749736007944
0.658124625305,0.766631468234
0.65801567626,0.774023230942
0.65818644684,0.774023231823
0.657818407355,0.762407603083
0.657752683195,0.75395987341
0.658140661787,0.765575502025
0.658071282358,0.764519535941
0.657987370662,0.753959873851
0.657805588517,0.771911299405
0.657848617123,0.759239704015
0.657770502781,0.763463568977
0.658183033262,0.763463569543
0.658107996805,0.763463568662
0.657928388216,0.76029567079
0.657656066773,0.749736009014
0.658053916888,0.771911299405
0.658215063804,0.764519535186
0.657962447959,0.756071806143
0.657851611737,0.762407603208
0.657806797101,0.769799366672
0.657721702438,0.77191129909
0.658073601149,0.764519535186
0.658041203129,0.763463568851
0.6581742046,0.756071805828
0.658032356497,0.762407603083
0.657944904713,0.760295670476
0.657587452511,0.757127772163
0.658025579254,0.758183738687
0.658076536316,0.765575501521
0.657858562916,0.763463569732
0.657566602089,0.768743400337
0.657535970589,0.757127771848
0.658016528033,0.76029567035
0.657976537471,0.752903906571
0.6577514934,0.780359028952
0.657931771487,0.760295670035
0.657908117444,0.770855332755
0.657794711268,0.74234424511
0.657495576955,0.758183738372
0.657575627063,0.764519535501
0.657939131119,0.751847940992
0.657684181535,0.775079198032
0.657855927189,0.757127771911
0.657842408484,0.763463568977
0.657488975694,0.77719112938
0.65758172071,0.761351636559
0.657605403013,0.755015839178
0.65750710759,0.757127772478
0.657532383421,0.760295671105
0.657723081213,0.763463569292
0.657620947112,0.768743400337
0.657674932618,0.751847940992
0.657876405066,0.762407603523
0.657711249974,0.770855332126
0.657629288111,0.768743400148
0.657657035238,0.757127772163
0.657831464549,0.768743399708
0.657701546313,0.762407603523
0.657562897286,0.785638859556
0.657749702271,0.761351636999
0.657673257772,0.780359028322
0.65767740083,0.758183737932
0.657351279649,0.761351636433
0.657479529522,0.759239704455
0.657641111609,0.767687433813
0.657535345023,0.738120380714
0.657626332363,0.774023231823
0.657550833923,0.759239704455
0.65766195152,0.765575501269
0.657789417972,0.758183738372
0.657456608043,0.775079197277
0.657395376072,0.763463569606
0.657570360014,0.75501584006
0.657977932736,0.757127771408
0.657535964232,0.776135163486
0.657621447363,0.766631468171
0.657614528315,0.749736008259
0.657554761283,0.762407603208
0.657560925675,0.775079197151
0.657520297022,0.767687434254
0.657473846562,0.768743400463
0.657705671621,0.769799366546
0.657615430126,0.745512143737
0.657383887229,0.763463569732
0.657609624936,0.750791974153
0.657601526634,0.772967265614
0.657770217535,0.767687433813
0.657807428394,0.765575501395
0.657619380775,0.75501583899
0.657331987948,0.782470960615
0.657330965354,0.755015839934
0.657579400786,0.774023231068
0.657803168392,0.760295670979
0.657701417788,0.762407602453
0.657237708757,0.760295670979
0.657120943321,0.767687434569
0.657489633107,0.766631468234
0.65770692678,0.758183737617
0.657504556297,0.762407602642
0.657364999291,0.752903907201
0.657195248976,0.772967265614
0.657537187228,0.756071806269
0.657477840451,0.76557550215
0.657400721954,0.761351636874
0.657490476824,0.770855332126
0.657537470775,0.777191129695
0.657258296781,0.761351636559
0.65734719393,0.77191129909
0.657451773143,0.762407603083
0.657395047207,0.756071806269
0.657080632517,0.762407602768
0.657241081109,0.770855333196
0.657474952647,0.767687434443
0.657314892996,0.751847941086
0.65740462417,0.76663146729
0.657256357207,0.757127772478
0.657241436911,0.760295670979
0.657531016291,0.752903906886
0.657429038157,0.762407602768
0.657601684741,0.767687434443
0.657586579086,0.768743400022
0.657272937179,0.770855332126
0.657121933942,0.772967264733
0.657245514716,0.755015839619
0.657386651449,0.772967265048
0.657635181859,0.761351636559
0.657139689076,0.775079197151
0.65718474553,0.756071805639
0.657307061751,0.78247096137
0.657215159005,0.744456177528
0.657595016574,0.774023231382
0.657322398838,0.751847940803
0.657138850552,0.76451953506
0.657260847822,0.764519535815
0.657261799167,0.781414994217
0.657067682511,0.761351636559
0.657161975486,0.770855332755
0.657410251742,0.768743400463
0.657272797829,0.770855332881
0.657342480505,0.767687433939
0.657206656374,0.75501584006
0.657180620977,0.756071805923
0.657251830526,0.759239704141
0.657429357831,0.767687433499
0.657541847594,0.762407603208
0.657385087819,0.763463568977
0.657162723345,0.759239704455
0.65693644542,0.766631468359
0.657026871834,0.756071806269
0.657166074391,0.745512144178
0.657325587655,0.756071805954
0.657359970157,0.785638860123
0.657174616202,0.768743400337
0.657503436838,0.770855332755
0.657315541252,0.747624076155
0.65720276212,0.77191129865
0.657225075279,0.766631467919
0.657275347234,0.744456177339
0.657558590016,0.76557550171
0.65725841706,0.768743400148
0.657022620834,0.776135163486
0.65709477298,0.766631467478
0.657193011757,0.759239704896
0.657200178602,0.78352692695
0.657361189692,0.767687433687
0.657351490625,0.749736007944
0.657297259777,0.784582893914
0.657234281144,0.762407602642
0.657327239214,0.767687434128
0.657365096283,0.753959873851
0.657324271821,0.772967265614
0.657052480243,0.759239703826
0.657066905385,0.787750792101
0.657136409059,0.756071805513
0.657153436287,0.77719112938
0.657294888053,0.746568109506
0.6570182223,0.76557550215
0.656946322608,0.78880675831
0.657171897551,0.77191129909
0.657048761845,0.76557550215
0.656960637101,0.768743400778
0.657066340305,0.762407603397
0.657158930425,0.770855332566
0.657186648851,0.761351637188
0.656881933668,0.764519535815
0.657068162244,0.76029567079
0.65724141526,0.764519535815
0.657076584752,0.766631467478
0.657054792551,0.762407603083
0.657053384509,0.766631467478
0.657018870902,0.761351636874
0.656975004716,0.758183737932
0.657249603629,0.76768743438
0.657339409135,0.76029567035
0.656949135922,0.758183738372
0.657006670769,0.766631467604
0.657125572846,0.756071805828
0.65718922126,0.758183738561
0.657110959669,0.779303062868
0.656970826411,0.779303062113
0.657199836142,0.755015839745
0.657094196886,0.769799366546
0.656972265357,0.764519535186
0.657176854618,0.757127772037
0.656846286912,0.753959872969
0.657080726551,0.757127772037
0.657087994604,0.767687434254
0.657189589682,0.756071806143
0.657133064401,0.769799366672
0.657228638529,0.762407603208
0.656994773317,0.761351636433
0.656955998576,0.752903907012
0.657139534054,0.767687433813
0.657099622796,0.768743400022
0.657323604715,0.748680041735
0.657133101095,0.768743400022
0.657045545523,0.766631468045
0.657093200663,0.75395987341
0.656958533819,0.756071805954
0.656934122916,0.766631468359
0.656964063015,0.762407602768
0.656961895407,0.744456177214
0.6569602475,0.756071805828
0.656794430273,0.772967264544
0.656896871523,0.786694825891
0.656947776156,0.761351636874
0.656874222388,0.776135163927
0.656881403143,0.760295670664
0.657020577659,0.782470961496
0.656992966232,0.747624075841
0.657043725347,0.758183737932
0.656939904,0.757127771722
0.656781807683,0.767687433939
0.656977677106,0.763463569732
0.657004385526,0.781414994531
0.656986050331,0.755015839304
0.656869753928,0.762407602768
0.656961687641,0.759239704896
0.656906921861,0.767687433939
0.656967587494,0.772967265614
0.657177425677,0.76557550171
0.65712023008,0.768743399896
0.65711278894,0.762407603523
0.65715195344,0.76557550215
0.656938511819,0.768743400778
0.656931439983,0.768743399896
0.656880505611,0.74868004205
0.656816192451,0.774023230942
0.656892635565,0.759239703826
0.657188236525,0.751847940992
0.656916877033,0.763463568977
0.656844481495,0.767687433499
0.656859843885,0.759239704896
0.657185682462,0.769799366546
0.657104515916,0.772967264733
0.656935052043,0.777191130136
0.656829867909,0.743400211445
0.6568864178,0.776135163927
0.657092700601,0.755015839304
0.656820026723,0.762407603523
0.656860127746,0.755015839304
0.656963064779,0.782470960615
0.656908747576,0.752903907641
0.657018384876,0.76451953506
0.656757827923,0.769799366231
0.656948456417,0.765575501836
0.656997339086,0.75923970455
0.656908199931,0.769799366987
0.656775614465,0.748680041924
0.656911779105,0.771911298335
0.657178389107,0.763463569229
0.656787885028,0.77191129865
0.656686068274,0.761351636874
0.656714519389,0.77719112938
0.656998584678,0.763463568851
0.656963658245,0.765575501269
0.65678200859,0.76029567079
0.656955886007,0.770855332441
0.65694938844,0.746568109632
0.6567793953,0.768743400337
0.656700712826,0.761351636433
0.656807449262,0.779303062302
0.65688634888,0.756071805388
0.656895074132,0.766631467919
0.65686800072,0.756071805513
0.656892482117,0.759239704141
0.656886336041,0.760295670476
0.656843571691,0.780359028763
0.656838092406,0.749736007944
0.656827732622,0.766631467604
0.656903646878,0.758183738372
0.656833581902,0.758183737932
0.656882758,0.761351637125
0.657060392744,0.760295670035
0.656892195611,0.745512143548
0.656828649318,0.780359029078
0.656807098117,0.74868004205
0.656676598058,0.752903906886
0.656645743875,0.768743400337
0.656803913391,0.771911299405
0.656969462176,0.767687434128
0.656839944997,0.771911299405
0.656665110538,0.759239704896
0.656694992543,0.762407603083
0.656758652443,0.753959872969
0.656815361763,0.768743400778
0.65676670505,0.758183738372
0.6567916692,0.763463568662
0.656671541734,0.770855332315
0.656791524059,0.746568109946
0.656938531268,0.775079197151
0.656871000024,0.747624075526
0.656977769692,0.774023231823
0.656865719694,0.747624075715
0.65672802837,0.776135163486
0.656796977412,0.767687434569
0.656755147791,0.752903907641
0.656887697884,0.761351636874
0.65693273212,0.753959873095
0.656810453789,0.756071805954
0.656693934639,0.768743400463
0.656636753581,0.762407602894
0.656812975311,0.771911299279
0.656668301117,0.76557550215
0.656944300393,0.769799366546
0.656694298183,0.762407602768
0.656592615995,0.756071805828
0.656673517562,0.752903906571
0.656691786354,0.761351636244
0.656856647766,0.770855332755
0.656713822796,0.767687434002
0.656771285292,0.771911299059
0.656786928648,0.76029567035
0.656711712055,0.778247096345
0.656683540395,0.753959873095
0.656653050888,0.75395987341
0.656723079863,0.770855333196
0.656798357319,0.758183737806
0.656724655704,0.758183737932
0.656743227303,0.771911298524
0.656781628177,0.759239704581
0.65681291558,0.772967264859
0.656893006159,0.760295671105
0.656777104518,0.758183738372
0.656730386561,0.766631468045
0.656712581704,0.765575501269
0.656686573182,0.762407603083
0.656701240268,0.741288279342
0.656703509272,0.767687433939
0.65695479871,0.758183738561
0.656740341922,0.762407603208
0.656681923076,0.770855332755
0.656589959497,0.751847940866
0.656718358634,0.768743400652
0.656711747427,0.753959872969
0.656731902672,0.784582893159
0.656702439725,0.756071805513
0.656784211381,0.776135163927
0.656877205138,0.767687434569
0.656832519403,0.757127772478
0.656745709109,0.758183738246
0.6566792206,0.758183737617
0.656579839359,0.758183737806
0.656676901683,0.769799366106
0.656674831319,0.761351637314
0.656702153754,0.766631467919
0.656773512693,0.759239703826
0.656853625175,0.771911298964
0.656858031135,0.756071805828
0.656591600922,0.760295671105
0.656654141961,0.764519535375
0.65672071607,0.76557550171
0.65659737631,0.761351636968
0.656505408295,0.775079197466
0.656700850855,0.756071806269
0.656833495107,0.756071805199
0.656688953025,0.751847941244
0.656680995773,0.772967265173
0.656589928027,0.766631468234
0.65653258518,0.766631467919
0.656670256552,0.76663146729
0.656728041902,0.768743399896
0.656644568964,0.751847940992
0.656580959511,0.748680042805
0.656694239334,0.752903907516
0.656769860886,0.757127772163
0.656649950565,0.767687434569
0.656607030312,0.769799366987
0.656617731076,0.770855332755
0.656734590483,0.769799366987
0.656837649116,0.753959873095
0.656768438997,0.762407603208
0.656742219374,0.761351637188
0.656656542889,0.75501584006
0.656533465088,0.775079196962
0.656596961344,0.769799366106
0.656524532259,0.768743400337
0.656674346016,0.752903907516
0.656677212672,0.775079197466
0.656687763198,0.759239704896
0.656560284724,0.759239704581
0.656607815054,0.767687434443
0.656647266909,0.759239704455
0.656796961488,0.775079197277
0.656622165989,0.758183738183
0.656573415495,0.76557550215
0.656735800765,0.766631468045
0.656713267031,0.770855332315
0.656679905644,0.766631467919
0.656733284467,0.765575501395
0.656598851006,0.763463568662
0.656755890489,0.756071805828
0.656541625071,0.759239704141
0.656533046471,0.756071805199
0.656533947275,0.771911298775
0.656507216386,0.766631467919
0.656605491165,0.769799366672
0.656595999109,0.757127771722
0.656575903344,0.761351636433
0.656592000689,0.762407603523
0.656590291288,0.76029567079
0.656633414462,0.750791975223
0.656670333403,0.768743399708
0.656578254612,0.770855332881
0.656578296845,0.761351636999
0.656586063324,0.770855332126
0.65665347882,0.767687433687
0.656803728094,0.75501583899
0.656642545239,0.771911298524
0.656487409643,0.758183738372
0.656522805424,0.76557550108
0.656695165629,0.757127772163
0.656578058615,0.782470961181
0.656566239335,0.769799366231
0.656598185159,0.764519535627
0.656705574287,0.762407602894
0.656616306104,0.756071805513
0.656584813451,0.763463569292
0.656548794434,0.764519535186
0.656600752753,0.75923970455
0.656577957973,0.769799366106
0.656559403557,0.763463569732
0.656575920778,0.764519535941
0.656601243878,0.760295670476
0.65668600483,0.764519535627
0.65666227359,0.765575501584
0.656604170925,0.767687434254
0.656503221175,0.761351637314
0.656503003653,0.752903906571
0.656452838194,0.76557550215
0.65654618832,0.758183737806
0.656568569958,0.768743400778
0.65658072704,0.755015839619
0.656584567732,0.761351636874
0.656608804101,0.776135163171
0.656511057833,0.760295670476
0.656577720876,0.760295670224
0.656669966522,0.761351637314
0.656621461937,0.766631467604
0.656601731415,0.772967264733
0.656611263658,0.760295670664
0.656686445728,0.748680042805
0.656606085008,0.755015839178
0.656620083414,0.770855332881
0.656567474164,0.772967265299
0.656416771153,0.76029567035
0.65650054696,0.777191129569
0.65649649076,0.759239703826
0.656582644365,0.766631467793
0.656540356128,0.768743399896
0.656444672232,0.768743400022
0.656549344848,0.756071806269
0.656578093043,0.753959873851
0.656640108246,0.766631467919
0.656486833045,0.769799366987
0.65645589622,0.766631467604
0.656495397169,0.768743400589
0.656735257148,0.756071805828
0.656681401362,0.768743399708
0.656624686819,0.771911298964
0.65659657533,0.765575502025
0.656524089567,0.755015839619
0.65656537447,0.76557550215
0.65665022379,0.769799366546
0.656507171856,0.76557550171
0.656421575274,0.761351636244
0.656467406746,0.763463568851
0.656549251885,0.758183737806
0.656504168619,0.759239704896
0.656505494649,0.758183738687
0.656484603378,0.769799366987
0.656507748454,0.755015839619
0.656490108531,0.756071805954
0.65643425086,0.768743400022
0.656572200492,0.75501583943
0.656572124271,0.769799365917
0.656461513408,0.75501583899
0.656525247515,0.752903906886
0.656495619915,0.760295670224
0.656489395856,0.766631468359
0.656419022282,0.771911298524
0.656483022817,0.764519535501
0.656469809027,0.771911298964
0.656499538433,0.771911298524
0.656591769446,0.768743400337
0.656593868196,0.749736008259
0.656501835572,0.76451953506
0.656538454444,0.757127772289
0.65659776415,0.766631468045
0.656636921317,0.764519535941
0.656506351647,0.768743400778
0.656468818029,0.76029567035
0.656469350569,0.769799366231
0.656542473918,0.758183737932
0.656489902653,0.776135163486
0.656476779498,0.763463568977
0.656514052667,0.761351636999
0.656525790251,0.752903906571
0.656388969268,0.767687433813
0.656424126441,0.764519535312
0.656580456711,0.76557550171
0.656459879221,0.740232312062
0.656478656068,0.767687434569
0.656514581305,0.756071805828
0.656449294204,0.775079198032
0.656458939016,0.744456177088
0.656536081965,0.765575501395
0.656458783741,0.763463569292
0.656434150596,0.784582893473
0.656407355633,0.761351636874
0.656391843131,0.775079197151
0.656559860883,0.770855332755
0.656558971596,0.760295670664
0.656560448306,0.750791974468
0.656638214555,0.767687433813
0.656463745026,0.758183738687
0.656413116419,0.769799366987
0.656454851786,0.780359029078
0.656439574996,0.769799365917
0.656573852459,0.757127771597
0.656495603803,0.775079197592
0.65650742988,0.753959873725
0.656447941549,0.763463569386
0.656480864052,0.756071805828
0.656397035406,0.771911299405
0.656482419784,0.74868004249
0.656548707828,0.761351636433
0.656503931207,0.74340021069
0.656514420177,0.785638859053
0.656432070349,0.750791975223
0.656645041081,0.78352692695
0.65662922615,0.759239704329
0.65645985052,0.767687434254
0.656457715138,0.75290390676
0.656586563826,0.757127771408
0.656568710882,0.761351636874
0.656515245264,0.760295671105
0.656474015875,0.760295670979
0.656363870425,0.768743400337
0.656430747529,0.758183738372
0.656513396828,0.776135163927
0.656525156251,0.753959872969
0.65643558545,0.761351637314
0.656457009449,0.758183737617
0.656468605983,0.759239703826
0.656477552533,0.758183737617
0.656515492998,0.762407603397
0.656543680204,0.774023231382
0.656444920123,0.748680042239
0.656394051209,0.75501583943
0.656431444784,0.762407603083
0.656427657843,0.756071806269
0.656532528502,0.771911298964
0.656620169957,0.761351636433
0.656414147919,0.774023231382
0.656355395048,0.750791974783
0.65641233775,0.763463568977
0.656554112842,0.763463569292
0.656520210639,0.770855332755
0.65650803562,0.753959872969
0.656423639848,0.771911298964
0.656370068931,0.757127771911
0.656485849285,0.766631468045
0.656465259563,0.770855333196
0.656510231865,0.775079197592
0.656442392653,0.74868004249
0.656446761636,0.774023231823
0.656383902244,0.753959872969
0.656417374185,0.760295670476
0.656478912677,0.758183738561
0.656426603527,0.775079197906
0.656369246802,0.759239704455
0.656413051055,0.765575502025
0.656443990775,0.752903907327
0.656458125573,0.771911298524
0.656442850671,0.764519534871
0.656521343568,0.770855333196
0.656508464307,0.771911299279
0.656380250373,0.767687434128
0.656414419318,0.760295670664
0.65640346654,0.755015839619
0.65647577245,0.768743400463
0.656480305361,0.770855332881
0.65644263982,0.769799366231
0.656387930939,0.78352692695
0.656417024173,0.759239704015
0.65646088287,0.768743400337
0.65646065641,0.745512143297
0.656414295766,0.767687434254
0.656415144393,0.756071805954
0.656405773435,0.759239704455
0.656458741382,0.765575501836
0.656426130718,0.764519535627
0.656367023177,0.764519535501
0.656467703479,0.766631467919
0.656407933112,0.767687433939
0.656433593509,0.769799366546
0.656456958782,0.769799366231
0.656517861763,0.764519535627
0.656460482568,0.757127772478
0.656407520474,0.762407602453
0.656351124976,0.770855332126
0.656429844396,0.775079197592
0.656481415065,0.738120380274
0.656373644612,0.76029567035
0.656427973931,0.761351636559
0.656459879284,0.784582893284
0.656521025467,0.74340021069
0.656458735277,0.766631467604
0.656425248796,0.780359028952
0.656407083667,0.770855332441
0.656431976631,0.772967264733
0.656451489946,0.768743400022
0.656522879316,0.762407602768
0.656469189693,0.769799366861
0.656436281289,0.762407602768
0.656422329679,0.764519535186
0.65634803592,0.760295671105
0.656436473886,0.762407603397
0.656388351633,0.759239704896
0.656380648913,0.76557550171
0.65643582582,0.765575501836
0.656445583421,0.752903906886
0.656376246666,0.762407603397
0.656405594621,0.776135163612
0.656485979572,0.756071805199
0.656361573412,0.770855332755
0.656401269099,0.762407603083
0.656377898854,0.753959873662
0.656430858556,0.757127772163
0.656414434392,0.766631468234
0.656393605338,0.756071806143
0.656459467842,0.759239704896
0.65645821306,0.74868004249
0.656401171855,0.764519535627
0.656401996816,0.756071805199
0.656408155197,0.761351637314
0.656342582441,0.763463569732
0.656357133464,0.759239704707
0.656389736764,0.762407602642
0.656352210825,0.759239704455
0.656372257749,0.756071805513
0.656497721876,0.765575501269
0.656461544185,0.757127771597
0.656413212875,0.757127772163
0.656408034446,0.762407603177
0.656415334536,0.763463569606
0.656471521134,0.751847941432
0.656365921341,0.766631467919
0.65634649929,0.770855333196
0.656437328839,0.759239704141
0.656376154899,0.774023231068
0.656329931339,0.763463568851
0.656437861819,0.764519535186
0.656413222945,0.746568110387
0.65639790965,0.772967265299
0.656379595415,0.767687434254
0.656813679867,0.764519535941
0.656608264134,0.766631467478
0.656333152759,0.761351636685
0.656256564504,0.770855333196
0.656231954332,0.755015839619
0.656285696511,0.757127772132
0.656370677565,0.766631467919
0.65641618203,0.759239703826
0.656412882941,0.769799366987
0.656372186186,0.755015839304
0.656270208177,0.766631467604
0.656292399862,0.764519535627
0.656355403167,0.750791974342
0.656309670355,0.757127771408
0.656334709907,0.755015839304
0.656466037633,0.766631468359
0.656474338225,0.753959873725
0.656399613008,0.763463569292
0.656383824072,0.776135163171
0.656352601182,0.760295670035
0.656316633272,0.765575501395
0.656323445259,0.766631467604
0.656360156685,0.760295670979
0.656364783818,0.750791974468
0.65638557451,0.753959873536
0.656387154379,0.763463568662
0.6564339467,0.764519535941
0.656532055725,0.760295671105
0.656378585283,0.751847940677
0.656314775835,0.769799365917
0.656324716405,0.753959873221
0.656423543675,0.780359028637
0.656451313397,0.753959872969
0.656351162929,0.778247095589
0.656368208158,0.770855333196
0.656409985224,0.76557550171
0.656365075862,0.758183738372
0.656373704688,0.769799366231
0.656304158593,0.75501584006
0.656328696887,0.762407602642
0.656439157197,0.766631468045
0.656374858891,0.761351637188
0.656352499911,0.758183737932
0.656341456624,0.768743400778
0.656293301044,0.765575501395
0.65642844611,0.763463569418
0.656361998827,0.753959873504
0.656363357586,0.766631467604
0.656446972077,0.764519535627
0.65652341387,0.758183738246
0.656368011469,0.750791974342
0.656321517895,0.758183737617
0.656347789759,0.76029567035
0.656387216312,0.769799366106
0.656410781861,0.765575502025
0.656467409295,0.757127771911
0.656364969115,0.751847940992
0.656315344251,0.756071805828
0.656300051915,0.759239704896
0.656301578473,0.789862724959
0.656323386221,0.749736008574
0.656342821457,0.761351637188
0.656322639054,0.749736008699
0.656328048223,0.762407602768
0.656372323459,0.772967265299
0.656429117685,0.76557550215
0.656347617208,0.765575502025
0.656399307118,0.776135163927
0.656307020497,0.767687434569
0.656429745391,0.76029567035
0.65643622159,0.769799366987
0.656304698811,0.762407602642
0.656240354496,0.785638859368
0.656258331307,0.757127772163
0.656293164777,0.770855332755
0.656348938266,0.778247096345
0.656343557578,0.757127771597
0.656375187314,0.761351636559
0.656440342115,0.759239704141
0.656391571291,0.761351636244
0.656280566672,0.785638860123
0.656288049855,0.757127772352
0.656311729012,0.774023231382
0.656295676166,0.765575501269
0.656380687306,0.762407603208
0.656334309039,0.757127772163
0.656324628068,0.769799366546
0.656299972736,0.749736007944
0.656303160357,0.775079196962
0.656370188958,0.75395987341
0.656341733688,0.772967265173
0.656351156509,0.767687433813
0.65639068383,0.772967265488
0.656349860564,0.752903907641
0.656291120093,0.755015839304
0.656238650948,0.780359028196
0.65626378359,0.749736008385
0.656289126012,0.761351637314
0.656343087035,0.775079197717
0.656369941854,0.759239704581
0.656334890609,0.770855332126
0.656319918892,0.766631467478
0.656324223833,0.766631468045
0.656315616783,0.76557550108
0.656356537481,0.768743399896
0.65634793619,0.744456177528
0.656219821356,0.775079197403
0.656315813221,0.766631468045
0.656247897788,0.763463569103
0.656273341166,0.767687434065
0.656267852818,0.757127772037
0.656240279911,0.780359029078
0.656252480925,0.746568109946
0.656311750853,0.74868004249
0.656260057009,0.75395987341
0.656205934292,0.779303061798
0.656264501867,0.752903907012
0.656361375024,0.774023230753
0.656308818266,0.76557550215
0.65631370484,0.761351637125
0.656336446498,0.763463569418
0.656478604394,0.767687433687
0.656424264847,0.759239704015
0.656256695672,0.751847941244
0.656274586255,0.750791974594
0.656294059917,0.787750792415
0.656320808052,0.751847940362
0.656265034973,0.762407603334
0.656237978429,0.749736008133
0.656304995953,0.778247096093
0.656389294607,0.757127772478
0.656361294208,0.767687433499
0.656305225182,0.767687434254
0.656265227508,0.767687433687
0.656314336007,0.752903907201
0.656353674066,0.759239704455
0.656295539648,0.760295670539
0.656300993064,0.761351636874
0.656269076696,0.772967265048
0.656241478172,0.764519535941
0.65630325162,0.746568109317
0.656326860095,0.771911298775
0.656399712328,0.758183738246
0.656350573491,0.753959873725
0.656268779995,0.744456177214
0.656232860675,0.786694826332
0.656259392861,0.753959873536
0.656266612765,0.768743400778
0.656293776937,0.743400211319
0.656316553338,0.77191129865
0.656311995754,0.749736008574
0.656311743048,0.781414994405
0.656292134693,0.75501584006
0.656275264502,0.784582893159
0.65630308508,0.750791975223
0.656284140685,0.802534318587
0.656224441031,0.738120379959
0.656279215591,0.772967264544
0.656404414927,0.768743400337
0.656344986012,0.777191129569
0.656206848818,0.769799366987
0.656208129594,0.775079197906
0.656215864854,0.762407602768
0.6562618989,0.758183738246
0.656276598274,0.757127772352
0.656291594947,0.76557550171
0.656329792744,0.742344245425
0.656329782485,0.767687433813
0.656288365061,0.751847940992
0.65629196702,0.772967265048
0.656299844022,0.764519535941
0.656279606955,0.76451953506
0.656289283489,0.755015839619
0.656313540943,0.759239704896
0.656306830857,0.76663146729
0.656340186674,0.764519535186
0.656257607491,0.781414994846
0.656271113388,0.756071806143
0.656272599664,0.77191129909
0.656295498988,0.749736008133
0.65630247248,0.753959873095
0.656328555586,0.771911298524
0.656270293588,0.766631467478
0.65625772091,0.751847940551
0.656336720163,0.756071805608
0.656381133963,0.766631467919
0.656388334072,0.761351637314
0.656309680992,0.751847940362
0.656217761944,0.764519535627
0.656186919152,0.76663146773
0.656320094244,0.763463569732
0.656246064142,0.768743400022
0.656326712563,0.756071805828
0.656301679241,0.774023230753
0.656247159936,0.759239704581
0.656292637965,0.763463569732
0.656260825261,0.757127772289
0.656320226482,0.761351636244
0.65631415798,0.780359028196
0.65629366056,0.76451953506
0.656239294389,0.75501583899
0.656344280072,0.772967264859
0.656318912851,0.766631467604
0.656248680578,0.766631467604
0.656263234875,0.753959873851
0.656285593918,0.770855333196
0.656274676449,0.748680042365
0.656266959378,0.770855332881
0.656277107966,0.75501583899
0.656192060257,0.778247096219
0.656199254418,0.745512143863
0.656273533638,0.776135163927
0.656276903787,0.76451953506
0.656287492203,0.757127772352
0.656381697627,0.758183738341
0.656309877366,0.765575501521
0.656263563865,0.768743400652
0.656192238316,0.780359028196
0.656184965794,0.761351637314
0.656248560362,0.770855332755
0.65636185891,0.762407602453
0.656338625876,0.779303062302
0.656254477964,0.766631468359
0.656151264623,0.765575501395
0.656157367144,0.76663146773
0.656203216774,0.782470961496
0.656206997546,0.761351636874
0.65622609432,0.746568109317
0.656252048776,0.769799366987
0.656262825069,0.761351637314
0.656276371625,0.76029567079
0.656235022807,0.759239704896
0.656219542593,0.760295670224
0.656241118719,0.768743400589
0.656286156794,0.75395987341
0.656267786164,0.772967264985
0.65632150666,0.769799366106
0.65629641043,0.761351636433
0.656200347191,0.758183737806
0.656136463411,0.769799366106
0.656193276456,0.775079197277
0.656305499351,0.769799366231
0.656289106437,0.760295670539
0.65628362174,0.76557550215
0.656271861215,0.75923970477
0.656276859194,0.77613516336
0.656272432117,0.749736007944
0.65621429965,0.777191130136
0.656216586908,0.758183738372
0.656213176288,0.784582893159
0.6562195847,0.756071806269
0.656266077834,0.771911298964
0.656339904449,0.760295670664
0.656321473081,0.761351636999
0.656213429687,0.757127772289
0.656305780318,0.772967265614
0.65627862716,0.751847940677
0.656217818401,0.757127771722
0.656209639536,0.765575501836
0.656289057847,0.775079197906
0.65619604716,0.765575501521
0.656208133685,0.756071806143
0.65623121176,0.75501584006
0.656233297041,0.767687433499
0.656289737857,0.772967264733
0.656260649216,0.762407602768
0.65624618889,0.747624076596
0.656341851891,0.758183738057
0.656243814397,0.78247096074
0.656201617613,0.748680042365
0.656178284724,0.756071805828
0.656255252762,0.763463569103
0.656360216163,0.76979936642
0.656289112543,0.771911299216
0.656229596141,0.759239703826
0.656168094973,0.747624075715
0.656219887507,0.779303062428
0.656286552438,0.744456176899
0.656340020196,0.765575501395
0.656261027615,0.762407603083
0.656154189027,0.757127771722
0.656229219253,0.766631468359
0.656192123198,0.764519535186
0.656233596764,0.761351636244
0.656291521275,0.769799366672
0.65634332495,0.762407603397
0.656224139641,0.768743400463
0.656204632683,0.763463568977
0.65618213687,0.767687434002
0.656292747356,0.745512143423
0.656333669186,0.750791974783
0.6562180093,0.770855332881
0.656160769329,0.750791974153
0.656150094937,0.768743400778
0.656184011049,0.757127771722
0.656227642845,0.77191129865
0.656277461503,0.761351636433
0.656251892243,0.777191129695
0.656259051315,0.743400211319
0.656256099941,0.770855332315
0.65624671759,0.777191130136
0.656231600669,0.776135164241
0.656252413705,0.757127771597
0.656280129298,0.751847940992
0.656228558441,0.751847941118
0.656189674624,0.761351636244
0.656208370845,0.767687433813
0.656253470602,0.763463569606
0.656263581991,0.749736008133
0.656234219057,0.767687434254
0.656250609705,0.761351636685
0.656225220864,0.785638859808
0.65620262677,0.775079197277
0.65630067748,0.769799366357
0.656204506676,0.784582893284
0.65614981718,0.76029567079
0.656225849293,0.759239704581
0.656195957029,0.778247095778
0.656188486055,0.753959873851
0.656206235337,0.774023231508
0.656199901258,0.759239704455
0.656225580285,0.77719113045
0.656252901336,0.748680041924
0.656210717644,0.766631468359
0.656262056377,0.767687434569
0.656258447306,0.761351636559
0.656243525941,0.771911298964
0.656229939859,0.763463569229
0.656172632605,0.771911299405
0.656197702054,0.760295670664
0.656278550625,0.765575501836
0.656246071506,0.75290390676
0.656174049584,0.782470961055
0.656172801411,0.756071806143
0.656167574644,0.775079197843
0.656238181286,0.760295670476
0.656311615027,0.767687434443
0.656269796547,0.766631467604
0.656136674073,0.767687433939
0.656152113879,0.779303062868
0.656259533093,0.761351637314
0.656327753724,0.745512143108
0.656327336492,0.758183738498
0.656227640705,0.770855332126
0.656163080441,0.768743400778
0.656123954681,0.772967265173
0.656157903649,0.772967265488
0.656196289606,0.761351637188
0.656254616874,0.761351636244
0.656195606702,0.75501584006
0.65622563583,0.77719113001
0.656205706259,0.747624075967
0.656225418465,0.752903906571
0.656268107413,0.767687434254
0.656225244152,0.755015839178
0.656221269428,0.753959873851
0.656194595626,0.778247095778
0.656174079921,0.746568110387
0.656233792761,0.768743400463
0.656289665443,0.768743399896
0.656236689408,0.750791974657
0.656170321556,0.761351637188
0.656247527383,0.766631468045
0.656299970155,0.761351637125
0.656201375261,0.757127772037
0.656139094764,0.761351636874
0.656130703916,0.767687434128
0.656167903571,0.753959873536
0.656200951168,0.771911298335
0.656236883642,0.770855332315
0.65626515714,0.769799366861
0.656215169047,0.757127771722
0.656276084113,0.761351636433
0.656200783463,0.763463569418
0.656182128877,0.769799366861
0.656177963098,0.761351636874
0.656241052632,0.764519534871
0.656219938174,0.76663146773
0.656153891948,0.766631467793
0.656194446583,0.766631467919
0.656247854359,0.763463569732
0.65621120109,0.762407602453
0.656237977422,0.765575502025
0.656214756661,0.763463569418
0.656226645616,0.750791974783
0.656187394856,0.761351636874
0.656178658905,0.769799366546
0.656201537207,0.747624075841
0.656233421538,0.778247096345
0.656192436767,0.763463569418
0.656188946339,0.756071805954
0.656214945671,0.756071805199
0.656222230718,0.768743400778
0.656153408565,0.747624076281
0.656192172858,0.762407602642
0.656191013242,0.761351636968
0.656216543919,0.780359028763
0.656187485553,0.756071805199
0.656194621337,0.772967265488
0.656187589028,0.761351636244
0.656166348878,0.760295670224
0.656153776074,0.768743400337
0.656194261915,0.771911298775
0.656209626885,0.756071806269
0.656216602957,0.768743399896
0.656190519789,0.750791974783
0.656201764485,0.758183738687
0.656215396514,0.764519535941
0.656260429806,0.770855332126
0.656255920308,0.757127771722
0.656125828923,0.77191129909
0.65622263744,0.753959873095
0.6561535493,0.770855333196
0.656148065735,0.758183737617
0.65618152597,0.76557550171
0.656182014766,0.758183737932
0.656222709192,0.76557550171
0.656233945643,0.763463568851
0.656168117631,0.765575501962
0.656205389165,0.776135163927
0.656200495793,0.765575502025
0.656190229255,0.760295670664
0.656166034742,0.771911298964
0.656175995452,0.764519534871
0.656237391635,0.755015839713
0.656164412828,0.763463569292
0.656130401235,0.760295670916
0.656206335853,0.772967264733
0.656163828206,0.761351637188
0.656128084836,0.757127771408
0.65616359756,0.764519535501
0.656153533124,0.766631467604
0.656156335235,0.765575501269
0.656157259579,0.767687433499
0.656142509412,0.74868004205
0.656190623389,0.768743400337
0.656211405993,0.759239704896
0.656242446858,0.742344244984
0.656294515229,0.788806758436
0.656224290761,0.751847941432
0.656198052947,0.758183738372
0.656160524931,0.779303061987
0.656199879858,0.756071805639
0.656165224131,0.764519535941
0.656148921978,0.765575501269
0.65610878917,0.75501583943
0.656210587042,0.772967265614
0.656258892988,0.762407603397
0.656201762471,0.748680042805
0.656149848367,0.748680042365
0.656150448536,0.778247096219
0.656173388016,0.764519535186
0.656224424572,0.755015839745
0.656167022215,0.770855333196
0.656163320433,0.768743400778
0.65617334037,0.763463569418
0.656199114564,0.772967264859
0.656218941637,0.753959873536
0.656218539888,0.78880675875
0.656189170093,0.760295670224
0.656193295842,0.76557550171
0.656156369474,0.76557550215
0.656187976552,0.762407603083
0.656241099963,0.763463568662
0.656178421808,0.772967264859
0.65617197752,0.771911298524
0.656141961389,0.761351636244
0.656191149068,0.766631468045
0.656195347954,0.745512143737
0.656207597684,0.775079197906
0.656135838648,0.749736008888
0.65614495937,0.767687433499
0.656225068705,0.770855332629
0.656338416347,0.764519535753
0.656169429815,0.776135163486
0.656095910664,0.767687433687
0.656104155239,0.75501583899
0.656130327028,0.781414995287
0.656177651511,0.757127772037
0.656291283549,0.769799366861
0.656220848514,0.762407603397
0.656128657468,0.762407602453
0.656153499608,0.745512144052
0.656159733958,0.772967264733
0.656088467636,0.767687434443
0.656141216173,0.757127772037
0.656213771642,0.762407602894
0.656191423897,0.763463568851
0.656231202948,0.762407602894
0.656254774036,0.753959873851
0.656174308521,0.781414995161
0.656099754314,0.767687434128
0.656086682896,0.777191129569
0.656140304417,0.749736008699
0.656157167182,0.771911298524
0.656197116393,0.763463569103
0.656147515006,0.77719113045
0.656116198902,0.759239704141
0.656113859026,0.759239703826
0.65618142023,0.761351636874
0.656193762042,0.775079198032
0.656148451812,0.744456176899
0.656159064208,0.766631467478
0.656119221934,0.761351636559
0.656135680746,0.771911298964
0.656119963247,0.761351636559
0.656177289383,0.767687433499
0.656145352182,0.770855332881
0.656157980436,0.760295670979
0.656137054894,0.761351637188
0.656141227377,0.763463569418
0.656157376081,0.763463569732
0.656113066228,0.762407603523
0.65612835762,0.772967265614
0.656135946166,0.764519535627
0.656134541208,0.75501584006
0.656134992932,0.768743400778
0.656171362717,0.768743399896
0.656190406685,0.77191129865
0.656212454361,0.749736008888
0.656238596473,0.771911299405
0.656159954942,0.745512143423
0.656190950239,0.778247095904
0.656148897683,0.752903907327
0.656200009138,0.758183737617
0.656121175166,0.770855332755
0.656074713377,0.769799366987
0.656078467745,0.767687434128
0.65612212349,0.774023231382
0.656193561514,0.768743400337
0.656150829137,0.75923970477
0.656156420267,0.761351636433
0.656160555961,0.778247096219
0.656155455578,0.759239704392
0.656202262092,0.760295670224
0.656191356205,0.76557550215
0.656118982414,0.759239704455
0.656108136603,0.772967265173
0.656136362895,0.748680041735
0.656164902379,0.775079197151
0.656151181038,0.764519535501
0.656139689992,0.770855333196
0.656135459542,0.756071805828
0.656172775794,0.767687434569
0.656145406814,0.765575502025
0.656152451366,0.749736008574
0.65614436131,0.770855332315
0.65615088314,0.756071805828
0.656124886892,0.771911298335
0.656258128513,0.769799366641
0.656242966337,0.77191129865
0.656192499141,0.764519534871
0.656133932385,0.759239704141
0.656142953142,0.75923970477
0.656150151961,0.768743400463
0.656130155956,0.757127772163
0.656191779983,0.762407602894
0.656213128642,0.762407602768
0.656141821409,0.757127771974
0.656098628025,0.768743400337
0.656052271756,0.762407602768
0.656081685326,0.768743400337
0.656144775395,0.744456177088
0.656183690934,0.762407602768
0.656251285811,0.768743400022
0.656178839481,0.768743400778
0.656154536395,0.763463569292
0.656155446641,0.752903907327
0.656157524763,0.766631467478
0.656113919701,0.766631468359
0.656079046704,0.769799366231
0.656169595065,0.74762407603
0.656224474925,0.755015839619
0.656192132135,0.751847940677
0.656151106579,0.776135164241
0.656112909128,0.744456176899
0.656113932037,0.769799366231
0.656203979361,0.745512144178
0.656186159775,0.778247095904
0.656178683892,0.767687433499
0.656144446563,0.760295670979
0.656110478304,0.761351637314
0.656125304817,0.762407603523
0.656202159279,0.762407603397
0.656202281982,0.762407602768
0.656194156679,0.761351636244
0.656141881612,0.771911298964
0.656116404119,0.775079198032
0.656136125987,0.767687433687
0.656121373302,0.75501583899
0.656139990344,0.774023231508
0.656142803218,0.772967264544
0.656159542808,0.752903907201
0.656124180448,0.758183738341
0.656092769178,0.76557550171
0.656122417485,0.775079197277
0.656171856108,0.758183738246
0.656138545168,0.757127772163
0.656131086342,0.76768743438
0.656140867735,0.77613516336
0.656134385494,0.752903907641
0.656138652418,0.763463569606
0.656143160216,0.772967265614
0.656143484171,0.761351636433
0.656118443737,0.765575502025
0.656120881674,0.781414994405
0.656133753068,0.751847941432
0.656184241097,0.770855332441
0.656191928334,0.762407603208
0.656119154273,0.753959873851
0.656110541999,0.761351637188
0.656177220589,0.76029567079
0.656126672829,0.769799366483
0.656143571344,0.757127772163
0.656134707308,0.757127772478
0.656147496627,0.758183737617
0.656113003602,0.768743400337
0.656132654441,0.746568109632
0.656108100538,0.745512143108
0.656191155362,0.78775079166
0.656159178256,0.767687433687
0.65621264614,0.767687433813
0.656127465218,0.766631467604
0.656084680161,0.768743400022
0.656117074609,0.765575501584
0.656132114349,0.752903906571
0.656157927818,0.766631467793
0.656153709137,0.763463568851
0.656174896322,0.762407602642
0.656167111905,0.767687434128
0.656101953832,0.775079198032
0.656078877645,0.758183737806
0.656090771951,0.75923970455
0.656108745929,0.760295670664
0.656125433531,0.766631468359
0.656146332102,0.756071805513
0.656128667979,0.769799366672
0.656108032625,0.761351637188
0.656122497231,0.758183738372
0.656109872438,0.767687434443
0.656179150218,0.770855332755
0.656170664644,0.750791974877
0.656145329523,0.752903907201
0.656154160043,0.77719113045
0.656137816569,0.757127771408
0.656102955184,0.776135164241
0.656070667499,0.736008447541
0.656102790878,0.775079197592
0.656108182549,0.762407603083
0.656100256233,0.766631468045
0.656106430726,0.761351637314
0.656093563141,0.762407603523
0.656114799546,0.765575501836
0.656104208046,0.751847941118
0.656131300591,0.778247095904
0.656108004868,0.747624076596
0.656116680711,0.767687433813
0.656194822526,0.746568109317
0.656228800132,0.766631468359
0.656279705709,0.746568109506
0.656083435166,0.774023231508
0.656048118187,0.75395987341
0.65610053679,0.77191129865
0.656149466539,0.742344244795
0.6561383819,0.774023230753
0.656107892551,0.760295671105
0.656059695083,0.762407602642
0.656073596057,0.762407603523
0.656097963972,0.766631467604
0.656113740887,0.762407602768
0.656150851796,0.758183738372
0.656125110268,0.764519535186
0.65610227722,0.764519535815
0.656147921224,0.769799366106
0.656107815543,0.767687433813
0.656140029871,0.751847941432
0.656185046421,0.761351637314
0.656150290996,0.753959873536
0.656116196195,0.758183738246
0.656121176676,0.760295670224
0.656099816751,0.775079197906
0.656124858286,0.760295670664
0.656186143725,0.768743400589
0.656166330059,0.75501583943
0.656121238987,0.775079197717
0.656098765959,0.757127772037
0.656108292003,0.745512143108
0.656099296233,0.775079198032
0.65610311156,0.763463569606
0.656126684347,0.768743400463
0.656145191117,0.775079197277
0.656119050106,0.760295670539
0.656126831565,0.758183738687
0.656107079643,0.76663146773
0.656091298007,0.780359028763
0.656102390765,0.749736008133
0.656088620519,0.772967265614
0.656115307224,0.748680042365
0.656136778554,0.767687434569
0.656097942131,0.768743400778
0.656075783239,0.781414994846
0.656107443879,0.766631467919
0.656170809219,0.762407602894
0.656157532961,0.76557550215
0.656119725457,0.765575502025
0.656166189009,0.772967264544
0.656167583833,0.76557550171
0.656140297557,0.763463568977
0.656096621797,0.757127772037
0.6560944208,0.767687434443
0.656105948162,0.753959873095
0.656078547774,0.763463569292
0.6560509045,0.748680042365
0.656067998319,0.76557550171
0.656128536119,0.76557550171
0.656120359394,0.757127771722
0.656117658995,0.768743400337
0.656147149825,0.776135164241
0.656080799219,0.756071805639
0.656074674416,0.762407603397
0.656118815212,0.762407603397
0.65611186419,0.769799366357
0.656105777593,0.762407603334
0.656146972522,0.758183738498
0.656121622043,0.76663146729
0.656118902511,0.756071805513
0.656155797219,0.756071805608
0.656174640878,0.783526927264
0.656104761733,0.756071806269
0.656083623547,0.769799366106
0.656078028987,0.746568109946
0.656057393916,0.769799366231
0.656140769799,0.749736008888
0.656183051459,0.763463569732
0.656164077104,0.756071805639
0.656114800805,0.768743400022
0.656122213432,0.767687433687
0.656168152878,0.774023231194
0.656176210709,0.770855333196
0.656169152562,0.760295670224
0.656121021591,0.750791974909
0.656074633946,0.758183738687
0.656076400748,0.762407603523
0.656118863173,0.781414994405
0.656143071407,0.762407603083
0.656090039701,0.775079196962
0.656062122069,0.783526927579
0.656101204274,0.749736008574
0.656149884621,0.763463568977
0.6561412146,0.759239704707
0.656128417162,0.761351637314
0.656080311241,0.77719112938
0.656081232879,0.757127772478
0.656120906788,0.77191129909
0.6561148251,0.761351637314
0.656120441468,0.757127772352
0.656078955377,0.768743400463
0.656067157056,0.761351636748
0.656088520129,0.764519535186
0.656071391189,0.746568109506
0.656040861463,0.761351636968
0.656081528636,0.765575501962
0.656136433042,0.766631467919
0.656110539293,0.756071805388
0.656083157221,0.772967264733
0.656058063603,0.751847941432
0.656071824723,0.774023231068
0.656138468192,0.748680042365
0.656112868091,0.781414995287
0.656046474622,0.756071805702
0.65605534942,0.770855332441
0.656070117147,0.751847940362
0.656114159945,0.777191130136
0.656108716347,0.739176346168
0.656097139168,0.774023231382
0.656088371211,0.75395987341
0.656171833072,0.758183738687
0.656179554359,0.766631468045
0.656112580453,0.765575501395
0.656079766554,0.761351636244
0.65608831595,0.775079197151
0.656074936752,0.772967264985
0.656115981694,0.765575501269
0.656133446547,0.76451953506
0.65609094126,0.752903906886
0.656084313879,0.759239704707
0.656071674799,0.763463569071
0.656111399878,0.761351636559
0.656121482315,0.767687433813
0.656121714629,0.751847941432
0.656115653522,0.757127771408
0.656081091892,0.762407603397
0.656052321731,0.770855332441
0.656060670976,0.767687433939
0.656098484521,0.765575502025
0.6561563482,0.761351637125
0.656131942521,0.767687434254
0.656066240454,0.759239704455
0.656110783628,0.763463568977
0.656133025916,0.776135163675
0.65621381312,0.762407603208
0.656155170458,0.761351637125
0.656106122318,0.763463569732
0.656094144868,0.759239704141
0.656046576774,0.775079197717
0.656123206759,0.752903907641
0.656139449308,0.760295671105
0.656092455923,0.761351636874
0.65606391474,0.76029567035
0.65608894504,0.760295671105
0.656069484501,0.769799366231
0.656072367396,0.76557550108
0.656138407517,0.78775079166
0.656098013946,0.760295671105
0.656076532797,0.76557550215
0.65606059658,0.76663146773
0.656084420563,0.764519535501
0.656046862839,0.766631468359
0.656102394038,0.75501583899
0.656102197097,0.767687434128
0.656074323397,0.780359028763
0.656095908713,0.762407602642
0.656056994055,0.769799366798
0.656064959678,0.766631467478
0.656088808207,0.750791974594
0.656137603893,0.782470961307
0.656071987739,0.747624076407
0.656042591005,0.768743400652
0.656090871397,0.757127771597
0.656097117863,0.76029567035
0.65607874547,0.776135164052
0.656052522196,0.768743400148
0.656046203663,0.772967264985
0.656073131934,0.759239704141
0.656092605911,0.772967265488
0.656083481396,0.75290390676
0.656157689777,0.775079198032
0.656114388733,0.749736008699
0.656095018042,0.763463568662
0.656089879643,0.760295670035
0.65611493342,0.769799365917
0.656054117738,0.761351636748
0.656017728504,0.76663146773
0.656001549997,0.768743399896
0.65603729557,0.758183738246
0.656050512254,0.774023231508
0.656110954448,0.779303062868
0.656075924981,0.757127771848
0.656098779743,0.759239704141
0.656078198392,0.758183737932
0.656047268868,0.766631468359
0.656012066755,0.748680041924
0.656077829183,0.764519535501
0.656083004339,0.769799366231
0.656079214125,0.768743400274
0.656068297978,0.760295670916
0.656111001213,0.772967265299
0.656080338494,0.762407603083
0.656050757345,0.766631467478
0.65603414288,0.777191130136
0.656045716881,0.767687434569
0.656044853904,0.762407603177
0.656090385685,0.74762407647
0.656138367235,0.762407602768
0.656130856106,0.761351636559
0.656075377399,0.766631467919
0.656044783033,0.763463568977
0.656035791418,0.764519535186
0.656056349293,0.769799366798
0.656026678327,0.775079197592
0.656095196887,0.764519535815
0.656107682487,0.761351636874
0.656058454967,0.76451953506
0.656042468837,0.751847941306
0.656040655081,0.751847940551
0.65605670648,0.763463568977
0.656068809559,0.745512143863
0.656060563914,0.763463568977
0.656097970266,0.755015839745
0.656120149865,0.763463569103
0.656135617365,0.776135163801
0.656086886728,0.770855332755
0.656057279805,0.757127771911
0.656084815231,0.761351636433
0.656067753228,0.761351637125
0.656042564444,0.764519535941
0.656017343938,0.761351636244
0.656030114563,0.762407603208
0.656060669339,0.762407603083
0.656092731603,0.763463569103
0.656061402596,0.766631467478
0.656064285144,0.748680041924
0.656079464062,0.775079197906
0.65606806598,0.759239704455
0.65609955901,0.759239704455
0.656055952138,0.757127771722
0.65606924989,0.757127772352
0.656077824336,0.759239704581
0.656072371424,0.770855332755
0.656060353252,0.76557550215
0.656036152004,0.756071805702
0.656047142546,0.75501584006
0.656069722699,0.764519535501
0.65607223478,0.762407603397
0.656062232529,0.758183737617
0.656071277266,0.760295670224
0.656105332352,0.778247096219
0.656117796268,0.764519535627
0.656103051137,0.768743399896
0.656053019237,0.767687434128
0.656038913895,0.748680042616
0.656062058939,0.768743400148
0.656062001915,0.76557550171
0.656064807299,0.758183738183
0.656104030239,0.772967264859
0.656091275789,0.766631467604
0.656055031382,0.767687433813
0.656071686568,0.763463568977
0.656051464418,0.76557550171
0.656033912266,0.768743400778
0.656046764148,0.750791974468
0.656060903478,0.76663146729
0.65607488168,0.762407603083
0.656080713368,0.756071805639
0.656050639898,0.768743400337
0.656064848053,0.762407602642
0.656025779852,0.76557550171
0.65603807836,0.762407602894
0.65603821469,0.772967265425
0.656042284988,0.767687434254
0.656072545706,0.766631468359
0.656083889093,0.762407602453
0.656117881647,0.762407603523
0.656048743406,0.757127772037
0.656020676983,0.784582893159
0.65604549766,0.753959873095
0.65606783845,0.774023231068
0.656052710199,0.757127771722
0.656058410468,0.768743400652
0.656091598233,0.752903907641
0.656081173368,0.753959873095
0.656068548733,0.768743400463
0.656063005627,0.767687434128
0.656065293325,0.758183737932
0.656073981316,0.768743400337
0.656133920552,0.771911298524
0.656123636643,0.748680041924
0.656058730457,0.777191129569
0.656045907025,0.763463569292
0.656027447586,0.772967264859
0.656033076794,0.749736008385
0.656052639769,0.772967265299
0.656026221757,0.744456177339
0.656025793887,0.772967264985
0.65605838334,0.750791974909
0.656041749679,0.769799366546
0.656061414806,0.761351636874
0.656022642205,0.777191130136
0.65602688238,0.761351636244
0.656038676421,0.770855332566
0.65608572041,0.755015839304
0.656048874669,0.770855332755
0.656058043619,0.753959873536
0.656063580903,0.757127771848
0.656094804485,0.758183738372
0.656043428113,0.766631467793
0.656019654483,0.740232313007
0.656033364055,0.765575501836
0.656073272039,0.763463568977
0.656069346063,0.761351636433
0.656076171015,0.763463568662
0.656049999919,0.775079198032
0.656071082277,0.753959873504
0.656055828586,0.777191130324
0.656075253595,0.746568110072
0.656051034661,0.761351636999
0.656025153625,0.761351637188
0.656094581864,0.766631467919
0.656127275547,0.747624076281
0.656028490982,0.748680041924
0.656024963702,0.779303061987
0.65603694282,0.766631467793
0.65603207667,0.757127772037
0.656004816955,0.75501584006
0.656014788805,0.763463569103
0.656041040749,0.774023231697
0.656046204293,0.745512143674
0.656078016431,0.768743400337
0.656119425735,0.761351636559
0.656097962209,0.759239704581
0.656040774228,0.752903907327
0.656043579989,0.766631468234
0.6560454463,0.762407602642
0.656007571734,0.757127772289
0.656009664191,0.764519535186
0.656041465755,0.755015839178
0.656083706125,0.766631467604
0.656071072332,0.760295670664
0.656048178484,0.774023231697
0.656052927785,0.757127771848
0.656082212044,0.757127771597
0.65605732657,0.761351636433
0.656029750138,0.776135163171
0.656020850478,0.752903906571
0.656051679423,0.766631468045
0.656106610547,0.749736009014
0.656085690072,0.76557550171
0.656039383432,0.760295670539
0.656024664672,0.77719113045
0.656042859005,0.766631468045
0.656027367462,0.763463569418
0.656048950386,0.759239703826
0.656036164088,0.769799366798
0.65606503508,0.763463569543
0.656077321505,0.758183738561
0.656050200321,0.758183737617
0.656032394394,0.771911298524
0.656028947961,0.750791974468
0.656098492231,0.77719113001
0.656107299935,0.767687433499
0.65603213747,0.767687433813
0.656026118251,0.749736008574
0.656016946342,0.745512143548
0.656085729725,0.772967265488
0.656049584134,0.759239704581
0.656038946499,0.772967265614
0.656029893768,0.768743400337
0.656063930726,0.764519535941
0.656048247907,0.747624076407
0.656046635435,0.766631467604
0.656038344032,0.759239704707
0.656024116586,0.772967264733
0.656062846954,0.775079197151
0.656043300911,0.760295671105
0.656024530986,0.758183737932
0.656051620636,0.771911298964
0.656075765742,0.768743400337
0.656050001933,0.761351636874
0.656025704952,0.761351636244
0.656058358353,0.764519534871
0.656091961903,0.770855332126
0.656050623219,0.757127771722
0.656069631436,0.761351637188
0.656075966144,0.75395987341
0.656099338088,0.776135164241
0.656047005966,0.774023231823
0.656030002655,0.771911298335
0.656000747537,0.767687434569
0.656005732566,0.766631467478
0.656034976779,0.768743400463
0.65602791366,0.768743400022
0.656056353903,0.767687433687
0.656050889709,0.761351636433
0.656002968266,0.757127772352
0.656001485577,0.750791974468
0.656020832855,0.749736008825
0.656066742908,0.77191129909
0.656043970346,0.756071805954
0.656021974784,0.780359028322
0.656009289443,0.756071805954
0.656036958209,0.756071805828
0.656047023022,0.761351637314
0.656059804159,0.776135164241
0.656071610536,0.762407602642
0.656073740254,0.759239704141
0.656048370767,0.762407602642
0.656025605192,0.760295670224
0.655994814766,0.752903907012
0.656021136857,0.77191129909
0.656049156548,0.76451953506
0.656018773694,0.764519535375
0.656036318544,0.751847941432
0.656082991467,0.761351636748
0.656078463371,0.759239704455
0.656080713179,0.760295670035
0.656077144831,0.772967265048
0.656033313451,0.758183738246
0.656005032966,0.769799366546
0.656009094894,0.762407602453
0.656000850256,0.769799366357
0.65601509457,0.768743400022
0.656035581259,0.752903906886
0.656036608763,0.757127771597
0.656038666728,0.757127771408
0.656015046043,0.757127772289
0.656017074175,0.770855332881
0.656006372781,0.760295670224
0.656035035188,0.759239704392
0.656088205772,0.788806757869
0.656061758398,0.746568110387
0.656070385651,0.763463569292
0.656032068551,0.762407602768
0.656064921032,0.767687434128
0.656011328022,0.76557550171
0.656047912183,0.771911298838
0.656033109523,0.766631468045
0.656028346628,0.758183738372
0.656024057989,0.774023230753
0.656010321604,0.751847940677
0.656027802192,0.770855332441
0.656051254952,0.753959873095
0.656033168687,0.752903907201
0.656049309021,0.766631468171
0.656055778548,0.769799366546
0.656031395465,0.764519535941
0.656030045203,0.749736008133
0.656069950292,0.755015839619
0.656069999574,0.750791974594
0.656063254242,0.756071805923
0.656060043333,0.769799366861
0.656014614838,0.758183737932
0.65600707035,0.756071805513
0.656023951871,0.771911299279
0.656042677863,0.759239704141
0.656002465624,0.756071806269
0.656009319528,0.758183737932
0.656048167155,0.762407602768
0.656040762206,0.769799366987
0.656030582494,0.777191130324
0.656048024657,0.753959873725
0.656071207591,0.756071805513
0.656048044169,0.756071805513
0.656046419234,0.747624076596
0.656037551045,0.760295670224
0.656026627723,0.771911299216
0.656036036823,0.770855332441
0.656007321357,0.752903907453
0.656000970598,0.748680042679
0.656027775883,0.768743400022
0.656030560874,0.750791975097
0.656018664681,0.772967265614
0.656016913739,0.750791974594
0.656040675285,0.76029567035
0.656057208304,0.76557550108
0.656052701639,0.772967265299
0.656048556567,0.752903907201
0.656031388667,0.771911299405
0.656020845097,0.763463569292
0.656029065597,0.767687434254
0.656038592395,0.757127771848
0.656005659098,0.775079197151
0.656029169575,0.75501584006
0.656025861611,0.761351636968
0.656026182545,0.761351636999
0.6560292446,0.774023231382
0.656049276166,0.752903906571
0.656059455532,0.766631468234
0.656041293109,0.772967265299
0.656058181176,0.772967264859
0.656049472792,0.751847940992
0.65603644795,0.774023231194
0.656065073159,0.755015839619
0.65603243927,0.772967264544
0.656029609812,0.76451953506
0.656037679695,0.770855332566
0.656014991851,0.739176346735
0.656015921105,0.782470961496
0.656025506942,0.768743400211
0.656019616845,0.75501584006
0.656064902402,0.770855332692
0.656035278264,0.764519534871
0.656008095965,0.756071805199
0.656020238508,0.76557550108
0.656028617712,0.758183738498
0.656069234155,0.75501583899
0.656067608088,0.769799366672
0.656048940379,0.762407602453
0.65602609789,0.770855332441
0.656025716659,0.769799366987
0.656017874148,0.747624075841
0.655989565026,0.769799366546
0.65602328489,0.761351637314
0.656039838523,0.763463569606
0.656024543637,0.756071805828
0.655995461669,0.78880675875
0.655981121496,0.748680041924
0.656015127111,0.770855332566
0.656066517581,0.771911298335
0.656043065765,0.763463568851
0.656024194884,0.769799365917
0.656038095543,0.770855332755
0.656071617082,0.757127771408
0.656036820369,0.766631468045
0.655989884134,0.76029567079
0.655994533548,0.767687434254
0.656000455902,0.775079197592
0.656007879733,0.762407602957
0.656053891529,0.762407602768
0.656093425207,0.767687433813
0.656077775809,0.766631467604
0.65601686068,0.765575501836
0.655989938011,0.752903907453
0.656001023154,0.756071805828
0.656004881909,0.758183738687
0.656001344465,0.756071806269
0.655988821699,0.755015839934
0.656007200952,0.771911298775
0.656067849401,0.763463569103
0.656052714794,0.757127771848
0.656038117698,0.760295671105
0.656028579948,0.76557550108
0.656024478746,0.765575501395
0.65607998244,0.763463569543
0.656040565139,0.756071806269
0.65601823379,0.761351637314
0.655991473382,0.775079196962
0.656006543349,0.766631468359
0.656026045555,0.769799366106
0.656047998222,0.756071805199
0.656008627624,0.767687433813
0.656012737134,0.767687433813
0.656052673694,0.761351636559
0.656019349599,0.752903907453
0.656046635246,0.766631468013
0.656044226104,0.769799366987
0.65604496896,0.759239704141
0.656038501509,0.778247096219
0.656034873179,0.776135164241
0.656025102989,0.768743400337
0.656011201544,0.769799366106
0.65601100904,0.764519535501
0.655996143818,0.765575501269
0.655999430193,0.75290390676
0.656014620314,0.761351636999
0.656043402811,0.770855333007
0.656067816546,0.763463569386
0.656033114936,0.771911298524
0.656001833764,0.758183738687
0.656009753188,0.764519535815
0.6560427586,0.757127772037
0.656019998547,0.757127772478
0.656032335544,0.751847940803
0.656022967104,0.759239704455
0.65602411067,0.769799365917
0.656005889209,0.768743400148
0.656003374736,0.768743400022
0.656047251496,0.766631468234
0.656038242132,0.770855333196
0.656004999041,0.76557550215
0.656010307065,0.770855332441
0.656071594801,0.769799366106
0.656015096207,0.749736008574
0.65602094706,0.759239704896
0.656014211987,0.761351636433
0.656019396742,0.753959873347
0.656101625723,0.76557550108
0.656074071069,0.752903906886
0.655997099695,0.765575501395
0.655998388905,0.765575501836
0.65603072068,0.757127772478
0.656053982164,0.774023230942
0.656034618836,0.746568109506
0.656024796532,0.782470960615
0.656037327166,0.761351636999
0.656035830818,0.757127771848
0.656001511257,0.752903907201
0.655994487476,0.765575501395
0.655980087384,0.764519535186
0.655984865008,0.748680041924
0.656037366692,0.774023230942
0.65610090858,0.776135164241
0.656079987286,0.756071805199
0.656039393502,0.760295670664
0.655980855069,0.757127772163
0.655987341905,0.763463569166
0.655999437305,0.759239704015
0.656006721786,0.767687433813
0.656006008985,0.765575501962
0.656022380687,0.758183738246
0.656019305541,0.763463568662
0.656002749359,0.768743399708
0.656023260532,0.757127772478
0.656019042638,0.751847941244
0.656032739685,0.770855332315
0.656057647944,0.757127772037
0.655999383617,0.768743400463
0.656045444978,0.745512143989
0.656009301276,0.764519535186
0.655994982062,0.767687433687
0.655983702308,0.734952481017
0.655977706219,0.756071805639
0.655992441847,0.759239704455
0.65601907606,0.759239704455
0.656038206193,0.775079197403
0.65603754922,0.748680042176
0.656059238639,0.782470960615
0.656050476001,0.761351636999
0.656036219161,0.762407602768
0.656059349855,0.753959872781
0.655996881543,0.771911299405
0.656013895113,0.761351636559
0.656021405487,0.760295670476
0.656026108904,0.740232312377
0.655998317027,0.77613516336
0.656029422469,0.766631468359
0.656020438973,0.770855333196
0.656042602743,0.761351637314
0.656037483699,0.772967265614
0.656050975811,0.75395987341
0.656050369065,0.777191129695
0.65600930436,0.775079197906
0.655993685236,0.766631467793
0.6560051056,0.762407602768
0.656001600129,0.781414994531
0.656024147049,0.745512143737
0.656002522018,0.765575501521
0.656010628061,0.761351636999
0.656034511208,0.781414995287
0.656042202914,0.753959873347
0.656051142603,0.780359028196
0.656036527318,0.74868004249
0.656000276868,0.768743399896
0.656021977931,0.757127771911
0.656046658219,0.761351637125
0.65603959296,0.762407602957
0.65601505989,0.760295670979
0.656017464217,0.758183738687
0.656023502224,0.764519535312
0.656012217623,0.756071805828
0.655998291536,0.76557550215
0.656031644395,0.763463569292
0.656024667945,0.755015839619
0.655990268386,0.759239704455
0.65601435225,0.765575501836
0.656019701185,0.757127772037
0.656001723115,0.77613516336
0.655994043934,0.758183737869
0.656020473528,0.772967265614
0.65604756066,0.753959873095
0.656034648198,0.75923970477
0.656000075647,0.758183738246
0.655989039914,0.768743400022
0.65598270725,0.753959873851
0.656018865964,0.778247096219
0.656021949356,0.764519535186
0.656007976064,0.752903907327
0.656016118423,0.77085533307
0.656066916309,0.763463569292
0.656036558788,0.768743399708
0.65599638809,0.758183738372
0.655978727366,0.771911299279
0.655980999329,0.757127772478
0.656018507959,0.774023231697
0.656057690114,0.771911298524
0.65601232072,0.772967264544
0.656019823604,0.760295671105
0.656006117809,0.761351637125
0.655984371491,0.756071806269
0.65597803351,0.757127771817
0.655982497753,0.760295670664
0.656017953264,0.777191129821
0.656019356523,0.763463568977
0.656043928679,0.775079197717
0.656019397497,0.767687434002
0.655981075801,0.766631467478
0.656025716219,0.759239704896
0.656031531479,0.768743400148
0.656019397434,0.762407602642
0.656024517863,0.768743399896
0.656024432862,0.755015839399
0.65601887314,0.765575501521
0.656025964015,0.763463569292
0.655992625382,0.759239704267
0.655990997111,0.758183738498
0.656020879242,0.769799366546
0.655991581891,0.763463568662
0.655980789863,0.777191130136
0.655991221746,0.766631467919
0.655985987363,0.764519535627
0.655974589154,0.765575501269
0.655998026368,0.782470961055
0.656051644554,0.768743400652
0.656025923419,0.757127772037
0.656047452088,0.764519535627
0.656049082089,0.76029567035
0.655985831585,0.763463569386
0.656026877974,0.784582893033
0.656010069527,0.762407602453
0.655976545911,0.766631467604
0.656014493489,0.757127771848
0.656017876036,0.763463569732
0.656002612464,0.752903906886
0.655970020115,0.758183737617
0.655957077096,0.753959872969
0.655967612201,0.757127771848
0.655982882194,0.771911299405
0.656006753633,0.764519535501
0.656018681675,0.769799366231
0.656023272302,0.758183738561
0.656016845512,0.767687433687
0.656012581105,0.756071805513
0.655975953641,0.763463569543
0.655983936573,0.750791974468
0.656015251984,0.749736008133
0.656021385346,0.766631468045
0.656019911406,0.756071805828
0.656020372382,0.776135163486
0.656012990784,0.764519535627
0.65606033437,0.760295670476
0.656027578943,0.780359029078
0.65597149607,0.766631468234
0.655962265595,0.762407603208
0.655973312847,0.771911299405
0.655983242843,0.751847941118
0.65599446123,0.756071805828
0.655983391697,0.767687433687
0.65599194424,0.768743400022
0.655990621734,0.765575502025
0.655969565496,0.76557550171
0.655980306228,0.761351636874
0.655969595834,0.780359028196
0.655971135987,0.774023231382
0.655973505508,0.764519535941
0.655997062246,0.759239704267
0.655997466858,0.742344245551
0.655992882871,0.780359028637
0.655985373504,0.766631468045
0.656000588801,0.74762407647
0.655988094862,0.763463569606
0.656003055659,0.763463569732
0.655979469623,0.753959873662
0.65602883942,0.778247095778
0.656000774476,0.768743400778
0.656026367967,0.76557550108
0.656000265035,0.778247095589
0.655991486536,0.758183738246
0.656002979848,0.776135163927
0.656014085131,0.769799366987
0.655999175221,0.753959873221
0.656007738275,0.767687433687
0.656011037112,0.772967264733
0.656009198683,0.760295670664
0.655992998996,0.778247096659
0.655999918957,0.752903907201
0.656010327143,0.77191129909
0.656042665967,0.760295670979
0.655989558134,0.781414994972
0.655975423682,0.752903906571
0.655990839477,0.777191129884
0.656029067737,0.762407602957
0.656057956604,0.777191130261
0.656018823857,0.746568110072
0.655983212065,0.775079197151
0.656006421497,0.757127772037
0.655992774299,0.780359028763
0.656006959292,0.752903907327
0.656024211752,0.772967265425
0.656030780788,0.767687434569
0.656006988339,0.76029567079
0.655996467143,0.753959873536
0.655998839748,0.771911298524
0.655991843912,0.762407602768
0.655963424267,0.778247096659
0.655962434087,0.749736009014
0.655967701514,0.78247096074
0.656005004832,0.758183738057
0.656006870388,0.770855332441
0.65598147132,0.75395987341
0.655989580887,0.780359029078
0.656000516105,0.752903906571
0.656012957426,0.781414994531
0.656009846466,0.757127772352
0.655997164839,0.771911298524
0.656020196841,0.762407602957
0.655981897741,0.755015839619
0.655988725337,0.758183737806
0.65599714004,0.77719113045
0.655994251701,0.757127771597
0.655983391823,0.76557550108
0.655983135781,0.757127772163
0.65603005949,0.757127772478
0.656011343506,0.766631467478
0.656015066751,0.778247096659
0.655994787199,0.755015839304
0.655977749774,0.77191129865
0.655971958179,0.741288278901
0.656022757953,0.765575501269
0.656033566975,0.760295670664
0.655996270769,0.778247096659
0.655986526007,0.750791974783
0.655993938572,0.765575501962
0.655997754969,0.755015839745
0.6560113042,0.768743400337
0.655995012526,0.766631468171
0.656005364852,0.761351636559
0.65600598362,0.764519535941
0.65606012868,0.757127772163
0.656025602108,0.763463568662
0.656007140843,0.772967265048
0.655995776434,0.747624075526
0.655973478947,0.779303062428
0.655963973989,0.768743400337
0.655995629594,0.770855332126
0.65598280163,0.753959873851
0.655968619312,0.776135163171
0.655986010147,0.755015839745
0.655997818538,0.766631467919
0.655998779451,0.748680041735
0.655988626898,0.753959873095
0.655976861306,0.749736008133
0.65601266255,0.757127772163
0.65598198976,0.764519535186
0.655976018533,0.749736008133
0.656010445156,0.758183737932
0.655986385398,0.756071806269
0.655983042912,0.766631467793
0.655979581594,0.747624075841
0.65600746121,0.764519535941
0.656022305096,0.759239703826
0.655992457645,0.775079197151
0.655973744241,0.761351636968
0.656021423614,0.76663146729
0.656011722345,0.767687434254
0.655982861046,0.764519535753
0.656011746451,0.762407603397
0.656008224616,0.755015839493
0.655993499751,0.76557550171
0.655965897702,0.759239703826
0.655954432148,0.776135163801
0.655987966401,0.759239704581
0.656009352824,0.770855332881
0.656021583168,0.762407602642
0.65601616415,0.763463569292
0.656010691033,0.759239704141
0.655991957772,0.777191129569
0.655990456893,0.772967265173
0.655997786061,0.758183738372
0.655981235607,0.755015839871
0.65599867497,0.755015839178
0.655975653793,0.768743400337
0.655954020328,0.770855332126
0.655970636177,0.753959873095
0.655992567036,0.768743400022
0.655986354872,0.764519534871
0.655970612637,0.749736008353
0.656011750227,0.766631467793
0.656012400843,0.743400211256
0.656033406728,0.769799366672
0.655996064922,0.752903907516
0.655977634656,0.772967265488
0.655989122869,0.756071805199
0.655985634392,0.75923970455
0.655982044393,0.769799366357
0.655977778884,0.758183738687
0.655981003483,0.761351636559
0.655983399816,0.766631468359
0.655986249982,0.771911298964
0.65600954196,0.761351636685
0.656001685445,0.774023231382
0.656010066569,0.769799365917
0.656020361556,0.770855332315
0.655999704173,0.757127772289
0.655977788986,0.769799366987
0.655995967962,0.760295670035
0.655993623114,0.768743400022
0.656005444282,0.741288279342
0.655977819827,0.766631467478
0.655985616266,0.759239704141
0.655991913713,0.768743400463
0.656007459196,0.763463569418
0.656009358552,0.765575501269
0.656000199892,0.761351636685
0.655993739302,0.761351636244
0.655999284108,0.769799366861
0.656007502248,0.770855333007
0.655998160054,0.749736008259
0.65597744338,0.766631468045
0.655981567744,0.763463568662
0.656037637714,0.765575501395
0.655992575721,0.767687433499
0.655978255753,0.76557550171
0.656007765276,0.791974656496
0.655998255031,0.761351636874
0.656010941127,0.769799366231
0.656005880712,0.736008447541
0.655979475571,0.768743400778
0.655978419524,0.749736008259
0.655986529217,0.771911298524
0.656018037227,0.750791974594
0.656044252823,0.76557550215
0.656016601114,0.758183738687
0.656036877959,0.777191130324
0.656009289128,0.753959873536
0.655984060156,0.767687434443
0.65596485975,0.756071806269
0.655972393601,0.767687434128
0.655993002584,0.759239704896
0.655997691399,0.780359028952
0.656015254943,0.756071806143
0.655999923331,0.767687433499
0.655990062256,0.747624075841
0.655973937091,0.776135164115
0.655982917188,0.75079197472
0.656008036172,0.76663146773
0.656007427821,0.767687433813
0.656001066016,0.785638859556
0.655992986282,0.758183738057
0.655986960611,0.76029567079
0.655996881669,0.76557550215
0.656007543568,0.778247095778
0.656001550595,0.746568110261
0.655971972404,0.752903907201
0.655985437955,0.764519535627
0.655993378779,0.761351636685
0.655966726125,0.752903906886
0.655956676983,0.775079197466
0.655976865523,0.756071805954
0.655964354716,0.761351637125
0.655979001975,0.761351636433
0.655977136041,0.772967265614
0.655980912282,0.752903907327
0.655989978167,0.761351636559
0.656000189066,0.766631467478
0.65598588628,0.758183737617
0.655963497655,0.760295670224
0.655968222157,0.75501584006
0.656029943491,0.775079198032
0.656036069363,0.75607180608
0.655986410952,0.759239704707
0.655974750817,0.769799366231
0.655957192466,0.761351636874
0.655983596631,0.778247096345
0.656051993748,0.76557550108
0.656004768239,0.770855332126
0.655981585557,0.757127772478
0.655965149812,0.764519535186
0.65598452387,0.755015839745
0.655987761718,0.771911298524
0.655989079503,0.74234424511
0.655987353171,0.766631467919
0.655990993398,0.751847941118
0.656005012322,0.766631468359
0.655981507447,0.765575502025
0.655978769127,0.769799366672
0.655979031652,0.781414995287
0.655985760966,0.762407603083
0.655992802685,0.766631467604
0.655998169621,0.763463569543
0.656012143794,0.770855332629
0.655986606886,0.777191130324
0.656004703504,0.759239704015
0.655977711695,0.764519535815
0.655991995347,0.750791974153
0.655998328482,0.764519535501
0.655994510764,0.759239703826
0.656000884118,0.764519535501
0.656004560629,0.752903907201
0.655979699545,0.774023230753
0.655965296306,0.759239704329
0.655954717205,0.763463569543
0.65597045151,0.770855332315
0.655970692886,0.774023230942
0.655973504627,0.763463569418
0.655970619561,0.760295670664
0.655964254515,0.765575501395
0.655977962765,0.759239704015
0.656003865735,0.771911298524
0.656040654578,0.742344244481
0.656019937589,0.759239704267
0.655972192569,0.778247096219
0.655954991563,0.775079197906
0.655976549688,0.76451953506
0.655976571276,0.771911299405
0.655981663854,0.768743400211
0.655999662128,0.763463569229
0.655979796347,0.761351636244
0.655965714923,0.752903907641
0.65597692154,0.775079197717
0.655977608599,0.762407602768
0.655974501353,0.770855332315
0.656126643813,0.75501583899
0.656033966112,0.764519535815
0.656003622785,0.748680042459
0.656013053725,0.775079197717
0.655976583613,0.751847940362
0.655969841931,0.763463568851
0.6559745867,0.764519535186
0.655972192066,0.762407603397
0.65598561828,0.758183738372
0.655978117724,0.787750792101
0.655993003024,0.756071805828
0.656003497848,0.762407602768
0.655989494973,0.756071805828
0.655978588016,0.771911299405
0.6559778338,0.750791974342
0.655987180714,0.775079197403
0.655970630135,0.756071806269
0.656002773592,0.775079197843
0.655997578861,0.76451953506
0.655986946261,0.752903907012
0.655996852843,0.765575501395
0.655982308176,0.778247096219
0.655982716503,0.752903907641
0.655981976795,0.770855332315
0.655969780312,0.758183737932
0.656020411216,0.767687434222
0.655985147988,0.75395987341
0.655960640975,0.768743400652
0.655998970916,0.756071805388
0.656000152875,0.762407602642
0.655964347981,0.755015839304
0.655970421739,0.761351636874
0.655967605215,0.762407603177
0.655975973719,0.776135163927
0.655972345263,0.761351636999
0.655974678845,0.770855332441
0.655978933779,0.759239704455
0.656016180797,0.760295671105
0.656013773701,0.771911298524
0.65600477233,0.768743400022
0.656000745208,0.762407603083
0.655974829587,0.76663146729
0.655972389384,0.753959873662
0.655971661163,0.764519535815
0.655968686406,0.757127771597
0.655976108223,0.756071806269
0.655972223725,0.768743400337
0.655975207482,0.775079197277
0.655976596421,0.767687433813
0.656006597163,0.756071805513
0.656037327292,0.762407602768
0.656017266584,0.768743400022
0.65597370119,0.760295670476
0.655965332622,0.759239704141
0.656001722359,0.767687434128
0.655984714234,0.753959873095
0.655984951803,0.768743399896
0.65601040135,0.761351636874
0.655983709106,0.765575501269
0.655979580398,0.761351636433
0.655960659543,0.771911298335
0.65597363825,0.761351637314
0.655998603092,0.779303061987
0.655981494859,0.756071805513
0.655994799975,0.772967264859
0.656001082034,0.755015839178
0.655981095565,0.78352692695
0.655997504654,0.751847940551
0.655979434125,0.772967264859
0.655966799639,0.763463568977
0.656009132218,0.769799366231
0.655957587984,0.778247096219
0.655951312502,0.752903907201
0.655943614817,0.763463568977
0.655971111189,0.75501583943
0.655975116281,0.771911299279
0.655957974438,0.765575502025
0.655963067394,0.77085533285
0.655994104735,0.775079197277
0.655998642744,0.75818373812
0.655979105261,0.752903907641
0.655963726885,0.755015839178
0.655949978793,0.769799366231
0.655947496106,0.759239704581
0.655970924948,0.752903906886
0.655967921491,0.768743400022
0.6559517033,0.77296726511
0.655958952722,0.771911299216
0.655999023849,0.766631467919
0.655995048842,0.77085533307
0.65600087153,0.76557550215
0.655999297074,0.762407603208
0.655977537098,0.771911298524
0.655964445665,0.764519535627
0.655980914422,0.770855333196
0.655969499975,0.760295670035
0.655966898267,0.770855332315
0.655985043507,0.761351637314
0.655977074612,0.770855332315
0.655955305888,0.763463569606
0.655959181889,0.765575502025
0.655975191369,0.760295671105
0.656003022647,0.753959873095
0.655960281963,0.768743400589
0.655949328492,0.766631468171
0.655958457255,0.766631467604
0.655976819451,0.753959873504
0.655971513442,0.762407603208
0.655976825997,0.762407603523
0.655983705266,0.779303062428
0.655978201561,0.774023231697
0.655953932652,0.751847941118
0.655960575328,0.761351636999
0.655965327524,0.758183738372
0.655944272042,0.763463569543
0.655962589298,0.76557550215
0.655981170464,0.770855332441
0.655967370698,0.776135163675
0.655959077408,0.763463569292
0.655944986731,0.752903907327
0.655957417982,0.766631468045
0.655964377752,0.767687433499
0.655972221585,0.763463568851
0.655984777898,0.761351637125
0.656023448536,0.783526927075
0.656001479724,0.759239704581
0.65596260047,0.764519535941
0.655940670776,0.758183737617
0.655961569033,0.768743400463
0.655959701966,0.760295671105
0.656001420875,0.757127772163
0.655986160008,0.762407603208
0.655965302537,0.782470961055
0.65598658108,0.757127771597
0.655950767626,0.766631467604
0.655943734215,0.756071805828
0.655987918943,0.769799366231
0.65597337113,0.757127771597
0.65596967174,0.762407603397
0.655979561705,0.762407602768
0.6559770855,0.757127771408
0.65596780845,0.758183738372
0.656006597289,0.757127772352
0.656017108635,0.77719113001
0.65600228788,0.763463568977
0.655987522607,0.77085533307
0.655969643731,0.771911298964
0.655970645807,0.757127772478
0.655961163193,0.763463569292
0.655970438103,0.767687434569
0.655969608988,0.76029567079
0.655978822595,0.782470960615
0.655977789804,0.775079197906
0.65595260895,0.767687434128
0.655945029908,0.753959873095
0.655953897153,0.764519535501
0.655955723183,0.756071806143
0.655979823223,0.756071806269
0.65600447223,0.756071805639
0.655998222616,0.771911298964
0.655975207545,0.774023231257
0.655994001009,0.753959873221
0.655961490924,0.746568109632
0.655955487062,0.75923970477
0.65595012985,0.763463569418
0.655957684346,0.77191129865
0.655987095682,0.752903907201
0.655989978388,0.765575502025
0.656006823812,0.757127772163
0.655993163586,0.780359028322
0.655961486738,0.762407602642
0.655974355771,0.758183738246
0.65600028505,0.761351637125
0.656003875617,0.753959873662
0.655996555889,0.766631468359
0.655992759445,0.74868004249
0.655988534942,0.76557550108
0.655968136244,0.761351637314
0.65597422775,0.757127772478
0.655951785185,0.765575501836
0.655955465064,0.760295670664
0.655981292694,0.774023230942
0.65597590631,0.760295670476
0.655981902588,0.769799366106
0.655990317291,0.751847940551
0.655982196646,0.75923970477
0.655966045109,0.77191129909
0.655977112816,0.768743399708
0.655981559121,0.765575502025
0.655965512569,0.768743400337
0.655949492956,0.771911298524
0.655955192343,0.747624075715
0.655966208014,0.767687434002
0.655971570088,0.760295670979
0.655978814098,0.776135163801
0.655978487626,0.744456177843
0.655968759354,0.779303062428
0.655955335029,0.762407602642
0.65598241335,0.776135164241
0.655981645728,0.746568109632
0.65597008079,0.769799366641
0.655967110377,0.774023231382
0.65596219378,0.749736008668
0.655986114251,0.756071805828
0.655995511077,0.774023230753
0.655991839066,0.769799366861
0.65595732527,0.768743400337
0.655979897744,0.748680042365
0.655978527089,0.76557550215
0.655965240037,0.753959873095
0.655983017012,0.760295670035
0.655989595552,0.776135164241
0.656011551839,0.772967265173
0.655983203851,0.766631468234
0.655997927866,0.75818373812
0.655987806972,0.769799366987
0.65597336364,0.758183737617
0.655972208556,0.743400211004
0.655962454731,0.770855332315
0.655943002973,0.753959872781
0.655978669587,0.75923970477
0.655980689724,0.76029567079
0.655957849533,0.764519535815
0.655978075554,0.76557550171
0.655992674349,0.761351637188
0.655984489064,0.750791974783
0.655988849204,0.775079197906
0.655984747687,0.760295670476
0.655973129376,0.761351636874
0.655957427045,0.75501584006
0.655938890126,0.774023231697
0.655945233458,0.760295670035
0.655964064749,0.768743400022
0.655968568267,0.757127772478
0.655966375074,0.767687434128
0.655956524227,0.764519535753
0.655978319826,0.77719112938
0.655992354549,0.752903907201
0.65596474608,0.757127772289
0.655944613683,0.763463568851
0.655942269968,0.777191129695
0.655943778588,0.749736008574
0.655936621562,0.76557550171
0.655981874516,0.75079197472
0.655986134958,0.780359029078
0.655966109686,0.758183737806
0.655962092131,0.757127772352
0.655960061514,0.751847940992
0.655963624008,0.771911298524
0.655973791321,0.759239704707
0.655956598843,0.775079197151
0.65596254782,0.779303062743
0.655996292043,0.764519535186
0.655980560382,0.769799366987
0.655941624954,0.770855332629
0.655944943365,0.755015839619
0.655994844349,0.776135163801
0.655993614743,0.763463569418
0.655980184249,0.753959873851
0.655946656731,0.752903906571
0.65594120385,0.78880675875
0.655933660212,0.75923970477
0.655938639183,0.769799366987
0.655951054446,0.756071805199
0.655969792837,0.769799365917
0.655986386972,0.764519535186
0.655970465671,0.761351636433
0.655959006914,0.748680041735
0.655929762559,0.766631468171
0.655940183365,0.759239704015
0.655946180146,0.762407602894
0.655936775578,0.761351636685
0.655925913056,0.763463568851
