loss,accuracy
1.6251280698,0.475184794338
1.49078948999,0.529039070561
1.43600695098,0.535374867941
1.42159119938,0.543822597803
1.39195511302,0.563885955146
1.38371872562,0.553326293779
1.32193855021,0.571277719491
1.28712698248,0.571277718861
1.27497749646,0.590285110814
1.21915282783,0.601900738673
1.13865579717,0.647307286544
1.09943088936,0.637803590222
1.05673722695,0.670538542893
1.00000739903,0.671594508913
0.932725795974,0.705385428107
0.912515248391,0.704329461583
0.873298787957,0.712777191696
0.813543993102,0.726504752226
0.788109366091,0.739176346923
0.791702102583,0.726504751848
0.785105915294,0.751847941118
0.744514719675,0.736008448296
0.73816888102,0.744456177214
0.734871055911,0.760295670979
0.729121084513,0.749736008574
0.7293717273,0.74128827846
0.734573454577,0.76557550108
0.719248940789,0.749736009014
0.70984062757,0.74340021176
0.710773139657,0.758183737932
0.708447308072,0.763463569386
0.709537792797,0.756071805828
0.699108090043,0.756071805828
0.699922473025,0.752903907453
0.700755121275,0.758183738057
0.691790903005,0.756071806143
0.696247479039,0.765575501395
0.699865887573,0.763463569418
0.693068280391,0.76557550171
0.698368066216,0.749736008574
0.702652640523,0.764519535501
0.687381130841,0.761351636559
0.688770987605,0.762407602894
0.690696476568,0.763463569418
0.687475942193,0.762407603523
0.686431084855,0.757127772163
0.691427569455,0.76557550215
0.692897653819,0.767687433687
0.685213618319,0.762407602642
0.690440715115,0.761351636433
0.683576042134,0.783526926635
0.686959456995,0.761351636999
0.686529968835,0.774023230753
0.681232854771,0.745512143423
0.680945894471,0.76029567035
0.681394014968,0.76557550171
0.687008969446,0.767687434254
0.68165635493,0.76557550171
0.678360877281,0.766631468359
0.679993148842,0.761351637314
0.682702307842,0.760295670664
0.680648332538,0.759239704329
0.686969324679,0.765575501521
0.677280494001,0.747624075841
0.676023228745,0.767687433687
0.677823565452,0.772967265173
0.675948314896,0.76557550171
0.678944308787,0.756071806143
0.677635272491,0.764519535815
0.677579698996,0.760295670035
0.676748438143,0.772967265425
0.678273989444,0.768743400337
0.679155527035,0.766631467604
0.675592643847,0.762407603208
0.676451193179,0.77613516336
0.67745708878,0.752903906571
0.674491552894,0.76557550108
0.674606197298,0.761351637188
0.674214778191,0.775079197151
0.676492213196,0.76029567035
0.67696189188,0.758183738687
0.675212331281,0.757127771722
0.672445594509,0.749736008259
0.673989859592,0.758183738246
0.671660094163,0.774023230942
0.672010651549,0.751847940992
0.672067553969,0.762407602642
0.67420949912,0.76663146729
0.672995642662,0.772967265173
0.672096724306,0.755015839745
0.671407451725,0.751847941118
0.672019492736,0.749736007944
0.66999507542,0.766631468359
0.672048934095,0.756071805828
0.673585201644,0.768743399708
0.67147568142,0.757127771597
0.669655994037,0.772967265173
0.669633289073,0.76557550171
0.671039335013,0.768743400463
0.671502047569,0.763463568977
0.672396249794,0.768743400431
0.668810497682,0.763463569732
0.668018967385,0.768743400778
0.668251300689,0.76029567035
0.669771580126,0.758183738687
0.669567251344,0.761351636244
0.669433317064,0.74868004205
0.673045647056,0.760295670035
0.669056348117,0.765575501269
0.668294002161,0.761351637314
0.668619420045,0.758183738246
0.667492291177,0.76557550215
0.668808809744,0.753959873851
0.670618774584,0.758183738372
0.670936346621,0.757127772132
0.666993902754,0.764519535941
0.66665496947,0.766631467604
0.668818661379,0.761351637314
0.668293446271,0.755015839304
0.666307952109,0.767687434443
0.668898057535,0.768743400022
0.667709247552,0.757127772478
0.667350711327,0.764519535627
0.668159025775,0.761351637125
0.668295848772,0.766631467478
0.66741421482,0.774023231823
0.665678402438,0.745512143423
0.666389786517,0.753959873851
0.667905887115,0.763463569606
0.665771419798,0.763463568662
0.666441819232,0.771911298524
0.666250034773,0.758183738687
0.666279099622,0.764519535186
0.667129393679,0.756071805828
0.668443381346,0.768743400022
0.66461563274,0.761351636559
0.663988765593,0.771911298335
0.666283901981,0.765575501395
0.665205111914,0.749736008385
0.665236925689,0.765575501836
0.667788465335,0.75923970477
0.665770360069,0.768743400022
0.663400651094,0.768743400463
0.665342010817,0.756071806269
0.666602699061,0.757127772037
0.664592182435,0.760295671105
0.665225057693,0.767687434569
0.664870870529,0.766631467919
0.66576893025,0.758183737932
0.664619007546,0.762407602768
0.663266167784,0.75501583899
0.666330005073,0.768743400778
0.664722110931,0.77191129909
0.664667347039,0.765575501395
0.666242671617,0.76557550108
0.665082823764,0.76029567035
0.664018016021,0.760295671105
0.663120262537,0.770855332315
0.664595635035,0.758183738246
0.664211156816,0.76029567079
0.662952585797,0.767687433939
0.664835575453,0.76029567079
0.663391189754,0.77719113045
0.663046246912,0.763463569418
0.663359745125,0.751847940677
0.665246470803,0.772967265614
0.663774147834,0.758183737932
0.66308269575,0.756071805388
0.66311328892,0.751847941432
0.662939155933,0.765575501836
0.663523397073,0.765575501836
0.663528950501,0.762407603208
0.663193096455,0.756071805954
0.663795650635,0.767687433687
0.663833217296,0.767687434569
0.663759196006,0.767687433813
0.663528947984,0.767687433687
0.66252480408,0.755015839934
0.664227439584,0.767687433687
0.663238596073,0.771911298964
0.66245989374,0.749736007944
0.66186906273,0.769799366987
0.662073173329,0.758183737617
0.662081997019,0.772967264544
0.664518111799,0.758183737617
0.663454074731,0.766631468359
0.662219232466,0.763463568662
0.662936174064,0.762407603397
0.662745471552,0.750791975097
0.662609658309,0.763463569292
0.662335829976,0.758183738498
0.663375600401,0.75395987341
0.661906660579,0.756071805388
0.662592520935,0.757127772163
0.663594665409,0.753959873851
0.661730054817,0.766631467478
0.661683345263,0.774023231823
0.662071732401,0.753959872969
0.661928917815,0.764519535501
0.662962445551,0.759239704896
0.661803918567,0.755015839619
0.661355799707,0.777191130136
0.663235451692,0.756071805954
0.663069845379,0.768743400463
0.662294840485,0.761351636559
0.661487043596,0.775079197214
0.661653970652,0.782470960866
0.662658114116,0.771911298775
0.662055328315,0.760295670916
0.661079927476,0.758183737806
0.660960022726,0.760295670035
0.662678847406,0.780359028322
0.662181616522,0.756071805513
0.661472739048,0.758183738057
0.662160166214,0.764519535501
0.661203310885,0.760295670035
0.662004515702,0.763463568662
0.661972457215,0.758183737932
0.661044242327,0.759239704455
0.661545042881,0.767687434254
0.660764730593,0.764519534871
0.661336641188,0.753959872781
0.662143110033,0.758183738687
0.661894638725,0.776135163675
0.661271360381,0.762407603397
0.660911603991,0.762407603083
0.660411010196,0.767687433687
0.660678668095,0.767687434222
0.661752806546,0.768743399896
0.661486904309,0.752903907012
0.660844137906,0.771911299279
0.660019381308,0.760295670224
0.660618931401,0.760295671105
0.661894844477,0.764519535501
0.661721880987,0.764519535312
0.661269216565,0.758183737806
0.661215522788,0.758183738687
0.661503730002,0.747624075526
0.661683590133,0.770855333196
0.660046099358,0.76557550108
0.660508163439,0.759239704015
0.661129062631,0.745512143108
0.660488762913,0.78352692695
0.660710505787,0.763463568977
0.660935578779,0.756071806269
0.660875647096,0.760295671105
0.66111553137,0.760295670664
0.66036882364,0.761351637314
0.660709803875,0.763463569732
0.660898988766,0.75501583899
0.660491201543,0.774023231382
0.660233632879,0.753959873851
0.660930592319,0.749736008825
0.66087963104,0.763463569732
0.660194709283,0.762407603208
0.661195689767,0.766631468234
0.660935215109,0.767687434569
0.660595926526,0.747624075841
0.660238889637,0.777191130324
0.661238892592,0.770855332441
0.660974675398,0.770855332755
0.65982951194,0.770855332315
0.659676484284,0.757127772132
0.660287173648,0.756071805954
0.661323980394,0.766631467604
0.660334346318,0.757127771597
0.659994705457,0.775079197592
0.659660943081,0.757127772163
0.660475112569,0.775079197151
0.661150356658,0.76557550215
0.660474354576,0.75501584006
0.660039493438,0.760295670035
0.659386119029,0.759239704896
0.659776662761,0.758183737617
0.660252323246,0.774023230942
0.660537443795,0.742344244795
0.659316008232,0.757127772163
0.659841012457,0.758183738561
0.660625301294,0.77191129865
0.660067292869,0.75501583943
0.659638755551,0.778247095589
0.659728772978,0.764519535186
0.659683581579,0.751847941118
0.659514043752,0.768743400652
0.659856609898,0.766631467919
0.659994319852,0.757127771722
0.660087641718,0.774023231382
0.659610020447,0.771911298335
0.659671971639,0.751847940677
0.659747060463,0.748680042805
0.659862951341,0.757127772132
0.660580375315,0.759239704015
0.65982733722,0.763463569732
0.65912204578,0.769799366357
0.659977312765,0.762407602453
0.659858260009,0.759239704141
0.660154806523,0.763463569166
0.660076480607,0.757127771722
0.660371351015,0.755015839619
0.65957354958,0.753959873851
0.658954026518,0.759239704455
0.659317691827,0.774023231697
0.660214414566,0.753959873536
0.660210420678,0.770855332881
0.659242083744,0.76451953506
0.659227418169,0.76557550171
0.659420808933,0.759239704581
0.659649392871,0.76029567035
0.659721702432,0.768743400337
0.659585810262,0.756071805954
0.659879831981,0.774023231382
0.659475333336,0.757127772163
0.659940973758,0.775079197717
0.659854030911,0.764519535501
0.65934993259,0.776135164115
0.659696613597,0.755015839304
0.659080399757,0.770855332441
0.65936290601,0.770855332755
0.659886265317,0.760295670476
0.658893597164,0.772967264733
0.659181578988,0.76557550215
0.659657112963,0.768743400463
0.659360196422,0.762407603083
0.659216250386,0.776135163927
0.65907713623,0.77613516336
0.659004802689,0.767687434569
0.659496300575,0.758183738372
0.659176799161,0.772967265173
0.659194502747,0.775079198032
0.659329504561,0.751847940362
0.659492164126,0.76557550171
0.658792381365,0.775079198032
0.65926330048,0.763463568851
0.65967103112,0.772967265173
0.659206215469,0.763463568851
0.659123579451,0.774023231823
0.658979740792,0.770855332881
0.659214017006,0.76451953506
0.659015768307,0.747624075715
0.658983079408,0.770855332315
0.659395584587,0.755015839304
0.659444030953,0.763463569166
0.659202820963,0.761351636999
0.658830528211,0.762407603208
0.659208832661,0.75395987341
0.659448759483,0.771911298964
0.6588007274,0.770855332126
0.658457231685,0.774023231508
0.659120065861,0.763463569543
0.659850375516,0.768743400778
0.659029147756,0.769799366987
0.659109450885,0.761351636244
0.658974899976,0.767687434443
0.658830189214,0.762407603523
0.659136817788,0.759239704015
0.659193741734,0.758183738561
0.658761449135,0.769799365917
0.659097407348,0.759239704581
0.659368714851,0.763463568662
0.658919728041,0.764519535186
0.659220648416,0.769799366546
0.658832441288,0.766631468234
0.658855391153,0.772967265614
0.658480655996,0.751847941432
0.658740325173,0.774023231382
0.658581505607,0.74340021176
0.658740777117,0.763463569292
0.659088255108,0.762407602768
0.659084925052,0.770855332629
0.65886699996,0.771911299405
0.659081716913,0.759239704896
0.658672342394,0.764519535186
0.658609836507,0.760295670979
0.659143563781,0.77085533307
0.658857793906,0.763463568851
0.658737508145,0.768743399708
0.658572203947,0.761351636244
0.658302862579,0.762407603523
0.658772469133,0.752903907641
0.658575252155,0.772967265614
0.658317997894,0.781414995161
0.658292462796,0.753959873095
0.65872992262,0.774023231823
0.659253160201,0.757127771722
0.658764343012,0.771911298335
0.65867802485,0.779303061987
0.658254765029,0.749736008259
0.658198637217,0.780359028952
0.658660583725,0.758183738372
0.658555980343,0.774023231508
0.65817825696,0.753959873851
0.658712621727,0.75395987341
0.65892689432,0.763463569103
0.658836749124,0.765575501395
0.658393710505,0.759239704015
0.658398275076,0.753959873851
0.658784282434,0.776135163486
0.658789180904,0.758183738026
0.65835171661,0.778247095778
0.658375723246,0.758183737806
0.658571342732,0.774023230753
0.658208164488,0.760295670664
0.658435243614,0.771911299405
0.658098885162,0.762407603523
0.658039112781,0.756071806269
0.659022072112,0.749736008259
0.65836485443,0.775079198032
0.65850886712,0.761351636244
0.658210460022,0.765575501395
0.658437688222,0.75501584006
0.658784505432,0.776135163927
0.658628007049,0.76557550215
0.658135019046,0.758183738246
0.658254146765,0.762407603334
0.658148524313,0.767687433813
0.658385534536,0.776135164241
0.658512919229,0.767687433813
0.658749612294,0.77191129865
0.658594382728,0.76557550171
0.658283995978,0.764519535312
0.65803625352,0.751847940362
0.658310980832,0.764519534871
0.658168638426,0.763463569292
0.658179974952,0.760295671105
0.658035399166,0.74868004249
0.658771867422,0.765575501395
0.658400482084,0.761351636999
0.658464765914,0.763463569418
0.658273403943,0.769799366546
0.658150449096,0.766631468234
0.658406775252,0.753959873851
0.65839083359,0.768743399896
0.658548789958,0.748680042805
0.658395584496,0.784582893599
0.658133133223,0.760295671105
0.657828742121,0.777191130324
0.658041469525,0.761351636748
0.658365684553,0.761351636559
0.658469739975,0.768743400337
0.658199240313,0.747624076155
0.658131629323,0.770855332126
0.658136709376,0.753959873536
0.658232527587,0.761351636999
0.658333326657,0.761351636874
0.658142268658,0.770855333196
0.65835785998,0.756071805513
0.658416019322,0.772967264985
0.65832673855,0.757127772289
0.657984710734,0.758183738246
0.657811576046,0.772967265173
0.65823075896,0.759239704581
0.657857455447,0.766631468359
0.658025364375,0.774023230753
0.658079635442,0.776135163486
0.658051544283,0.763463569732
0.657990734139,0.764519535375
0.658049851058,0.763463568977
0.657965927592,0.753959873536
0.658081820736,0.774023231508
0.658548080241,0.763463569732
0.658194350151,0.762407603208
0.658083221036,0.770855332881
0.657977578129,0.770855333196
0.657771141376,0.759239704455
0.657958828094,0.76029567035
0.657831358557,0.753959873095
0.657845238887,0.759239704896
0.658114554575,0.780359028008
0.658350745249,0.764519534871
0.657691247234,0.769799365917
0.658230182645,0.780359028196
0.658362344804,0.766631468045
0.658133164001,0.769799365917
0.657768753728,0.766631468045
0.657964582113,0.751847940803
0.65805664882,0.770855333196
0.657992855674,0.775079197906
0.657638182925,0.760295670664
0.65814945407,0.760295670539
0.658086202527,0.772967264859
0.657971754938,0.765575502025
0.657701903972,0.758183738246
0.657750827647,0.770855332566
0.657833454413,0.758183738561
0.65821066162,0.769799366357
0.658317495488,0.76557550171
0.657615081939,0.760295670035
0.657834310026,0.763463569732
0.65807171284,0.766631468359
0.657662328785,0.75290390676
0.657936998317,0.760295670224
0.657864757173,0.761351636999
0.657566349572,0.761351636559
0.657789301469,0.760295670979
0.6582205823,0.763463569606
0.658120595037,0.763463569292
0.657838931494,0.761351636874
0.657827103025,0.762407602453
0.657860472248,0.767687433687
0.65759699322,0.771911298335
0.657653160999,0.75501584006
0.657753003563,0.765575502025
0.658055712643,0.768743400463
0.65808672701,0.769799366546
0.657888195929,0.757127772478
0.657855124194,0.782470961181
0.657732917993,0.774023231382
0.657966022255,0.752903907327
0.65792425633,0.746568110041
0.658087705861,0.762407602453
0.658051155059,0.767687434254
0.658183986622,0.760295670224
0.657818758626,0.759239704896
0.657562136776,0.74762407625
0.657686473764,0.774023230942
0.657662417909,0.760295670979
0.658041068908,0.776135163801
0.657427335931,0.744456177214
0.657613522966,0.747624076281
0.657678524758,0.762407602768
0.657793872837,0.774023231823
0.657786112275,0.767687434569
0.657661720953,0.758183738561
0.657561973508,0.758183738561
0.657950001571,0.763463569732
0.657815346276,0.750791974783
0.65749973644,0.784582893473
0.657671479262,0.745512144178
0.657730749976,0.769799366106
0.657556132757,0.776135163486
0.657744121652,0.766631468359
0.657834506211,0.761351636559
0.657798753558,0.778247095778
0.657716157444,0.758183738057
0.657692058474,0.767687434569
0.657661290267,0.762407603208
0.657608740496,0.764519535186
0.657641798604,0.761351636999
0.657703849651,0.76557550171
0.658020008139,0.760295670664
0.657927281564,0.771911299279
0.657734160879,0.75290390676
0.657447812927,0.762407602957
0.657537234119,0.756071806269
0.657831751746,0.774023231823
0.657584646876,0.762407602768
0.657422441301,0.767687434569
0.657766769151,0.76557550171
0.657552290995,0.755015839178
0.657488132165,0.767687433813
0.657504267652,0.763463569732
0.657708005832,0.757127771848
0.657695947252,0.783526927264
0.657570755784,0.758183737617
0.657487231078,0.77719113045
0.65757650716,0.75923970477
0.657663755709,0.764519535627
0.657763587384,0.751847940677
0.657772252527,0.772967265173
0.657732162644,0.784582893033
0.657522902821,0.744456177654
0.65746190908,0.75501583899
0.657685446576,0.760295670035
0.657487639278,0.761351637314
0.657418429175,0.774023231257
0.6574727553,0.755015839178
0.657720332979,0.761351636559
0.657606243269,0.765575501836
0.65750900726,0.759239704707
0.657371227316,0.77191129865
0.657587895612,0.770855332755
0.657502046042,0.770855332755
0.657650164654,0.768743400463
0.657620230282,0.769799366987
0.657582890962,0.758183738561
0.65778156281,0.751847940677
0.657397394384,0.775079197277
0.657211919898,0.763463569732
0.657558427819,0.758183737806
0.657638059876,0.777191129569
0.657351695056,0.758183738687
0.65729833971,0.749736008133
0.657422851043,0.758183737617
0.657616651297,0.763463568977
0.657410507406,0.770855332881
0.657537703403,0.783526927359
0.657720380688,0.76029567079
0.657574836593,0.751847940362
0.657465625653,0.767687433939
0.65767654893,0.761351637314
0.657403500304,0.767687434128
0.657332564546,0.759239704581
0.657344869097,0.752903907327
0.657403214428,0.766631467919
0.657429537841,0.75501583899
0.657544909145,0.776135164241
0.657392056401,0.756071806269
0.657110422126,0.750791974342
0.657308078807,0.759239704015
0.657382232838,0.764519535501
0.657499476182,0.761351636685
0.657426176567,0.772967264859
0.657528995335,0.764519535941
0.65773751674,0.771911298335
0.657433348133,0.742344245236
0.657298289106,0.775079197843
0.65720235414,0.761351636433
0.657149167348,0.780359028763
0.65748197306,0.753959872969
0.657419536408,0.774023231382
0.657530664139,0.764519534871
0.657672846708,0.759239704455
0.657353032416,0.76557550108
0.657204929224,0.762407603083
0.657163406548,0.774023231382
0.657274427359,0.759239704267
0.657488809971,0.769799366357
0.657488944412,0.757127771408
0.657443105986,0.771911298335
0.657307801743,0.775079197843
0.657301931535,0.759239703826
0.657273483377,0.767687433813
0.657303375327,0.769799366546
0.657322914258,0.758183738561
0.657436195686,0.768743400022
0.657312307401,0.746568109632
0.657186965725,0.767687434128
0.657410639266,0.761351636433
0.657294837386,0.757127771848
0.657313858065,0.767687433813
0.656994018409,0.757127771408
0.657155702805,0.770855332315
0.657138156161,0.756071805513
0.657543508279,0.782470961055
0.657250128301,0.763463569732
0.657113303542,0.765575501395
0.657380995869,0.757127772037
0.65728175596,0.769799366672
0.657228186239,0.751847940677
0.657231804751,0.781414994531
0.657157017412,0.759239704896
0.657284361445,0.761351636874
0.657283183451,0.750791974468
0.657473431218,0.765575502025
0.657273404324,0.744456177339
0.657233893368,0.767687434254
0.657382326494,0.753959873536
0.65731525012,0.77191129865
0.657733200848,0.761351637314
0.65728428,0.764519535312
0.657095950156,0.763463568977
0.657118015015,0.763463568851
0.657236618376,0.750791974153
0.657230259687,0.770855332441
0.657357655709,0.760295670664
0.657229958863,0.750791974342
0.657153434461,0.763463569103
0.65716497567,0.761351637125
0.657161405245,0.764519535501
0.65724699185,0.75501583943
0.657292382959,0.771911299059
0.65741035081,0.770855332755
0.657048232012,0.761351637314
0.657301124197,0.761351636874
0.657123217172,0.760295671105
0.657165918519,0.763463568977
0.657259823339,0.762407602768
0.657240758413,0.761351636685
0.657140834405,0.752903907327
0.657286155186,0.780359028448
0.657309521025,0.76029567035
0.657244945844,0.764519535941
0.657014270707,0.745512143737
0.657104359068,0.77191129865
0.657144171887,0.770855332441
0.657199570911,0.771911299405
0.65707395579,0.752903907201
0.657116654053,0.755015839619
0.657179594732,0.76663146729
0.657181643571,0.76557550171
0.657320030199,0.75818373812
0.657376444264,0.762407603083
0.657245132211,0.757127772478
0.657229959713,0.769799365917
0.65736159591,0.753959873851
0.657066869446,0.778247096345
0.657171124201,0.777191129695
0.657248961321,0.756071805639
0.657023394687,0.74234424511
0.656981051912,0.764519535186
0.657038653665,0.761351636559
0.657187704174,0.758183738687
0.657181307343,0.763463569732
0.656994854133,0.761351636433
0.657064090686,0.770855332441
0.657067102641,0.770855332441
0.657147170435,0.765575502025
0.657088300494,0.759239704581
0.657141908673,0.751847940362
0.657275043294,0.761351636559
0.657177402011,0.76451953506
0.656943784848,0.771911299405
0.65694496986,0.767687434128
0.6570453815,0.756071806269
0.657041561012,0.76663146729
0.657314395263,0.76557550171
0.656989744749,0.752903907327
0.657006388984,0.765575501332
0.657128149315,0.756071805513
0.657059605673,0.758183737617
0.656985454788,0.761351636433
0.65710767342,0.770855333196
0.65712641713,0.756071806269
0.65711112901,0.77085533307
0.657007282551,0.753959872781
0.657083788983,0.769799366798
0.657160426709,0.763463569418
0.6569796034,0.775079197151
0.657251741843,0.77191129865
0.657446324322,0.760295670664
0.657388660321,0.769799366987
0.657185416161,0.765575502025
0.656752266753,0.756071805388
0.656929013092,0.752903907012
0.657147141168,0.769799366231
0.656997099377,0.766631467919
0.657073347093,0.764519535941
0.657004989566,0.74868004205
0.657038797547,0.759239704581
0.657023511756,0.758183737932
0.657190487528,0.776135164241
0.657186574959,0.771911298964
0.657017038641,0.768743399708
0.656997803587,0.761351636433
0.657177768388,0.753959873536
0.657136824025,0.756071805513
0.657031011808,0.767687433499
0.656993591232,0.749736008825
0.657186106052,0.766631467919
0.656931647466,0.758183737806
0.657091990003,0.75501583899
0.657189772587,0.763463569732
0.657006846877,0.756071805513
0.657138828176,0.780359028196
0.657111436097,0.763463569103
0.657083520227,0.761351636874
0.65699842868,0.767687434128
0.657054077798,0.762407602642
0.657060367693,0.76029567035
0.656942940627,0.76451953506
0.656923157612,0.76451953506
0.656978138586,0.760295670035
0.656933793611,0.770855333196
0.656899292592,0.766631468045
0.656986237831,0.761351636874
0.657252407943,0.759239704455
0.657170068752,0.750791974468
0.656930260384,0.77719113045
0.656877090743,0.759239704455
0.656929759126,0.76768743438
0.65713905621,0.762407603208
0.657109642923,0.752903907327
0.656979317902,0.762407602768
0.657006930965,0.751847941432
0.657318750682,0.775079197906
0.657231582634,0.767687434254
0.656816762189,0.750791974468
0.656716466579,0.748680042805
0.656775273768,0.759239704141
0.657070617427,0.750791974783
0.657143529579,0.757127771722
0.657013897093,0.77719113001
0.656969346995,0.752903907075
0.656942127562,0.758183738246
0.656840440779,0.75501584006
0.656902499599,0.768743400778
0.656882208781,0.771911298524
0.657020075961,0.762407602768
0.657154990224,0.776135164241
0.657005952177,0.768743400778
0.657106982932,0.776135164115
0.657040017239,0.75395987341
0.656964894333,0.775079197151
0.657074800829,0.772967265299
0.657040745995,0.761351636433
0.657058745528,0.761351636999
0.656898672314,0.766631467478
0.656866088525,0.744456177088
0.656909124464,0.784582893473
0.656954281496,0.758183738498
0.657093258002,0.774023231508
0.656853055123,0.767687433687
0.656855364158,0.756071805199
0.656802651182,0.766631468359
0.656843167801,0.75501584006
0.656920741768,0.770855332441
0.656994701061,0.766631468234
0.657079454523,0.748680042805
0.657059776997,0.766631467478
0.657016418615,0.753959873851
0.656840066031,0.752903907327
0.656796087874,0.77719113001
0.656973249778,0.763463568851
0.657005225278,0.769799366231
0.656987113459,0.750791974909
0.656986918344,0.764519535501
0.656753452929,0.756071805388
0.656848583894,0.770855332755
0.656875868093,0.766631467919
0.656901374097,0.762407602894
0.656910653666,0.758183738372
0.656741407001,0.768743400337
0.656795264549,0.760295670916
0.656832317301,0.762407603083
0.656938641603,0.762407603397
0.657068782774,0.755015839619
0.657053824699,0.768743400337
0.656910914617,0.756071805828
0.656738890199,0.764519535627
0.656883472626,0.764519535501
0.65698611409,0.756071806269
0.656953130692,0.770855332441
0.656811188053,0.765575501521
0.656787741021,0.765575501836
0.656742013936,0.762407602642
0.656767902367,0.766631467604
0.656898526103,0.77613516336
0.656826939792,0.768743400022
0.656859645433,0.770855332315
0.657000106768,0.761351636874
0.656913650137,0.767687433687
0.656747563965,0.761351636433
0.656712860026,0.75501583899
0.656772761184,0.766631468045
0.656895168983,0.77719113045
0.65687488855,0.759239704896
0.65694828588,0.760295670979
0.656955122381,0.768743399896
0.656841418308,0.763463568977
0.656675754908,0.759239704896
0.656829109854,0.776135163486
0.656860497018,0.752903907641
0.656920477606,0.764519535501
0.656866313726,0.760295671105
0.656983911991,0.758183737932
0.656946257339,0.757127772163
0.656822242039,0.746568109946
0.656829458041,0.768743399896
0.656862488015,0.779303062428
0.656920362236,0.759239704267
0.656946696852,0.763463568851
0.656817317764,0.760295671105
0.656702603055,0.764519535501
0.656760245215,0.764519535627
0.656860782485,0.756071805388
0.656784764879,0.758183738057
0.65678875858,0.758183738246
0.6568380255,0.772967265299
0.65676369769,0.766631467604
0.656689507594,0.757127771722
0.656799281537,0.763463568977
0.656856327525,0.732840549039
0.656954324862,0.777191129695
0.656864047806,0.768743399896
0.656906469193,0.772967265488
0.656782645044,0.756071805828
0.656749179333,0.75290390676
0.656800513723,0.750791974909
0.656874050246,0.767687433939
0.656930821184,0.762407603208
0.656734490722,0.768743400463
0.656717255853,0.744456177654
0.656834975467,0.774023230942
0.65674463119,0.75395987341
0.656681500116,0.775079197686
0.656783771993,0.770855332441
0.65671764684,0.762407603083
0.656596953036,0.771911298964
0.656676741626,0.746568109632
0.656728881277,0.757127772352
0.656745851921,0.749736007944
0.656683248162,0.771911299405
0.656828314853,0.752903907327
0.656729168285,0.772967264733
0.656765722989,0.750791974153
0.656708850906,0.767687434569
0.65673992129,0.775079197717
0.656809418418,0.758183738687
0.656831983245,0.752903907201
0.656809434908,0.777191130136
0.656678846167,0.767687433687
0.656719986841,0.746568110387
0.656817035665,0.780359028008
0.656709520184,0.768743400652
0.656759626636,0.76029567079
0.656900700949,0.765575501804
0.656658065357,0.765575501395
0.656645295549,0.749736008385
0.656722577975,0.783526926824
0.656681412943,0.745512143108
0.656836053449,0.767687434128
0.656956367092,0.762407603083
0.656822197792,0.759239704896
0.656711604049,0.768743400463
0.656743784515,0.757127771848
0.656957733908,0.751847941118
0.656897153812,0.758183738372
0.656745844242,0.774023231382
0.656804215316,0.759239704581
0.656904998116,0.761351636748
0.656588844034,0.753959873536
0.65669877256,0.779303061987
0.65665806586,0.770855332755
0.656635296351,0.76557550215
0.656807659577,0.771911298964
0.656544288461,0.78352692695
0.656675311051,0.749736008699
0.656807198381,0.761351636968
0.656783906497,0.775079197151
0.656709055966,0.761351636244
0.656688073148,0.780359029078
0.656698659582,0.763463568977
0.656782241469,0.760295670224
0.656812851224,0.764519535501
0.656632529581,0.75395987341
0.656759175542,0.760295670476
0.656878437764,0.756071805388
0.656569887177,0.749736008133
0.656597738092,0.77191129865
0.656870828951,0.763463569732
0.656723646453,0.749736008385
0.656767438181,0.777191130136
0.656633379467,0.767687434254
0.65657544948,0.763463569732
0.656653522186,0.771911298524
0.656853588953,0.756071805828
0.656653045664,0.752903907327
0.657004615951,0.779303062113
0.656704969681,0.766631467478
0.656583467028,0.767687433813
0.656708978549,0.759239704141
0.656615611272,0.769799366546
0.656593620777,0.771911298335
0.656603569025,0.759239704707
0.656726549583,0.77191129909
0.656747746996,0.762407602453
0.656563711078,0.757127772478
0.656540184741,0.775079197277
0.656688795265,0.757127772352
0.656730736636,0.765575502025
0.656614443506,0.758183738561
0.656583835513,0.771911298524
0.656628606501,0.765575501836
0.656672643193,0.752903907012
0.656650499469,0.778247096219
0.656684164387,0.759239704267
0.656673373869,0.766631467478
0.656680765285,0.757127771722
0.656662998695,0.770855332881
0.656645077618,0.75923970477
0.656741735802,0.757127771722
0.656737106088,0.756071806269
0.656772691823,0.768743400778
0.656735669534,0.75501583943
0.656759249875,0.779303062554
0.656633343591,0.751847940677
0.656683021828,0.776135163927
0.656781752673,0.756071806269
0.656546604797,0.760295670035
0.656539542622,0.771911298524
0.656668506555,0.775079197717
0.656715681711,0.757127772478
0.656697189606,0.765575501269
0.65673407865,0.757127771597
0.656761481178,0.767687434128
0.656718867633,0.784582893788
0.656610101808,0.751847941244
0.656636367221,0.769799366546
0.656600602514,0.769799366106
0.656684454542,0.764519535815
0.65661159249,0.759239704455
0.656586627459,0.775079197151
0.656646350999,0.751847940803
0.656577867276,0.780359028637
0.656534858213,0.755015839304
0.656652352437,0.77191129865
0.656725125051,0.765575502025
0.656676597807,0.77719113001
0.656676454365,0.756071805513
0.656694670728,0.769799365917
0.656701919962,0.768743400463
0.656562460325,0.758183738687
0.656518891501,0.775079197906
0.656624096122,0.766631468359
0.656573824608,0.762407602453
0.656524857158,0.776135164241
0.656700384214,0.757127771911
0.656691834504,0.75501584006
0.656690621326,0.765575501836
0.656585803442,0.752903907516
0.656680722989,0.753959873851
0.6566706313,0.756071805954
0.65657520332,0.765575502025
0.65666472723,0.76451953506
0.656777332552,0.76557550108
0.65668106035,0.765575501395
0.656532010659,0.761351636559
0.656560968761,0.761351636559
0.656668608015,0.749736007944
0.656784930287,0.769799366987
0.656615701308,0.756071805828
0.656555662689,0.763463568977
0.656512691391,0.767687434128
0.656559235097,0.764519535815
0.656616346889,0.744456177088
0.65668280355,0.76557550108
0.656789355255,0.757127772037
0.656768793101,0.759239704581
0.656547235461,0.767687434128
0.656483299314,0.769799366987
0.656557929805,0.742344245551
0.656529878739,0.763463568977
0.656478292335,0.769799366357
0.656562113586,0.769799366798
0.656566516839,0.763463569292
0.656636985894,0.768743400463
0.656661097326,0.769799366357
0.656656126034,0.756071805954
0.656608223789,0.76557550215
0.65652067193,0.752903907012
0.656436578084,0.759239704581
0.656464123864,0.77191129865
0.656632848942,0.763463569543
0.656702992531,0.774023231068
0.656604888006,0.750791975223
0.65645187533,0.770855332441
0.656502711672,0.778247096219
0.656503381233,0.759239704581
0.656571847647,0.779303062554
0.656587629912,0.768743399896
0.656731301024,0.761351636433
0.65663620795,0.76557550171
0.656622240511,0.76557550171
0.656631010827,0.761351636244
0.656641689941,0.770855333196
0.656686670048,0.768743399708
0.656487892774,0.75395987341
0.656423913639,0.763463569292
0.65653162068,0.771911299216
0.65656360345,0.755015839304
0.656518729838,0.76557550215
0.65648015871,0.781414994846
0.656633257268,0.782470961055
0.65657276362,0.74234424511
0.656578085805,0.767687433813
0.656603568711,0.753959872781
0.656640620393,0.780359028511
0.656561070473,0.759239704455
0.656472988403,0.772967264859
0.656530360549,0.767687434128
0.6567078195,0.766631467478
0.656856428733,0.777191130136
0.656708097068,0.775079197151
0.656555839048,0.774023231823
0.656504675038,0.745512143548
0.656512975126,0.764519535186
0.656493942048,0.766631467919
0.65653117525,0.769799366987
0.656531470441,0.769799366546
0.656556830235,0.745512143611
0.656581992018,0.769799366798
0.656585631615,0.765575501269
0.656441414306,0.759239703826
0.656415811751,0.771911298775
0.656460749373,0.757127772163
0.656625788655,0.757127771722
0.65665286043,0.770855332881
0.656556003386,0.751847940992
0.656589448735,0.768743400652
0.656721884875,0.750791975097
0.656621253541,0.766631467919
0.656489734728,0.76557550171
0.656458207773,0.757127771722
0.656594036247,0.765575501395
0.656487112249,0.772967264859
0.656442764568,0.76557550171
0.656770774341,0.756071805388
0.656733354772,0.755015839619
0.65656465764,0.758183738561
0.656529327506,0.758183738057
0.656451487554,0.774023231823
0.656502530907,0.774023231194
0.656555038886,0.771911298964
0.65644248121,0.760295670979
0.656467160554,0.766631467604
0.656537795835,0.768743400337
0.656497016785,0.77613516336
0.656444303086,0.757127771722
0.656520043469,0.756071805828
0.656502181776,0.768743400022
0.656707263106,0.753959873851
0.656692706733,0.774023231194
0.656481517091,0.751847940992
0.656453128161,0.767687433939
0.656475156514,0.767687434254
0.656624401384,0.763463569606
0.65658748109,0.76451953506
0.656490477929,0.772967265425
0.65645196609,0.775079197151
0.65650090849,0.759239704141
0.656545271969,0.76557550215
0.656601286174,0.76029567035
0.656578629359,0.763463569732
0.656535379864,0.762407602642
0.656524948736,0.756071806143
0.656554444224,0.761351636433
0.656677099757,0.762407603523
0.656515178484,0.764519535627
0.656394056748,0.761351636874
0.656390473546,0.762407603334
0.656499281919,0.762407603523
0.65651635459,0.764519535627
0.65645554111,0.760295670664
0.656536535451,0.756071805388
0.656540308293,0.765575501395
0.656553453887,0.753959873725
0.656587438636,0.779303062868
0.656463889537,0.759239704141
0.656377445682,0.769799365917
0.656462630035,0.760295671105
0.656475100371,0.767687433813
0.656381937934,0.764519534871
0.656338422672,0.749736008574
0.656538199976,0.779303062428
0.656596840813,0.763463569292
0.65660423846,0.76557550215
0.656494512918,0.764519535438
0.65637599975,0.770855332441
0.656438304983,0.761351637314
0.656510973996,0.750791974594
0.656422066084,0.761351636244
0.656403240521,0.760295670035
0.656436354835,0.770855333196
0.656525158454,0.755015839304
0.656564531004,0.758183737617
0.656523608293,0.762407603397
0.656488753989,0.774023231508
0.656599435534,0.757127772478
0.656423655143,0.75501583943
0.65635314247,0.756071805199
0.656384933083,0.772967264733
0.65645700712,0.762407602768
0.656471090936,0.744456176899
0.656496601409,0.759239704267
0.656478825189,0.770855332441
0.656556041087,0.77191129865
0.656485588963,0.762407602768
0.656515719646,0.757127772478
0.656583551494,0.758183738246
0.656520270244,0.769799366987
0.656452436319,0.762407602768
0.656391445284,0.764519535186
0.656390505991,0.763463569606
0.656434954912,0.761351636559
0.656468309092,0.760295670916
0.656447137233,0.768743400337
0.656491001972,0.75923970455
0.656546185299,0.767687434569
0.656559629828,0.766631468045
0.656473555119,0.749736007944
0.656371206832,0.76557550171
0.656393822357,0.753959873725
0.656456491575,0.752903907516
0.656523108545,0.766631468045
0.65649088314,0.757127771848
0.656375172523,0.774023231257
0.656373028078,0.767687433499
0.656421233885,0.766631467604
0.656493136535,0.757127771408
0.656458703933,0.767687433499
0.656463108886,0.764519535501
0.656503670004,0.766631468171
0.656478957365,0.767687434128
0.656502134067,0.764519535186
0.656411985535,0.762407603523
0.656386113217,0.766631467604
0.656477317954,0.764519535627
0.656462553184,0.760295670476
0.656395241036,0.758183738246
0.656474673509,0.765575501395
0.656513978272,0.766631468234
0.656495492776,0.760295671105
0.656487657251,0.774023231382
0.656485041444,0.750791974153
0.656489264436,0.766631467478
0.656421307337,0.768743400778
0.656477705101,0.767687434569
0.65646911108,0.762407602894
0.656475815375,0.76557550215
0.656544670541,0.763463568851
0.656512581308,0.758183738372
0.656459767879,0.767687434569
0.656370444182,0.751847940803
0.656368461745,0.763463568977
0.656420884188,0.758183738561
0.656448033002,0.772967264733
0.656416005419,0.766631467478
0.656387029694,0.745512143108
0.656388847604,0.772967265614
0.656379301483,0.748680041735
0.656413611477,0.771911298775
0.656445784831,0.769799366231
0.656428007289,0.765575501269
0.656569961447,0.777191129569
0.656458936624,0.761351637188
0.656321083165,0.759239704896
0.656423208391,0.759239704015
0.656439338843,0.768743400022
0.656386286681,0.757127772163
0.656387255209,0.757127772478
0.656438824745,0.751847940362
0.656386097356,0.76029567035
0.656349998656,0.772967265299
0.656380506919,0.753959873536
0.656569291256,0.752903906886
0.656409952243,0.765575501647
0.656356553404,0.76557550215
0.65629513557,0.756071805513
0.656396274141,0.757127772037
0.656466056137,0.766631467919
0.656362142583,0.751847940677
0.656299864667,0.770855332881
0.656318524508,0.760295670979
0.656332612164,0.776135163612
0.656454656356,0.757127772352
0.656377933345,0.750791974909
0.656452640372,0.772967264859
0.65637972696,0.756071805199
0.6563675819,0.765575501521
0.656335634818,0.762407602894
0.656423643562,0.755015839178
0.656464446403,0.767687434128
0.656505659994,0.78247096074
0.656510868319,0.767687433499
0.656490141953,0.750791974909
0.65638293403,0.785638859368
0.656385379331,0.758183737806
0.656339235958,0.77719113045
0.656334667863,0.759239704015
0.656368623439,0.757127772352
0.656421185862,0.768743400337
0.656417323361,0.752903906886
0.656441028418,0.760295671105
0.656393923314,0.780359028637
0.656396802432,0.771911298838
0.656402719688,0.774023230942
0.656486656434,0.765575501962
0.656438362825,0.76557550215
0.656338048837,0.75923970477
0.656350420609,0.767687434569
0.656344372909,0.760295670035
0.656392462528,0.768743400022
0.656465852021,0.761351636874
0.65639476936,0.746568109317
0.656330532232,0.759239703826
0.656347628317,0.753959873725
0.656376062124,0.761351637314
0.656483964784,0.769799366798
0.656425657532,0.758183738498
0.656407454764,0.758183737932
0.656393181749,0.760295671105
0.656320415303,0.778247096219
0.656343769813,0.774023231382
0.656400958991,0.766631467478
0.656352933005,0.763463569292
0.656336812245,0.76029567035
0.656344055815,0.76557550215
0.65639522442,0.767687433813
0.656435986129,0.762407603523
0.656301752756,0.77613516336
0.656326164005,0.762407603523
0.6563242486,0.748680042365
0.65638009598,0.775079198032
0.656378871095,0.766631467478
0.656352814676,0.753959873536
0.656318552831,0.772967264859
0.656354473599,0.755015839556
0.656372553255,0.763463568977
0.656365466879,0.768743400778
0.65636265089,0.772967265173
0.656343959201,0.767687434569
0.656349155127,0.772967264859
0.656481667267,0.761351637125
0.656385757131,0.77613516336
0.656408181034,0.753959873851
0.656351200756,0.767687433813
0.656382831563,0.762407603083
0.656371319747,0.75395987341
0.656326047911,0.768743400022
0.65637920147,0.774023231823
0.656447198978,0.764519535941
0.656494021667,0.761351636999
0.656386939878,0.760295671105
0.656417497297,0.766631468171
0.656306651729,0.759239704455
0.656190296476,0.755015839304
0.656235533632,0.781414994846
0.656338993008,0.758183738246
0.656329254477,0.763463568977
0.656355628872,0.741288279342
0.656402395544,0.771911298775
0.656480483986,0.759239704455
0.656352889639,0.766631467478
0.656329801115,0.765575501836
0.656345266035,0.766631468359
0.656327833596,0.768743399708
0.65630217389,0.761351636999
0.656328898863,0.769799365917
0.656273223971,0.780359028008
0.656384936104,0.763463569292
0.656452241833,0.763463569606
0.656425680379,0.752903907641
0.656379057148,0.753959872781
0.65631289467,0.748680042616
0.65629011487,0.77191129909
0.656301365797,0.756071805828
0.65641551165,0.765575501395
0.656400874525,0.770855332755
0.65632653677,0.762407602768
0.656324513233,0.758183738687
0.656348810591,0.770855332755
0.656380140731,0.752903907641
0.656368564842,0.770855332881
0.656351023956,0.758183738372
0.656313649515,0.765575501269
0.656366831524,0.765575501521
0.656360596702,0.769799366231
0.65630273255,0.75290390676
0.656311185143,0.782470961181
0.656358026338,0.740232312062
0.656360615584,0.761351637314
0.656397822855,0.761351637188
0.656401147025,0.759239704896
0.656458022917,0.779303062868
0.656599694912,0.778247096659
0.656466659107,0.749736008574
0.656250802869,0.772967264859
0.656202888854,0.756071805513
0.656257464742,0.764519535941
0.656279632005,0.766631467478
0.656386382665,0.753959872969
0.656338306516,0.770855332315
0.656253233631,0.766631467604
0.656329473888,0.74868004205
0.656379077855,0.764519535941
0.656327018013,0.764519535186
0.656245716207,0.749736008259
0.656234666564,0.768743400337
0.656315780806,0.774023231257
0.656310201824,0.758183737932
0.656300531773,0.772967264544
0.656351124221,0.768743399708
0.65634996278,0.748680041735
0.656303633984,0.766631467919
0.656265088598,0.762407603083
0.656250374937,0.76451953506
0.65625892899,0.762407602894
0.656256935035,0.76663146729
0.656348762568,0.764519535815
0.656364499893,0.758183738057
0.656286559488,0.769799366231
0.656366082469,0.761351636874
0.656376550354,0.768743400337
0.656289435679,0.764519535186
0.656313480583,0.76557550215
0.656397052337,0.744456177339
0.656304344645,0.761351637188
0.656320393211,0.769799365917
0.656345880585,0.75923970477
0.656328973385,0.764519535627
0.656277291312,0.756071805954
0.656306151415,0.768743400431
0.656301250931,0.758183738687
0.656344100943,0.779303062113
0.656360825836,0.757127772037
0.656359233033,0.755015839745
0.656311698045,0.767687433939
0.656345906517,0.756071805639
0.656349232796,0.770855332441
0.656406696772,0.762407603208
0.656385296375,0.749736008699
0.656275169713,0.778247096219
0.656239243344,0.764519535186
0.656218970338,0.772967265173
0.65632184443,0.779303062113
0.65639261711,0.771911299279
0.656423453607,0.756071805199
0.656342514969,0.783526927138
0.65629571563,0.758183738372
0.656269176835,0.762407602453
0.656341724247,0.749736008259
0.65639267105,0.77085533307
0.6563776875,0.758183738687
0.656353511113,0.77191129909
0.656338958139,0.772967264733
0.656327523677,0.779303062428
0.656251005663,0.745512143863
0.65627361886,0.764519535501
0.656252675506,0.766631468234
0.656241421652,0.778247096659
0.656270816309,0.761351636874
0.656266848036,0.757127772163
0.656233886794,0.753959873221
0.656257359946,0.758183737932
0.656329658115,0.770855332566
0.656327866513,0.762407602453
0.656290938132,0.774023231068
0.656379476583,0.763463568977
0.65638335057,0.775079197906
0.656303397642,0.77719113045
0.656275767963,0.76451953506
0.65628410484,0.767687433813
0.656290832518,0.778247096345
0.65633272961,0.755015839304
0.65629851837,0.765575501836
0.656304805936,0.761351636433
0.656365295335,0.755015839304
0.656233900892,0.771911299405
0.656263844139,0.767687433813
0.656283742334,0.765575501395
0.656320894658,0.758183737932
0.65634665425,0.762407603208
0.656277090531,0.771911299405
0.656288198395,0.762407603523
0.656223153174,0.756071805639
0.65622258778,0.764519535186
0.656352277039,0.750791974594
0.65637232818,0.776135163801
0.656316273095,0.775079197906
0.656274719563,0.770855332881
0.656306252529,0.759239704015
0.656377817031,0.765575501269
0.656361563342,0.760295670035
0.65632962526,0.76557550171
0.656236022742,0.777191129695
0.656310590419,0.763463569292
0.656204718408,0.750791974342
0.65615499819,0.769799366987
0.656208837297,0.742344245551
0.656254662254,0.774023231508
0.656354095012,0.745512144178
0.656387489442,0.784582893473
0.656317104508,0.761351636999
0.656273961571,0.763463568977
0.65628683929,0.767687433687
0.656257821048,0.771911298775
0.65625242516,0.77191129909
0.656299341883,0.761351637314
0.656350057631,0.769799365917
0.656296115428,0.765575501395
0.656262428607,0.768743400778
0.65631323908,0.751847941118
0.656290012088,0.767687434254
0.656227752551,0.764519535595
0.656267062726,0.759239704896
0.656249048308,0.753959872969
0.656274585689,0.768743400463
0.656300361267,0.757127772478
0.65624353469,0.762407603083
0.656234754491,0.771911298335
0.656307155316,0.772967265048
0.656312713905,0.775079197592
0.656277801192,0.750791974468
0.656411578751,0.762407603208
0.656394107163,0.777191130136
0.656363232398,0.771911298964
0.656251110396,0.757127771408
0.656248831447,0.770855332881
0.656190658384,0.745512143863
0.656262039509,0.768743400337
0.656236951681,0.747624075526
0.656232434568,0.762407603523
0.656298265978,0.760295671105
0.65637415251,0.765575501521
0.656298642488,0.752903907201
0.656252589498,0.771911299405
0.656221807947,0.767687433687
0.656250667547,0.759239704267
0.656319865015,0.762407602768
0.656333389353,0.762407602453
0.656311727313,0.762407602768
0.656202850838,0.758183737932
0.656204526251,0.767687434569
0.656303955767,0.768743400337
0.656298171127,0.75395987341
0.656297622915,0.769799366546
0.65625454487,0.770855332315
0.656285424167,0.762407603523
0.656278263868,0.756071805388
0.656300824257,0.758183738246
0.656252050161,0.767687433939
0.656258535234,0.775079197277
0.656280964267,0.761351636433
0.656312125789,0.749736007944
0.656252950336,0.769799366987
0.656269325437,0.760295670664
0.656236896608,0.762407602453
0.656258221287,0.746568109506
0.656284089451,0.76768743438
0.656246999753,0.753959873284
0.656229635384,0.759239704455
0.656235594747,0.760295670224
0.656264599613,0.75395987341
0.656251955813,0.76557550108
0.656277174872,0.768743399708
0.656265564743,0.76029567079
0.656220378883,0.765575501836
0.65626304363,0.766631467604
0.656224000731,0.763463569292
0.65630099684,0.762407602642
0.656390046117,0.767687433813
0.656339862405,0.767687433813
0.656237841408,0.769799366546
0.656193528533,0.756071805639
0.65619549322,0.772967265299
0.656178646474,0.753959872969
0.656169843271,0.765575502025
0.656223822609,0.747624076281
0.656236257888,0.768743399896
0.656220053355,0.762407603397
0.656244182536,0.757127772163
0.65633108957,0.758183738561
0.656238829794,0.762407603523
0.656176875045,0.763463569732
0.656147088962,0.768743400463
0.656183493364,0.767687434128
0.656217410547,0.761351637314
0.656307864844,0.767687434128
0.656288544819,0.761351637314
0.656226369307,0.776135163927
0.656226012309,0.768743400337
0.65629509233,0.751847941118
0.656293901307,0.768743400022
0.656270038868,0.767687433939
0.656248883499,0.747624075715
0.656229897374,0.779303062522
0.656245507497,0.781414994972
0.656326672406,0.759239704896
0.656265589353,0.767687434254
0.656239985664,0.758183737932
0.6562665294,0.78352692695
0.656225376295,0.762407603208
0.656195703945,0.769799366231
0.656183919282,0.772967264859
0.656276267396,0.765575501395
0.656221993622,0.761351636559
0.656207282855,0.762407603208
0.656235675814,0.760295670476
0.65621936145,0.762407603083
0.656210563691,0.768743400022
0.65627177357,0.758183738246
0.65623740737,0.753959873536
0.65625576944,0.747624076155
0.656247558538,0.770855332315
0.656225554354,0.757127771408
0.656229438349,0.760295670539
0.656244065404,0.756071806269
0.656261665265,0.753959873536
0.65628613552,0.76029567079
0.656242799104,0.760295670476
0.656215581748,0.75923970455
0.656235300374,0.76557550108
0.656297265413,0.749736008385
0.656262366044,0.757127772037
0.656186487317,0.765575501395
0.6561134873,0.76557550108
0.656119419693,0.762407603208
0.656270921419,0.766631467919
0.656348673066,0.76979936642
0.656294642368,0.763463568851
0.656179319906,0.764519535186
0.65623523756,0.761351636244
0.656220040138,0.762407603397
0.656244937319,0.758183738561
0.656264303887,0.776135163801
0.6562602272,0.774023230942
0.656204063198,0.763463569292
0.656195550307,0.746568110041
0.656170945296,0.76557550171
0.656211762204,0.757127772352
0.65620483554,0.767687433687
0.656229701125,0.756071805828
0.656269768223,0.751847941432
0.6563295542,0.764519535815
0.656223005327,0.750791974153
0.656170957381,0.761351637188
0.656203771531,0.756071806269
0.656238478303,0.749736008511
0.656241488683,0.76029567079
0.656239696642,0.775079197592
0.656203049478,0.764519534871
0.65617495706,0.759239703826
0.656206224952,0.762407602768
0.65618659054,0.772967264859
0.65623234557,0.751847940677
0.656280115388,0.747624076281
0.656207720103,0.776135163927
0.656167817154,0.755015839619
0.656213512328,0.772967264859
0.656219530571,0.759239703826
0.656199321403,0.767687434002
0.656240795834,0.761351636559
0.656257814062,0.763463568977
0.656283312451,0.768743400652
0.656277589712,0.766631468359
0.656213964492,0.76451953506
0.656269919092,0.771911298964
0.656195867339,0.733896515752
0.656175289574,0.769799366672
0.656187424123,0.772967264733
0.656243451892,0.771911298524
0.65621472859,0.748680042805
0.656244275562,0.771911299279
0.656281984532,0.759239704707
0.656249948641,0.759239704015
0.656203056842,0.758183738372
0.656225635547,0.772967265614
0.656240713005,0.767687434443
0.656220538815,0.765575501269
0.656234963454,0.764519535815
0.656232877228,0.77191129865
0.656167212673,0.769799366106
0.656150931825,0.779303062428
0.656194645538,0.765575502025
0.656254225258,0.758183737932
0.656263416458,0.756071805828
0.656220055306,0.749736008699
0.656237781929,0.758183738246
0.656211228154,0.771911298335
0.656194963733,0.766631468359
0.656166312372,0.76663146729
0.656165146998,0.760295670664
0.656215561292,0.77191129865
0.656349238146,0.763463569292
0.656245699717,0.765575501962
0.65617393906,0.764519535753
0.656169977019,0.778247095589
0.656207882552,0.760295670035
0.656188159772,0.768743400463
0.656221216055,0.760295670664
0.656159211426,0.760295670035
0.656137972409,0.751847941118
0.656156992522,0.782470961055
0.656214045622,0.744456176899
0.65631186981,0.761351636874
0.656265855654,0.737064413435
0.656178034095,0.776135163927
0.65619167953,0.761351636559
0.65616080231,0.767687433813
0.656180689428,0.767687434254
0.65619589733,0.759239704455
0.656172763584,0.778247095589
0.656182666515,0.779303062428
0.656276058118,0.756071806269
0.656251778478,0.766631467478
0.6562320641,0.751847941432
0.656219013956,0.768743400778
0.65622945207,0.748680041924
0.656193368223,0.755015839178
0.656177244443,0.760295670664
0.65617776408,0.776135164241
0.656234813278,0.780359028196
0.656278006253,0.761351637314
0.656199789349,0.77191129865
0.656175490229,0.771911299405
0.656166996221,0.760295671105
0.656168909297,0.772967264985
0.65621212921,0.756071805954
0.656184720326,0.771911299405
0.656152904978,0.753959873851
0.656176948182,0.781414995287
0.656229443887,0.766631467919
0.65621917993,0.774023230753
0.656180225242,0.768743400337
0.65617171638,0.762407603208
0.656190371375,0.763463569606
0.656177488149,0.757127772478
0.656231305038,0.767687433813
0.656158537459,0.768743400337
0.656158240003,0.767687434254
0.656122058661,0.772967265299
0.656121778513,0.75395987341
0.656159537017,0.772967265614
0.656189224851,0.753959872781
0.65622702521,0.769799366546
0.656251596989,0.771911298964
0.656255662756,0.764519534871
0.656293575873,0.767687434443
0.656271187217,0.752903907641
0.656219960392,0.757127772163
0.656148288796,0.769799366231
0.656160096495,0.771911299059
0.656191751219,0.783526927138
0.656185639257,0.760295671105
0.656241732641,0.759239704581
0.656217202403,0.762407603083
0.656225220769,0.769799366672
0.656189205339,0.758183737806
0.656166750312,0.774023231068
0.656158462623,0.750791974594
0.656152267516,0.774023230942
0.656198415547,0.758183737806
0.656249481937,0.765575501395
0.65620718171,0.750791974153
0.656180115663,0.764519535375
0.656192548486,0.755015839178
0.656272886358,0.752903907075
0.656301171437,0.752903907516
0.656165252706,0.749736008574
0.656119597499,0.766631467604
0.656199998626,0.765575501584
0.656272865966,0.771911299405
0.656224723319,0.757127772037
0.656151218928,0.761351636559
0.656143122263,0.769799366106
0.656223250575,0.770855332755
0.656245510675,0.757127772037
0.6561505612,0.759239704896
0.656133730472,0.766631468359
0.656157800426,0.752903907327
0.65616210008,0.757127772289
0.656177352197,0.755015839619
0.65621601824,0.767687433499
0.656215681949,0.763463568851
0.656167452413,0.781414994846
0.656146190738,0.762407602768
0.656182846336,0.76557550171
0.656192615959,0.763463569418
0.656172466693,0.763463569418
0.656186597841,0.755015839178
0.656191998198,0.784582892844
0.656188598341,0.751847941306
0.656213615455,0.748680042365
0.656164194677,0.762407603523
0.6561229465,0.777191129569
0.656153708854,0.750791974909
0.65619744897,0.768743400022
0.656225616697,0.762407603397
0.656405363661,0.78247096137
0.656266244374,0.76029567035
0.656188273254,0.77085533307
0.656186849225,0.768743400463
0.656154694691,0.771911299405
0.656188310766,0.766631467604
0.656217139651,0.777191130136
0.656220249604,0.76557550171
0.65615384298,0.782470960426
0.65616271696,0.74340021113
0.656156722822,0.779303062868
0.656216823123,0.750791974594
0.656316400078,0.772967264544
0.656277491022,0.755015839178
0.656179391532,0.763463569732
0.656150497945,0.76557550171
0.656153741583,0.749736008825
0.656156192108,0.763463569732
0.656182062601,0.761351636244
0.656179008225,0.763463569229
0.656265089794,0.768743400337
0.656177455483,0.768743400778
0.656271588022,0.767687434569
0.656236188528,0.747624075715
0.656166666538,0.76557550215
0.656209847554,0.745512143423
0.656193380308,0.764519535501
0.656143274957,0.77719113045
0.656156802064,0.778247095778
0.656096514389,0.760295670476
0.656146842172,0.765575501836
0.656197755302,0.760295671105
0.656214423328,0.76557550108
0.656195079764,0.759239704455
0.656150447089,0.762407603083
0.656207674786,0.764519534871
0.656208181142,0.763463569606
0.656185353759,0.769799366987
0.656171617563,0.74868004205
0.65615185192,0.762407602453
0.656131305878,0.768743400589
0.656152953064,0.763463568977
0.656161014388,0.769799366861
0.656168326405,0.76451953506
0.656120435049,0.769799366987
0.656165511769,0.760295670224
0.656195159006,0.740232313007
0.656229263815,0.76029567079
0.656222021378,0.770855332566
0.656151337697,0.755015839178
0.656120804572,0.743400211445
0.656135132534,0.759239704896
0.656154206902,0.764519535815
0.656182152731,0.778247096345
0.656132437737,0.759239703826
0.656119001264,0.763463569292
0.656236944946,0.772967264544
0.656230870371,0.770855332126
0.656135336776,0.767687434128
0.656089608118,0.769799366672
0.656084976768,0.761351636685
0.656119644957,0.766631467604
0.656197981573,0.764519535186
0.656279486109,0.753959873536
0.656288308667,0.775079197906
0.656189008147,0.76557550215
0.656081368452,0.766631467478
0.656074158053,0.761351637314
0.656090899405,0.76557550215
0.656121133688,0.760295670035
0.656156596186,0.772967265614
0.656141632902,0.766631467478
0.656100127929,0.77191129865
0.656126081251,0.757127771722
0.656116253597,0.780359028196
0.656146984166,0.763463568851
0.656159693078,0.762407603208
0.656163136395,0.763463569103
0.656145084905,0.75395987341
0.656150782876,0.77719113001
0.656184962458,0.77191129865
0.656182329343,0.762407602642
0.656148324672,0.769799366672
0.656158464134,0.758183737617
0.656192717608,0.766631468359
0.656186042139,0.757127771722
0.656155016883,0.751847940362
0.656166019447,0.764519535627
0.656138603073,0.77719113001
0.656129933587,0.757127772478
0.65618225822,0.767687434254
0.656191970441,0.768743400778
0.656184198423,0.766631467604
0.656136816822,0.763463569418
0.656101888752,0.759239703826
0.65611309732,0.761351636559
0.656119226276,0.76557550108
0.656152108513,0.78247096137
0.656123785308,0.751847940803
0.656113377531,0.759239704581
0.656072093919,0.77191129865
0.656107492973,0.761351636874
0.656141891084,0.752903906886
0.656112076426,0.775079197592
0.656149798739,0.760295671105
0.656174751119,0.765575501395
0.656196262605,0.768743400778
0.656162984709,0.765575501836
0.656104067752,0.759239704141
0.656127585151,0.761351636999
0.65612493221,0.76557550171
0.65616318788,0.767687433813
0.656163317034,0.757127772478
0.656164147723,0.75501583943
0.656184721459,0.774023231382
0.656152781803,0.76029567079
0.656191799306,0.76557550215
0.656247390991,0.758183738687
0.656177649654,0.755015839304
0.65612851944,0.753959872969
0.656108061452,0.764519535815
0.656100324114,0.748680042365
0.656160752587,0.77085533307
0.656159944368,0.753959873851
0.656124849695,0.781414995161
0.656081955624,0.765575501395
0.656065295528,0.755015839178
0.65615466108,0.765575501836
0.656176239535,0.752903907327
0.656170811547,0.762407602768
0.656186658264,0.779303061798
0.656162716016,0.77085533307
0.656106488695,0.761351636244
0.656160717529,0.766631468013
0.656142547679,0.764519535186
0.656094285981,0.768743399708
0.656085793987,0.758183738498
0.656117438892,0.759239704455
0.656150761099,0.75501583899
0.656149736679,0.766631467478
0.656162561308,0.771911299405
0.65616248515,0.769799366987
0.656138180553,0.767687434569
0.65614672718,0.770855332126
0.656110626214,0.761351636433
0.656096154307,0.757127771408
0.656170378265,0.775079197592
0.656147886481,0.744456177843
0.656124153825,0.768743400589
0.656104546666,0.769799366672
0.656109721696,0.766631467699
0.656144745404,0.768743400337
0.656112846408,0.780359028196
0.656090774153,0.767687433499
0.656085609068,0.76029567079
0.656096635298,0.751847940803
0.656173562865,0.757127772478
0.656179957084,0.761351636433
0.656127710969,0.750791974153
0.656119068548,0.753959873095
0.65610008066,0.766631467604
0.656099414058,0.763463569292
0.656095133727,0.757127772037
0.656101398319,0.77191129865
0.656114056156,0.763463569732
0.656164904079,0.755015839871
0.656174818654,0.766631468013
0.656158680523,0.768743400148
0.65618128667,0.775079197843
0.656157274307,0.765575502025
0.656156067234,0.76557550215
0.6561466604,0.771911299405
0.656141959375,0.765575501521
0.656122052053,0.767687434569
0.656138092437,0.762407602453
0.656124883147,0.760295671105
0.656123914021,0.777191130136
0.656127355828,0.766631468045
0.656114568051,0.771911298964
0.656127412128,0.75395987341
0.656157777075,0.757127772478
0.65617868962,0.761351636874
0.656141587837,0.751847941244
0.656119741822,0.755015839304
0.656143662418,0.778247096219
0.656141450753,0.753959872781
0.656117321571,0.768743400431
0.656160937003,0.769799366546
0.656154331776,0.77191129909
0.656198935058,0.756071805199
0.656105909264,0.758183737932
0.656019742348,0.76663146773
0.656056370189,0.762407602957
0.656152935441,0.748680042679
0.656189585059,0.777191129695
0.656212498671,0.758183738687
0.656143658201,0.758183737932
0.656082050979,0.763463569606
0.656079524988,0.755015839178
0.656140973915,0.767687434569
0.656171698253,0.766631468359
0.656130460776,0.763463569418
0.65612565077,0.765575502025
0.656147057491,0.763463569418
0.6561372192,0.756071806269
0.656124792293,0.753959873284
0.656106945894,0.769799366987
0.656119432281,0.763463569292
0.656090865858,0.77085533307
0.65615122774,0.751847941118
0.656180332052,0.772967264859
0.656178888103,0.765575501395
0.656098340733,0.772967265299
0.656101790124,0.772967265173
0.656134889143,0.756071805388
0.656146679093,0.763463569732
0.656133072744,0.761351636999
0.656187096329,0.769799366231
0.656169281212,0.764519535941
0.656071060751,0.753959872781
0.656069782996,0.780359028637
0.656098681682,0.756071805199
0.656083853091,0.780359028322
0.656072757627,0.755015839713
0.656143875976,0.77719113001
0.656102938473,0.76029567079
0.656063358346,0.766631468045
0.656050951013,0.764519535815
0.656135433642,0.761351637314
0.656152568246,0.767687434569
0.656114935623,0.759239704392
0.656065948662,0.778247096219
0.656115176496,0.76557550215
0.656140657388,0.746568110261
0.656097372583,0.770855333196
0.656075555835,0.762407602768
0.656137035855,0.762407602768
0.65614554157,0.777191129695
0.656117269142,0.756071805513
0.656129697812,0.74868004249
0.656183596775,0.77719113045
0.656167541915,0.755015839619
0.65610038825,0.759239704896
0.656066491397,0.759239704455
0.656061689353,0.761351637188
0.656103658387,0.766631467919
0.656138263824,0.769799366672
0.656124126068,0.778247095778
0.656138509292,0.768743400463
0.656202221181,0.758183737617
0.656142188352,0.772967264544
0.656155998943,0.759239704455
0.656121872924,0.763463569418
0.656089319599,0.745512143548
0.656106041502,0.771911298524
0.656128338675,0.75923970455
0.656154018458,0.758183738183
0.656160182913,0.778247096219
0.656112622308,0.760295670035
0.656100860934,0.768743400589
0.656136525156,0.765575501962
0.6560880195,0.769799366672
0.656100284713,0.765575502025
0.656113576801,0.758183737932
0.656105906117,0.760295671105
0.656097939614,0.772967264733
0.656142704716,0.763463568977
0.656175033029,0.755015839745
0.656147725857,0.769799366861
0.656320239196,0.759239704896
0.656225784339,0.763463568977
0.656059405116,0.76029567079
0.656049445161,0.768743400463
0.656054464225,0.764519535941
0.656051262757,0.788806758436
0.656074469419,0.761351636433
0.656108937961,0.774023230942
0.656134579287,0.752903907516
0.656266938167,0.763463569732
0.656239558739,0.772967265614
0.656079757113,0.756071805954
0.656084068977,0.769799366231
0.656094325634,0.76029567079
0.656104540875,0.763463568977
0.656110798545,0.767687433813
0.656143266963,0.744456177214
0.656154561383,0.758183737617
0.65608024465,0.751847941432
0.656067083101,0.762407603523
0.656087147711,0.753959873536
0.656177591875,0.778247096659
0.656136226755,0.764519535186
0.656122558535,0.764519534871
0.656093194719,0.770855332881
0.656098890015,0.765575501836
0.656106214778,0.764519535312
0.656059868484,0.764519534871
0.656125366373,0.756071805954
0.656182612701,0.767687433813
0.656140733672,0.770855332315
0.656133378792,0.770855332315
0.656094931373,0.76557550108
0.656158798159,0.770855332566
0.656097947481,0.768743400652
0.656108106517,0.768743400431
0.656103733601,0.752903906886
0.656118754852,0.761351636999
0.656115634263,0.755015839304
0.656153671845,0.748680042365
0.656134703784,0.760295670664
0.656094817891,0.764519535501
0.656076644517,0.774023231194
0.656096596464,0.761351637314
0.65611678406,0.759239704141
0.656140156255,0.777191129569
0.656123093592,0.762407602453
0.656102351742,0.766631467604
0.656118397413,0.778247095778
0.656128294239,0.765575501962
0.656126020262,0.759239704707
0.656165827416,0.774023230942
0.656135657458,0.770855333196
0.656102681047,0.752903907012
0.656082797705,0.784582893159
0.656131880525,0.752903906886
0.656104666127,0.762407602768
0.656070708599,0.76029567079
0.656053261495,0.761351636244
0.656094288499,0.759239704141
0.656148431734,0.758183738687
0.656107339713,0.768743400778
0.656109737116,0.751847940362
0.656149775702,0.779303061987
0.656089646575,0.76557550215
0.656119144894,0.76557550171
0.656126313376,0.755015839934
0.656095571792,0.744456176899
0.656075612356,0.766631467604
0.656060849223,0.784582893033
0.656074084538,0.768743400463
0.656106335183,0.760295670444
0.656134939118,0.767687434569
0.656097425767,0.770855332315
0.656101705847,0.767687434128
0.65607174611,0.752903906571
0.656081482564,0.753959873221
0.656110206338,0.777191129569
0.656141064864,0.77191129909
0.656139286544,0.760295670224
0.656074358392,0.760295670476
0.656053096843,0.753959873095
0.656045720595,0.779303062428
0.656095597409,0.758183738246
0.656120648102,0.763463569606
0.656128830555,0.774023231382
0.656096965987,0.778247096471
0.656115055493,0.745512143611
0.656115528082,0.75501584006
0.656112588446,0.763463569292
0.656087155579,0.763463568851
0.656081978409,0.746568110072
0.656144622135,0.77085533285
0.656185735745,0.769799366987
0.656155293947,0.762407603397
0.656087874989,0.761351637314
0.656079001009,0.772967264733
0.656053916894,0.76451953506
0.656070781673,0.757127772478
0.656096467561,0.768743400337
0.656108251595,0.763463569292
0.656063338519,0.749736008259
0.656074677626,0.758183738372
0.65608395216,0.753959872969
0.6561134231,0.760295670664
0.656131347167,0.769799365917
0.656108198662,0.764519535501
0.656090161931,0.768743399708
0.656122462488,0.769799366672
0.656152910328,0.761351636999
0.656114510712,0.761351637314
0.656058517089,0.764519535312
0.656066689219,0.768743400274
0.656120028012,0.775079197906
0.656125380535,0.752903906571
0.656074830289,0.784582893788
0.656093020688,0.759239704581
0.656110384585,0.762407602453
0.656125158795,0.758183738372
0.656078174569,0.780359028763
0.656092674201,0.75501583943
0.656147579016,0.764519535501
0.656092333567,0.771911299405
0.656073764423,0.769799366106
0.656081261454,0.743400210879
0.656097876358,0.761351636244
0.656181797244,0.752903907201
0.656095707744,0.767687434128
0.656031246485,0.749736008574
0.65603308397,0.756071806269
0.656098306336,0.765575502025
0.65608957841,0.77719112938
0.656092642164,0.766631468045
0.656091234374,0.768743399708
0.656092326895,0.760295670664
0.656104470445,0.764519535941
0.656071439779,0.752903907327
0.65606482681,0.76663146729
0.656051452019,0.772967265488
0.656100323736,0.767687434254
0.656118974577,0.761351637188
0.656121866378,0.759239704455
0.656069274248,0.757127772352
0.656075129917,0.764519535312
0.656060942123,0.760295670664
0.656087183808,0.768743399896
0.656108744041,0.759239704015
0.656124252641,0.741288278681
0.656081493389,0.774023231634
0.6560872425,0.758183738246
0.656082631605,0.764519535312
0.656091595244,0.768743399896
0.656126747854,0.765575501395
0.656144478757,0.758183738372
0.656074234274,0.768743400337
0.656049128759,0.768743399708
0.656063207288,0.760295671105
0.656063758899,0.768743400463
0.656058468782,0.777191129569
0.656030472883,0.753959873347
0.656083151619,0.772967265614
0.656109762167,0.758183738372
0.65612741452,0.762407602642
0.656139485813,0.764519535312
0.656104556673,0.755015839871
0.656064895573,0.766631467478
0.65603717079,0.770855332315
0.65603831873,0.76557550171
0.656067979751,0.747624075715
0.656086955113,0.761351636874
0.656051454788,0.747624075526
0.656045011318,0.775079197151
0.656074281983,0.759239704015
0.656124400237,0.756071806143
0.656113218355,0.763463569418
0.656043861522,0.769799366987
0.656027840523,0.750791974657
0.656037891238,0.756071805388
0.656065698851,0.761351636244
0.65610042142,0.765575501836
0.656114054834,0.771911298524
0.656076594794,0.769799366672
0.656134116801,0.76451953506
0.656084325145,0.739176346923
0.656066857837,0.769799366672
0.656052001049,0.759239704896
0.656047535799,0.764519534871
0.656097723413,0.758183738687
0.656112285766,0.763463569732
0.656086944791,0.779303062554
0.656065836753,0.74340021069
0.656066712759,0.759239704581
0.656100130887,0.757127772163
0.656088246778,0.776135163801
0.656081946624,0.761351637314
0.656096204816,0.767687434569
0.656142363201,0.760295670035
0.656116309048,0.761351636559
0.656099357915,0.767687434128
0.656077623178,0.770855332441
0.656041451153,0.762407603334
0.656017984294,0.763463568851
0.656047820982,0.770855332755
0.656067376215,0.756071805954
0.656091536992,0.758183737932
0.656103568508,0.762407602768
0.656041821557,0.762407603083
0.656034648544,0.776135163801
0.656084314004,0.758183738372
0.656065683242,0.775079197466
0.656115129228,0.775079197717
0.656121922081,0.771911299405
0.656074607322,0.759239704896
0.656033141308,0.755015839745
0.656037924408,0.761351637314
0.656048461024,0.767687434569
0.656048304868,0.757127771597
0.656077760829,0.781414994217
0.656117879035,0.750791974468
0.656075294506,0.77613516336
0.65603662497,0.761351636748
0.656066432926,0.768743400778
0.656078446881,0.763463568977
0.656089273306,0.766631468234
0.656084644127,0.755015839871
0.656101218373,0.764519535627
0.656092329161,0.758183737932
0.656079845544,0.768743400022
0.656076550232,0.763463569292
0.656066031743,0.765575501962
0.656111245422,0.751847940551
0.656109893964,0.778247096219
0.656121766932,0.741288278901
0.656055421802,0.757127772352
0.65602083147,0.760295670035
0.656080158673,0.764519535941
0.656114219612,0.762407602894
0.656127571304,0.762407603523
0.656074479742,0.762407603083
0.656030655411,0.760295670664
0.656023304528,0.772967265614
0.656067508012,0.750791974909
0.656110130746,0.762407603523
0.65610380038,0.76557550215
0.656078483323,0.757127771597
0.656100760355,0.778247095904
0.656088528437,0.752903906886
0.656067902712,0.757127772163
0.656101959214,0.760295670224
0.656062913293,0.770855332441
0.656063450553,0.767687434128
0.656128944666,0.748680041924
0.656109479721,0.760295670979
0.656098268981,0.768743399896
0.656059735428,0.760295671105
0.656061187969,0.769799365917
0.656052319276,0.759239704392
0.656078137151,0.775079197592
0.656066785455,0.770855332881
0.65611263861,0.75501584006
0.656112648429,0.760295670035
0.656069425431,0.759239704141
0.656065030171,0.761351636559
0.656090736767,0.768743399896
0.65607712041,0.753959872969
0.656087913508,0.771911299405
0.656049778652,0.766631467919
0.656052731788,0.760295670539
0.656066233467,0.775079197277
0.656087274914,0.768743399896
0.656075711424,0.760295670601
0.656065671283,0.77191129865
0.656066782938,0.772967265173
0.656063898753,0.771911299405
0.656039010572,0.759239704141
0.656044815636,0.764519535815
0.656054522508,0.750791975223
0.656040733253,0.764519535941
0.656060071971,0.764519535627
0.656127476453,0.761351636433
0.656086809469,0.756071805828
0.656046156206,0.763463569732
0.656059994428,0.767687433499
0.656111097764,0.771911299405
0.656147512677,0.756071805923
0.656074423913,0.763463569418
0.65604127536,0.763463568977
0.656050643674,0.771911299279
0.656045901486,0.760295670979
0.65604585321,0.766631468045
0.65603895295,0.762407603083
0.656020867157,0.770855332315
0.656023120301,0.759239704896
0.656044954169,0.761351636999
0.656053341178,0.764519535627
0.656008059334,0.766631467541
0.656062085752,0.75923970477
0.656076006867,0.779303062868
0.656061804911,0.771911298964
0.656047831273,0.75923970477
0.656047700388,0.764519534871
0.656087887765,0.758183738687
0.656061958675,0.77085533307
0.65603446545,0.75290390676
0.656041324831,0.76557550215
0.656028502657,0.770855332881
0.656050174893,0.755015839619
0.656035327546,0.76029567035
0.65602289938,0.77613516336
0.656036808158,0.762407603397
0.65606323536,0.753959873095
0.656023481265,0.768743400337
0.655999286688,0.756071805828
0.656061434129,0.752903907201
0.656046537688,0.756071805954
0.656041797011,0.763463569103
0.656098123778,0.75607180608
0.656122802052,0.75501583899
0.656123062499,0.783526926635
0.656096727946,0.756071805639
0.656047697304,0.769799366546
0.656050187167,0.757127771408
0.656059646493,0.767687434569
0.65601451086,0.765575501269
0.656017955341,0.76029567079
0.656033426806,0.765575501836
0.656039795125,0.761351636999
0.656061659393,0.768743400463
0.656051132155,0.755015839745
0.656027065159,0.762407603083
0.656020123012,0.786694825451
0.656013705159,0.759239704455
0.656038518,0.761351636559
0.656057440618,0.772967264859
0.656052252118,0.756071806269
0.656051345335,0.759239703826
0.656087362464,0.767687434569
0.656086694917,0.782470961496
0.656065874769,0.746568109758
0.656088073314,0.781414995287
0.656097999848,0.751847941432
0.656092045111,0.76663146773
0.65602901065,0.750791974594
0.655996816715,0.778247096219
0.656006212691,0.770855332441
0.656060525017,0.760295670759
0.656080153638,0.767687433499
0.656027209671,0.759239704141
0.656038395392,0.757127772352
0.656059538613,0.762407602453
0.656090202717,0.765575501395
0.656038093844,0.766631468359
0.656008929234,0.759239704707
0.656031351344,0.772967264985
0.65602493475,0.776135164241
0.656037356433,0.769799366231
0.656072854178,0.767687434254
0.656127675093,0.76663146729
0.656129108437,0.761351637314
0.656103208677,0.767687433499
0.656079410374,0.766631467478
0.656047965242,0.748680042805
0.656037256672,0.762407603397
0.656020465786,0.769799366987
0.656015540755,0.762407602768
0.656042448948,0.759239703826
0.656087176412,0.753959873221
0.656097721273,0.765575501962
0.6560495847,0.757127772352
0.656028478047,0.774023231823
0.65601129693,0.762407602642
0.656027000834,0.763463568977
0.656060622071,0.77191129865
0.656051119819,0.770855333196
0.65608905292,0.762407602642
0.656091763326,0.76451953506
0.656051490979,0.769799366798
0.656063885535,0.771911298524
0.656054182252,0.750791974468
0.656064911465,0.764519535501
0.656036495155,0.756071805954
0.656010772384,0.767687433499
0.656033870537,0.744456177214
0.656039438064,0.764519535186
0.656004785044,0.759239704141
0.656015795664,0.779303062113
0.656033194053,0.760295670979
0.656032166864,0.760295670035
0.65603217813,0.767687434254
0.656064222267,0.76557550171
0.656069927571,0.747624075526
0.656065765316,0.775079196962
0.656040888024,0.784582893473
0.656066410519,0.760295670664
0.656063630186,0.749736007944
0.656046612525,0.772967265299
0.656019922295,0.758183738687
0.65604143013,0.76557550171
0.656045421753,0.758183737932
0.656182033207,0.774023231194
0.656151705898,0.768743399708
0.656040613289,0.764519535375
0.656017846643,0.76557550108
0.656003816956,0.767687433687
0.656010566474,0.772967264733
0.656037102909,0.755015839934
0.656102539682,0.768743400022
0.656108694759,0.753959873095
0.656085953478,0.762407602768
0.656040108915,0.761351636433
0.656027690347,0.758183737617
0.656030390966,0.758183738687
0.656038303939,0.762407603208
0.656046782023,0.758183738687
0.656055396688,0.760295670035
0.656053712149,0.768743400022
0.6560587928,0.755015839304
0.656049929677,0.750791974342
0.656040065455,0.756071805199
0.656025521984,0.755015839619
0.656034427686,0.747624075841
0.656040346673,0.777191129569
0.656064153473,0.774023231382
0.656069646101,0.75501584006
0.656033067888,0.756071806143
0.656029869095,0.770855332755
0.656030336428,0.752903907327
0.65605649009,0.77719113001
0.656086369326,0.756071805954
0.656079423717,0.778247095778
0.656058165283,0.759239704015
0.656084414048,0.768743400337
0.656073702332,0.755015839178
0.65609245671,0.763463569606
0.656042635378,0.769799365917
0.656027407178,0.768743400337
0.656014323927,0.757127772478
0.656014150274,0.778247096659
0.656021119014,0.759239704455
0.656018294968,0.769799366231
0.656047570542,0.762407602768
0.656123177806,0.762407602894
0.656092063615,0.781414994846
0.656070358776,0.771911299279
0.656066989634,0.768743400463
0.656009296744,0.774023231508
0.656002330553,0.759239704455
0.656053312855,0.770855332126
0.656050232673,0.762407603523
0.656011644613,0.764519535941
0.656063010411,0.776135163171
0.656056174066,0.759239704896
0.656022781713,0.76451953506
0.656012392598,0.771911299405
0.656024915301,0.760295670979
0.65605776665,0.768743400431
0.656030520466,0.760295670979
0.656035633248,0.761351636874
0.656035070497,0.755015839871
0.656073323588,0.774023230753
0.656063456281,0.772967265614
0.656018411156,0.759239704267
0.656015812595,0.772967264733
0.656017434194,0.755015839745
0.656033476844,0.77085533307
0.656041980608,0.757127771408
0.656032754665,0.756071805199
0.656013456922,0.762407603397
0.656027229749,0.758183738246
0.656038932966,0.766631467478
0.656043034295,0.767687434254
0.656044675562,0.75818373812
0.656058786223,0.764519535186
0.656042658792,0.778247095589
0.656054145054,0.751847940551
0.65603998552,0.743400211004
0.656041411563,0.765575502025
0.656030821511,0.775079197403
0.656052091557,0.76557550215
0.656068132634,0.763463569606
0.656032555238,0.760295670224
0.656021863694,0.769799366546
0.656025433049,0.750791974468
0.656019626223,0.770855332315
0.656024461185,0.760295670035
0.656003499484,0.770855332881
0.656032014296,0.76557550108
0.65605784671,0.766631467478
0.656042456753,0.779303062868
0.656033291296,0.762407603208
0.656022027277,0.765575501269
0.656026973707,0.759239704581
0.655997554063,0.765575501836
0.65598964238,0.75501583943
0.656018350041,0.757127772352
0.656038097117,0.775079197466
0.656022980133,0.757127772037
0.656020624868,0.778247096659
0.656039796636,0.764519535186
0.656033750698,0.774023231823
0.656047120014,0.765575501962
0.656010201577,0.764519534871
0.656015554539,0.771911298964
0.656050547123,0.759239704267
0.656033652385,0.758183738057
0.656045258863,0.769799365917
0.656049261312,0.756071805954
0.656045848931,0.762407602642
0.656037178752,0.779303062302
0.656028709857,0.765575501836
0.656029625327,0.769799366546
0.656034890047,0.769799365917
0.656035681272,0.765575501269
0.656036282291,0.758183738246
0.656029171337,0.75501584006
0.656006282587,0.762407603397
0.656006493375,0.761351637188
0.656009533337,0.749736008259
0.656050808012,0.752903907327
0.656058625598,0.762407602957
0.656066414736,0.765575501521
0.656056000917,0.759239704015
0.65604393554,0.770855333007
0.656045664641,0.77191129865
0.656010221906,0.756071805828
0.656008246015,0.767687434569
0.656038982123,0.757127772478
0.65606027766,0.772967265425
0.656074729426,0.75501584006
0.656018648505,0.780359028952
0.655992666608,0.757127772478
0.656015612759,0.769799366106
0.656019155743,0.743400210879
0.655991089822,0.770855332315
0.655997725387,0.755015839304
0.65603681804,0.775079197151
0.656016691308,0.752903907327
0.656001075457,0.767687434128
0.656050863903,0.759239703826
0.656036650933,0.762407603083
0.656014363894,0.768743400274
0.656007709762,0.756071805513
0.656041432459,0.769799366483
0.656055926018,0.76557550171
0.656018591166,0.751847941432
0.656055601119,0.782470960426
0.65602962218,0.749736007944
0.656012106848,0.777191129695
0.656049452274,0.762407603523
0.656073642664,0.776135164241
0.656024626656,0.763463569418
0.656010993053,0.75607180608
0.656054719826,0.768743399708
0.6560401469,0.767687434254
0.656012243429,0.748680041735
0.656043204612,0.769799365917
0.65603301656,0.76029567079
0.656083990176,0.764519535186
0.656106398941,0.750791975223
0.656041269255,0.767687434569
0.656025086499,0.768743400778
0.655996636579,0.784582892844
0.655998323007,0.760295670035
0.655990031415,0.780359028322
0.656058640641,0.759239704896
0.656068868534,0.781414995287
0.656008476566,0.758183737617
0.656020706911,0.771911298964
0.656011811028,0.74762407647
0.656021238758,0.759239704896
0.656015071723,0.761351637188
0.655989077552,0.767687434569
0.655991745096,0.770855332881
0.655998824076,0.776135164241
0.656044366682,0.756071805639
0.656051233552,0.750791974877
0.656074016248,0.782470961055
0.656041944606,0.758183737617
0.656026741897,0.751847941432
0.656019394035,0.751847940362
0.656010565813,0.778247096659
0.656019412225,0.757127771722
0.65606120276,0.770855333007
0.656037644197,0.775079198032
0.656020090661,0.751847940992
0.656008361134,0.76557550108
0.6560263494,0.768743400778
0.656034952421,0.769799365917
0.656188600167,0.769799366672
0.656137754824,0.767687433499
0.656031083154,0.77191129909
0.655988984778,0.765575501836
0.655984521667,0.751847940677
0.6560184763,0.753959873536
0.656025080583,0.758183738057
0.656017111435,0.778247095778
0.656039083394,0.76557550215
0.656034998556,0.763463568977
0.65602517021,0.757127772163
0.656034443421,0.77719112938
0.656049361513,0.751847940803
0.65607990496,0.77719113045
0.656040310482,0.762407603208
0.656025970498,0.765575501269
0.655992048595,0.762407603523
0.655999300032,0.769799366546
0.656040424845,0.744456177528
0.656041517366,0.752903907327
0.656058946595,0.757127772037
0.656032592436,0.76557550215
0.656034022601,0.756071805388
0.656030948713,0.765575501269
0.656045425026,0.764519535186
0.656053217122,0.758183737617
0.656015931049,0.756071805388
0.655999683654,0.763463569292
0.656017606966,0.75501584006
0.656011707113,0.763463569732
0.656000459773,0.769799366231
0.656012890898,0.770855332755
0.65603168946,0.753959873851
0.656039974254,0.755015839619
0.65603168304,0.756071805388
0.656024460745,0.756071805513
0.656018675381,0.747624076093
0.656009512504,0.775079197466
0.656004249168,0.768743400652
0.655996923588,0.759239704455
0.656003210273,0.763463568977
0.65601571359,0.75501583899
0.656010699813,0.76029567035
0.656001034231,0.757127771408
0.656015745375,0.761351637188
0.656089174521,0.768743400022
0.656052955227,0.762407603397
0.656048136314,0.76029567035
0.656027261282,0.763463569418
0.656015156252,0.757127772163
0.656000702535,0.763463569386
0.65601341708,0.775079197592
0.656051161989,0.764519535501
0.656079597181,0.780359028322
0.65607939596,0.752903907453
0.656002997219,0.758183738372
0.655999859447,0.753959873851
0.656003045243,0.767687434443
0.655987512788,0.765575501836
0.656007076266,0.757127772037
0.656023600915,0.762407602453
0.656040675977,0.775079197592
0.656022626029,0.748680042239
0.656000445045,0.759239704707
0.656011419853,0.77085533285
0.656030596498,0.776135163801
0.6560046287,0.757127771848
0.656007071766,0.769799366546
0.65602773686,0.747624076596
0.656049272012,0.764519535941
0.656037116693,0.766631468359
0.656011253879,0.764519535941
0.655991041106,0.752903907327
0.656043507009,0.76557550171
0.656027744319,0.765575501395
0.655997890165,0.769799365917
0.656010954722,0.757127771722
0.656022845062,0.786694826017
0.656014273826,0.757127771722
0.656016143977,0.759239704141
0.656019308373,0.779303062113
0.656013919471,0.76557550215
0.656037849037,0.760295670664
0.656006370578,0.781414994531
0.656012128342,0.745512143423
0.655983646921,0.774023231823
0.655982391384,0.772967265488
0.655985015813,0.759239704455
0.656004331117,0.772967265299
0.656024023529,0.75501584006
0.656017686019,0.764519535501
0.656039467142,0.756071806269
0.656039856241,0.763463568977
0.656027696138,0.761351636244
0.656050644429,0.778247095904
0.655990272792,0.768743399896
0.65597628068,0.76451953506
0.655981919173,0.762407603523
0.655997657537,0.756071806269
0.656001563529,0.77719113001
0.656012593441,0.746568109317
0.656011644739,0.768743399708
0.656001650104,0.765575501395
0.656000656399,0.77719113001
0.65599996097,0.753959872969
0.656007779878,0.76557550215
0.656013198425,0.756071805199
0.656082622353,0.76663146773
0.656024161274,0.779303062554
0.655976544527,0.753959873851
0.656001421756,0.77719113045
0.656022116589,0.757127771817
0.656014831983,0.751847940803
0.656002376752,0.75395987341
0.655989741952,0.783526927264
0.655972573548,0.757127772478
0.655978743353,0.758183737617
0.655995117384,0.76451953506
0.656017805543,0.756071806269
0.656029326611,0.75607180608
0.656028744286,0.776135163171
0.656000621814,0.761351637314
0.656027387226,0.750791974342
0.656057405245,0.77085533307
0.656048668916,0.751847941244
0.656038771398,0.779303062239
0.656038500817,0.77085533307
0.655992821756,0.767687433687
0.655972248775,0.772967265299
0.655969032579,0.760295670539
0.655992148481,0.772967265299
0.655990668939,0.760295670539
0.656003306949,0.760295670916
0.656052904748,0.755015839934
0.65604718264,0.776135163801
0.656012352788,0.74868004249
0.655985134645,0.774023231194
0.655968423,0.756071805639
0.655958444541,0.759239704896
0.655951881421,0.759239703826
0.65601620097,0.772967264733
0.656011037615,0.778247096659
0.655988653018,0.768743400148
0.656012913997,0.766631468013
0.65606901701,0.776135164241
0.65601151206,0.763463569606
0.655979851609,0.753959872969
0.655971573298,0.756071805199
0.655981682359,0.774023231382
0.656039426357,0.756071805828
0.656047804838,0.762407603523
0.656034074905,0.757127771722
0.656034469856,0.77719113001
0.65602546603,0.764519535815
0.656020280206,0.771911298964
0.656011904683,0.765575501269
0.655995557244,0.750791974342
0.656022294144,0.772967265299
0.656066864886,0.776135164241
0.656041118449,0.760295671105
0.656004584012,0.762407603083
0.656001681826,0.76557550215
0.656008747541,0.761351636748
0.655996756292,0.757127771974
0.656004440193,0.775079197592
0.656029252467,0.751847940677
0.656012659654,0.76557550108
0.655986218669,0.770855332126
0.656012580161,0.764519535627
0.656012983798,0.778247096345
0.655975779863,0.761351636433
0.656024692806,0.775079197466
0.65603227059,0.756071806269
0.656003549648,0.781414994846
0.656002299272,0.749736008448
0.656011746766,0.764519535186
0.65601548392,0.763463568662
0.656014404742,0.766631468359
0.656023133267,0.757127772037
0.656015011489,0.774023231382
0.656008025881,0.758183737932
0.656032209789,0.769799366987
0.656013626043,0.768743400463
0.656026205707,0.760295670979
0.656010054296,0.756071805199
0.656005513391,0.77191129865
0.655998937054,0.763463568851
0.656016886675,0.764519535375
0.655993074588,0.770855332881
0.655974318447,0.757127772163
0.655998967139,0.765575501804
0.656017527283,0.767687433813
0.656038167232,0.760295670664
0.656045845721,0.764519535941
0.656009954032,0.752903907641
0.655965245827,0.741288279342
0.655994682733,0.76979936642
0.656020395544,0.748680041924
0.656036037358,0.756071805828
0.656017943131,0.762407603208
0.656013871196,0.77191129865
0.656019454143,0.750791974594
0.655997643501,0.778247096659
0.655981457095,0.762407603208
0.655999930947,0.766631467478
0.656018575683,0.768743400337
0.656018344062,0.763463569543
0.655990847753,0.758183738687
0.65597602596,0.752903907641
0.655972595577,0.761351636559
0.655980388428,0.762407602453
0.655994101084,0.762407602642
0.656001889341,0.776135164115
0.655999827284,0.763463568977
0.656041055572,0.759239704141
0.656092564873,0.764519535815
0.656043732871,0.75501584006
0.65602098152,0.774023231257
0.65599750264,0.767687434128
0.655977155742,0.76029567035
0.656016939985,0.75501583899
0.656002987778,0.757127772478
0.655997216953,0.759239704455
0.65599281414,0.769799366987
0.65600661422,0.749736009014
0.65599538828,0.76557550171
0.655978928524,0.758183737932
0.655988567482,0.766631467919
0.655990702612,0.762407602768
0.656015383215,0.768743400778
0.655976096705,0.753959873851
0.655979301572,0.762407602453
0.656026129045,0.750791974594
0.656037680073,0.758183738687
0.656004345656,0.760295670759
0.656018547423,0.76029567079
0.656025634648,0.766631468045
0.655993922396,0.771911298964
0.655992323456,0.755015839493
0.656003410738,0.764519535501
0.656013849481,0.758183737617
0.656004850376,0.776135163801
0.656002390976,0.761351636968
0.65599445418,0.768743400148
0.655980053585,0.774023231823
0.655990237419,0.751847940992
0.655994570117,0.771911298524
0.656017707356,0.739176346609
0.65600799375,0.759239704581
0.656001224123,0.771911298335
0.655995096551,0.766631468359
0.656000512706,0.757127772289
0.656001507355,0.769799366861
0.65599135562,0.767687434443
0.655981029414,0.767687434128
0.655992905278,0.753959873725
0.65610531819,0.750791974877
0.656003267737,0.767687434128
0.655945117364,0.765575501584
0.655940224528,0.746568109632
0.655972535029,0.765575501269
0.656061833486,0.744456176899
0.656047612649,0.762407602453
0.655993087805,0.75395987341
0.655969854173,0.760295670539
0.655983231576,0.783526927579
0.655998461287,0.745512143737
0.655990020778,0.76557550215
0.656024982207,0.775079197592
0.655990998181,0.772967264859
0.656010822673,0.765575501269
0.656020475793,0.782470960615
0.656018517306,0.766631467793
0.65600532885,0.769799366987
0.656002839396,0.767687433687
0.655988391312,0.762407603177
0.656005706115,0.764519535375
0.656006512131,0.762407602642
0.655990774428,0.746568109946
0.656001035427,0.762407603083
0.656008433641,0.755015839178
0.655975409206,0.761351637314
0.655963672,0.767687434002
0.655989842971,0.762407602642
0.656029794511,0.759239704455
0.65604676226,0.758183738687
0.656042162947,0.751847941244
0.656037930387,0.764519535941
0.655987353927,0.759239704329
0.655978975351,0.763463569292
0.655994607818,0.756071805954
0.656026206588,0.766631467478
0.656037747608,0.761351636559
0.656036770331,0.752903907327
0.656019837703,0.751847940677
0.656002610639,0.746568110198
0.655992367703,0.775079197151
0.655997311175,0.74340021069
0.656004700074,0.769799366861
0.656012402102,0.746568109632
0.656000051793,0.767687433813
0.656016000725,0.763463569543
0.65599851957,0.771911299405
0.655967496265,0.762407603083
0.656009397575,0.770855332441
0.656024700107,0.753959873095
0.65601503698,0.774023231508
0.65603146514,0.749736008574
0.656018666317,0.780359028637
0.655983204889,0.759239704392
0.655996854857,0.760295671105
0.65598127998,0.763463568662
0.655969716868,0.771911299405
0.655977039428,0.764519535312
0.656030415859,0.759239704581
0.656023681101,0.76557550171
0.656013463216,0.769799366672
0.656006431189,0.757127772478
0.655994870721,0.766631467793
0.656014893161,0.760295670664
0.655988105184,0.762407603523
0.655986464263,0.760295670664
0.656007992932,0.761351636874
0.656034607129,0.764519535815
0.656044881472,0.744456177969
0.656004638455,0.761351636244
0.655969643322,0.769799366546
0.655971354706,0.762407603208
0.655974218876,0.768743400463
0.656008262474,0.751847940551
0.656005527175,0.77719112938
0.65598217361,0.761351636874
0.655983456966,0.761351636244
0.655984087,0.769799366987
0.656003454985,0.77191129865
0.656016529299,0.760295670759
0.656051327586,0.770855332755
0.656007718826,0.757127772478
0.655979287347,0.769799366106
0.655969482541,0.752903907327
0.655991603794,0.758183737806
0.655993196818,0.763463568851
0.65596993181,0.769799366106
0.65595818894,0.753959872781
0.655975207041,0.757127772163
0.656015804539,0.764519535753
0.656006597321,0.755015839178
0.656009490978,0.764519535186
0.655994312376,0.768743400337
0.655991070563,0.76029567079
0.655996380348,0.769799366546
0.655980885281,0.767687434002
0.655965173131,0.760295670035
0.655974230394,0.758183737806
0.656006998094,0.784582893473
0.65600770542,0.762407602705
0.65597269603,0.775079197151
0.655985274939,0.760295670664
0.656039054253,0.759239704896
0.656044849561,0.762407603523
0.656027205013,0.759239704581
0.655992419944,0.768743400148
0.655970905594,0.779303061987
0.655961292095,0.76557550108
0.655963291085,0.767687433687
0.655968389453,0.756071806269
0.655982838576,0.768743400022
0.656028825101,0.743400211445
0.656043221731,0.75923970477
0.656009751521,0.756071805828
0.656000520322,0.756071805639
0.655981291247,0.765575501395
0.655964862142,0.763463569103
0.65599315918,0.774023230942
0.655996308156,0.764519535501
0.65600181677,0.749736009014
0.65599024793,0.762407602768
0.655992499438,0.757127771722
0.656014353887,0.75501583899
0.65598356107,0.774023231068
0.656020523691,0.775079197592
0.656029614186,0.758183738687
0.655988029026,0.760295671105
0.655975928402,0.764519535815
0.655977392713,0.762407602768
0.655986744096,0.757127772478
0.656002534103,0.758183738246
0.655991027637,0.768743400463
0.655960551411,0.766631467604
0.655970302466,0.779303062868
0.655985191732,0.76029567035
0.6559601783,0.749736008574
0.6559674709,0.766631468359
0.655964570224,0.759239704267
0.655953346676,0.769799366546
