loss,accuracy
1.65617468453,0.42872228095
1.51100707696,0.529039071127
1.44929253602,0.524815206165
1.42452513479,0.544878564264
1.38090877724,0.562829989377
1.35536344804,0.582893347633
1.31730523293,0.572333684819
1.27916314395,0.608236536997
1.2425837946,0.609292502136
1.18797526125,0.627243928446
1.15370429028,0.648363252187
1.08398634239,0.668426610726
1.03900777916,0.683210136772
0.987361480215,0.707497360462
0.946216498282,0.700105596841
0.896807381759,0.723336853347
0.885238772838,0.734952481961
0.830830897298,0.723336853347
0.808019494431,0.738120379833
0.787137560822,0.739176345853
0.766583553841,0.752903907641
0.764864486022,0.742344244795
0.746765138481,0.748680041735
0.743466470788,0.750791975034
0.729773564223,0.744456177214
0.724680022994,0.747624075526
0.7225533141,0.749736008574
0.725949832983,0.755015839304
0.716873080199,0.753959872969
0.713551941429,0.728616684329
0.707562494618,0.762407603083
0.707565681798,0.739176345853
0.705724421373,0.752903907201
0.703175040208,0.748680041924
0.703996525017,0.739176346042
0.704558679962,0.770855333196
0.697872230344,0.755015839745
0.693747297071,0.764519535941
0.693154309468,0.765575501395
0.704412311347,0.758183738687
0.697541324679,0.75395987341
0.691352851036,0.756071806269
0.692677469541,0.755015839304
0.690389532285,0.75501583899
0.691431610329,0.748680042239
0.685740617538,0.749736008385
0.685192764435,0.762407603523
0.684614155084,0.75290390676
0.684552020546,0.751847940677
0.680869973134,0.765575501269
0.686651442283,0.751847941432
0.684031468447,0.780359028952
0.689709072946,0.759239704235
0.688199304855,0.763463568977
0.676159834346,0.759239704581
0.677354265134,0.772967265173
0.679709380569,0.762407603083
0.679756586693,0.763463568977
0.676983311788,0.761351637188
0.679667536976,0.762407602453
0.679492444776,0.75501583899
0.680530087623,0.775079197277
0.676504634376,0.766631467604
0.675800133091,0.760295671105
0.678599458247,0.76029567079
0.675135187954,0.763463569606
0.676052658523,0.747624076407
0.67547681122,0.766631467604
0.674289064932,0.757127772478
0.67354893527,0.768743400337
0.67582864205,0.755015839304
0.677003646979,0.757127772037
0.674322081594,0.767687434569
0.675005903466,0.751847940992
0.673684231898,0.742344244795
0.677224015422,0.766631467478
0.672509846554,0.769799366798
0.670399827149,0.761351636999
0.672749351801,0.75079197472
0.674912580152,0.768743400778
0.670195384099,0.759239704141
0.670769566153,0.767687433939
0.674627278334,0.761351636999
0.671652433676,0.759239704581
0.670755513304,0.750791974468
0.671706415847,0.770855333007
0.67226266005,0.767687434128
0.669139297736,0.757127771722
0.668402111329,0.769799366672
0.670064414347,0.767687434128
0.671382094764,0.760295670224
0.669637461902,0.768743400022
0.669096886293,0.757127771722
0.668060192526,0.759239704896
0.668473364496,0.77719113045
0.669658583252,0.761351637188
0.668702143047,0.766631467478
0.671073500118,0.749736008699
0.66796544018,0.766631468359
0.670300533993,0.757127771408
0.66983236116,0.768743400148
0.666978570765,0.765575501395
0.667894827967,0.760295671105
0.669327378147,0.766631468359
0.668037306293,0.760295671105
0.667662487299,0.760295670759
0.668642830131,0.772967264859
0.668351631293,0.757127772289
0.667668845422,0.764519534871
0.667785305408,0.77191129865
0.666686742522,0.764519535627
0.668640415923,0.768743400148
0.669762121272,0.763463569292
0.666998987276,0.751847940992
0.663927041049,0.764519535501
0.665495735098,0.757127771408
0.668942454121,0.764519535186
0.666347728108,0.753959873095
0.664175873762,0.76029567035
0.665568070276,0.772967264859
0.667508439252,0.760295670035
0.66597101448,0.762407602768
0.664816936633,0.749736009014
0.666703051662,0.769799366546
0.667148384713,0.749736008133
0.664932531251,0.757127772478
0.665021598906,0.767687434254
0.667030905595,0.75923970477
0.664187508878,0.759239704581
0.66581446845,0.761351636559
0.665996840788,0.764519535312
0.665667349711,0.746568109506
0.665704597893,0.76029567035
0.66537889898,0.76557550215
0.66494495306,0.753959873851
0.664712959761,0.765575501269
0.66477072176,0.762407603523
0.663416265812,0.761351637314
0.663387792856,0.756071805639
0.663667144909,0.756071805828
0.664039490908,0.772967264733
0.665094228204,0.778247095778
0.664601565226,0.759239704455
0.66469875875,0.75395987341
0.666593502542,0.761351636244
0.663979372165,0.768743399896
0.663055225058,0.766631467919
0.662400952866,0.762407602894
0.664337290756,0.767687434128
0.664466850483,0.762407603177
0.663246211117,0.76029567035
0.662610061506,0.752903907327
0.664044245747,0.763463569732
0.662996753153,0.783526927359
0.66298929653,0.767687433813
0.663327819128,0.761351636874
0.663061493805,0.749736008259
0.662148241823,0.759239704896
0.661899291349,0.767687434254
0.662582801035,0.765575501521
0.664462451635,0.770855332126
0.663856977268,0.753959873536
0.662552267817,0.761351636999
0.661987791029,0.780359028196
0.661837395796,0.749736008133
0.662378940688,0.764519535186
0.663125506424,0.749736009014
0.662358445643,0.756071806143
0.661527851756,0.768743400652
0.662599801703,0.76557550215
0.662072118384,0.757127771597
0.661999288683,0.775079198032
0.662906975467,0.759239704581
0.663104126924,0.768743399708
0.661467891183,0.756071805639
0.660728714031,0.764519535501
0.662779755426,0.76029567079
0.662368064571,0.760295670664
0.661308448758,0.760295670664
0.662662079304,0.768743400463
0.662420915324,0.757127771722
0.660627059599,0.76557550215
0.662069213491,0.776135163927
0.663059762942,0.765575501269
0.6615045273,0.771911298524
0.660868700668,0.750791975034
0.661436908537,0.751847940992
0.662418589295,0.756071805828
0.662053318562,0.756071806269
0.661182793355,0.770855332315
0.661201159579,0.747624075841
0.661915695214,0.759239704581
0.660524627034,0.763463569418
0.661906612524,0.772967264733
0.661591659881,0.770855332755
0.66050862539,0.774023231823
0.661323102815,0.761351636685
0.662115551476,0.762407603523
0.661441026733,0.768743400463
0.660666194863,0.762407602642
0.660450797084,0.768743400778
0.660942752233,0.765575502025
0.660853110875,0.776135164241
0.660911312828,0.756071805828
0.661380526571,0.759239703826
0.660667724758,0.776135164241
0.660616316476,0.752903907641
0.660734825363,0.75290390676
0.660468140367,0.764519535375
0.660379454415,0.763463568977
0.661485681627,0.768743399708
0.661444049734,0.760295670664
0.66060563837,0.759239704581
0.660605573289,0.76451953506
0.660500687304,0.767687433499
0.660898256579,0.74868004249
0.660534567415,0.76663146729
0.661032885785,0.751847941432
0.66029765217,0.774023230942
0.659726416611,0.763463569292
0.660118056577,0.757127771722
0.660695164987,0.759239704896
0.660568559875,0.769799366546
0.660382409345,0.763463568977
0.660269214491,0.778247095904
0.660499404986,0.748680042365
0.660366579937,0.753959873851
0.660187760401,0.752903906886
0.659960907578,0.769799366798
0.660443372309,0.751847941432
0.660495750881,0.766631468234
0.660023669507,0.737064414191
0.659630433748,0.766631467604
0.659546997378,0.752903907327
0.66023945286,0.781414994531
0.660112734141,0.76557550171
0.659812735529,0.762407602453
0.6600688942,0.761351637188
0.660622131736,0.766631467604
0.659887664484,0.766631467919
0.659997797189,0.768743400778
0.659679040297,0.756071805828
0.659660803164,0.766631467919
0.660188224462,0.76663146773
0.659596312889,0.75501584006
0.659310608095,0.750791974783
0.659504013681,0.772967265614
0.659303312883,0.769799366357
0.659659112456,0.765575501395
0.659509506309,0.767687433499
0.659301473573,0.774023231823
0.659990521331,0.767687433813
0.660338524277,0.771911298524
0.659807779847,0.762407603083
0.659361903368,0.758183737932
0.659706512877,0.768743400778
0.660611087757,0.760295670476
0.659719776704,0.769799366231
0.659138573261,0.758183738687
0.65925703016,0.771911298838
0.659379149629,0.74340021069
0.659257669635,0.781414994972
0.660182901018,0.763463568851
0.659933496491,0.749736008133
0.658924407541,0.758183737806
0.65885753648,0.767687433813
0.659594615636,0.775079197466
0.659848498568,0.775079197277
0.659242667077,0.752903907641
0.658632332445,0.772967264733
0.65912209437,0.758183738057
0.658908586693,0.772967264733
0.659199474606,0.746568109506
0.659264756671,0.772967264985
0.659609824388,0.742344244921
0.659298508006,0.775079197403
0.659186694287,0.768743400337
0.659214055589,0.759239704455
0.659235103077,0.753959873095
0.658996100725,0.763463569386
0.659100850004,0.768743400148
0.659457428277,0.764519535627
0.659216972691,0.775079197277
0.659134841834,0.759239704581
0.658792298976,0.764519535501
0.659384804895,0.762407602453
0.659292101797,0.767687434569
0.658979931848,0.77085533307
0.65879583406,0.752903907201
0.658455126389,0.763463568977
0.658491369349,0.752903906886
0.658772549445,0.757127772037
0.658545824202,0.756071805199
0.659032191589,0.761351636433
0.659449453024,0.768743400652
0.658773871951,0.751847940677
0.658668207235,0.761351636874
0.6591348745,0.771911298524
0.65926439596,0.752903906886
0.65863878202,0.768743399708
0.658574100029,0.770855332315
0.658835127714,0.76557550171
0.658694154421,0.750791975034
0.658664142506,0.762407602768
0.658766921621,0.775079196962
0.659106781767,0.759239704581
0.658627861153,0.753959873725
0.658999770471,0.775079197717
0.658616388234,0.765575501521
0.658729398515,0.766631468234
0.65860553956,0.76029567035
0.65881782317,0.769799366987
0.659001179331,0.771911299279
0.658851514019,0.764519535941
0.658321704507,0.768743400463
0.658530147363,0.75290390676
0.658877973886,0.761351636874
0.658990079146,0.76029567035
0.658667252963,0.770855332315
0.658476992796,0.757127771722
0.658645123243,0.763463569732
0.658661946827,0.767687433687
0.658145714524,0.748680042679
0.658263970107,0.763463568851
0.658646367105,0.762407602642
0.658051716992,0.758183738372
0.658237389174,0.758183738687
0.658901921358,0.749736008133
0.658953800058,0.780359029078
0.658777540563,0.756071806269
0.65819642467,0.750791975223
0.658232249957,0.751847940362
0.658415297709,0.76557550108
0.658398126473,0.775079198032
0.658254959326,0.767687433687
0.658140285214,0.774023231697
0.658456959342,0.77719113045
0.659030480395,0.761351637314
0.658676939567,0.76979936642
0.658186909453,0.760295671105
0.65858383,0.766631467478
0.658542444109,0.763463569292
0.657900594167,0.747624075841
0.658084569347,0.777191130324
0.658564696027,0.743400211414
0.658351734359,0.775079196962
0.658455271089,0.770855332315
0.657784119516,0.774023230942
0.658212555563,0.758183738246
0.658300155382,0.766631467604
0.658219373465,0.747624076155
0.657934784449,0.767687434065
0.657810373379,0.752903907201
0.658235404723,0.767687434569
0.65812863323,0.752903906886
0.658266006641,0.757127771722
0.658204853724,0.758183737617
0.658350529049,0.764519535941
0.658468470213,0.764519535941
0.657878182883,0.762407602642
0.657696258493,0.761351637314
0.658019870614,0.76557550171
0.657990353475,0.752903907327
0.658614512419,0.766631467604
0.65834079719,0.763463569166
0.657952193914,0.75501584006
0.658018753987,0.751847941432
0.658004986573,0.770855332315
0.657879204471,0.756071806143
0.657693342271,0.763463568662
0.657860625571,0.768743400022
0.658094385609,0.774023231068
0.657764334739,0.762407602768
0.657836132342,0.76557550171
0.658381651863,0.763463568851
0.658323216967,0.76663146773
0.65812241622,0.753959872969
0.657986980935,0.775079197592
0.657560934801,0.753959873536
0.657851316483,0.760295670224
0.658095606749,0.764519535815
0.65813481707,0.772967264859
0.658387921176,0.756071805954
0.657961137129,0.770855332755
0.657557444185,0.756071805388
0.658064699853,0.77719112938
0.657903712617,0.769799366672
0.65776430094,0.768743400778
0.658057862942,0.760295670476
0.657936794642,0.768743400463
0.657703231859,0.759239704141
0.658304063609,0.762407603083
0.657930829426,0.759239704015
0.657676655363,0.77719113001
0.657656491621,0.757127771848
0.658015112879,0.763463568662
0.657880826069,0.775079196962
0.657901637594,0.764519535941
0.657569548931,0.752903907201
0.657708534218,0.775079197151
0.658114899741,0.764519535186
0.657897317359,0.76557550108
0.65788014669,0.765575501269
0.657799928845,0.757127771408
0.657697585153,0.781414994846
0.65804091118,0.756071805513
0.658282364686,0.776135164241
0.657970220763,0.766631467478
0.657457957927,0.757127772289
0.657678676696,0.766631468359
0.657416238515,0.764519535186
0.657580491985,0.765575501269
0.657916629642,0.762407603083
0.657757567,0.767687434443
0.657828446049,0.765575501269
0.657911679246,0.752903906886
0.657511449162,0.76557550215
0.657719230073,0.742344245551
0.657655151429,0.779303062428
0.657600535636,0.767687434128
0.657631717992,0.770855332315
0.65771453874,0.758183737806
0.657830846977,0.762407602453
0.657901142253,0.758183738246
0.65763903901,0.739176346357
0.657575867999,0.762407603523
0.657784826212,0.760295671105
0.657734468595,0.764519535501
0.657800471015,0.750791975223
0.65771351067,0.770855332441
0.657355301672,0.759239704015
0.657638172036,0.770855333196
0.657468896104,0.775079197277
0.657470565348,0.768743400778
0.657905648792,0.768743400431
0.657730889484,0.758183737806
0.657469662341,0.74868004249
0.657484207385,0.763463568662
0.657458269042,0.780359029078
0.657878013133,0.758183737806
0.657837281509,0.761351636874
0.657524920504,0.765575501395
0.657318652054,0.759239703826
0.657614473588,0.768743400022
0.657769550366,0.761351636559
0.657563885326,0.763463568977
0.657409153178,0.781414995287
0.657370936657,0.772967265173
0.65734450763,0.77191129909
0.657591822407,0.765575502025
0.657846083988,0.751847941118
0.657973502606,0.757127771597
0.657434238678,0.751847941118
0.657300401326,0.757127772037
0.657504077383,0.763463569732
0.657520015741,0.774023231194
0.657435048596,0.761351637314
0.65726524881,0.758183738372
0.657454326796,0.751847940551
0.657493388766,0.768743400463
0.657512443622,0.761351636874
0.657318278502,0.77191129865
0.657493477827,0.774023231823
0.657516112927,0.765575502025
0.657555170648,0.750791974877
0.657662274593,0.762407603523
0.657486305129,0.762407603523
0.657441980484,0.762407602768
0.657499487448,0.771911299405
0.657536949124,0.763463569292
0.657713701632,0.763463569103
0.657576085899,0.761351637314
0.657323028495,0.764519535941
0.657049443175,0.764519535501
0.657096682091,0.758183738246
0.657472563394,0.763463569732
0.657617686291,0.765575501269
0.657298838545,0.766631467919
0.657364894967,0.762407603083
0.657419863573,0.751847940677
0.657372468754,0.767687433813
0.657553645348,0.747624076596
0.657311226209,0.77719113001
0.657140748428,0.764519534871
0.657273084775,0.755015839619
0.657551522051,0.759239704455
0.657459282258,0.764519535501
0.657227638216,0.756071805199
0.657328363457,0.76663146729
0.657376806361,0.774023231697
0.657340012105,0.772967265299
0.657497945784,0.761351636874
0.657352511898,0.776135163486
0.657365092632,0.758183738246
0.657484385695,0.758183737617
0.657488965812,0.768743400337
0.657062642237,0.763463569418
0.657191252035,0.769799366861
0.657217541239,0.751847941432
0.657571166659,0.752903906886
0.657432351785,0.772967265614
0.657299153216,0.755015839304
0.657198238902,0.746568110072
0.657281490163,0.776135163486
0.65719298079,0.762407603523
0.657064700517,0.76029567035
0.657473081331,0.759239703826
0.657585831857,0.768743400463
0.657120562468,0.748680042805
0.657049179707,0.774023231382
0.657188074264,0.749736007944
0.657427055279,0.77191129865
0.657317320988,0.756071805828
0.657072056939,0.760295670664
0.657217716875,0.752903907641
0.657128915616,0.762407603523
0.65711948071,0.775079197717
0.657008772981,0.764519535186
0.657059537414,0.764519535501
0.657213765502,0.772967264733
0.65758871151,0.76029567079
0.657466125274,0.76451953506
0.657498057503,0.747624076596
0.657184020645,0.758183738687
0.657242116228,0.758183738687
0.657069616484,0.768743400337
0.656981225502,0.758183738057
0.657129016698,0.764519535312
0.657214553895,0.759239704581
0.657175969989,0.766631467604
0.657110742808,0.769799366106
0.657248286851,0.75290390676
0.657038041631,0.776135163801
0.657049646347,0.760295671105
0.657326588535,0.761351637188
0.657321741299,0.758183738498
0.657125568377,0.769799366231
0.65699143766,0.756071806143
0.657160045542,0.753959873095
0.657357660493,0.753959873095
0.657251428022,0.770855332126
0.657110159853,0.775079198032
0.65706471235,0.766631468045
0.656921923161,0.756071805388
0.656811951458,0.757127772163
0.657146211725,0.774023231508
0.6572140527,0.758183738372
0.657218513355,0.762407602768
0.656988640018,0.757127772163
0.657207788327,0.76557550171
0.656945664062,0.774023231068
0.657011811056,0.749736008385
0.656974236559,0.769799366106
0.657049136341,0.767687433939
0.656938208761,0.764519534871
0.657227959087,0.774023230753
0.657488429496,0.753959873725
0.657276330364,0.765575502025
0.656822901593,0.761351636559
0.656702086062,0.774023231068
0.656800903136,0.747624075526
0.657186709714,0.760295670664
0.657322840618,0.762407602768
0.657068126997,0.769799366106
0.657192117939,0.760295670979
0.657188373294,0.77085533307
0.657101587987,0.766631467919
0.656998780801,0.758183737617
0.656911206976,0.761351637314
0.657064360701,0.775079197277
0.657044988122,0.75501584006
0.657162022377,0.764519535186
0.656868074298,0.767687434254
0.656960634269,0.77191129909
0.65694077988,0.75501584006
0.656975968209,0.767687433687
0.657031237324,0.756071806269
0.657116005577,0.768743400463
0.657101979288,0.748680042176
0.65695890907,0.771911298964
0.656888675853,0.779303062743
0.656827003362,0.755015839304
0.656959856733,0.765575501584
0.656918759583,0.759239704707
0.657010879348,0.769799366546
0.657042174052,0.765575501836
0.657178633694,0.768743400463
0.657017153382,0.774023231068
0.656899859183,0.774023231823
0.656691861568,0.772967264733
0.656738488765,0.753959873095
0.65706855644,0.772967265299
0.657416996004,0.76663146773
0.656961418098,0.768743400337
0.65677933022,0.75501583899
0.656938175151,0.772967265048
0.657051221055,0.764519535627
0.656979954671,0.77613516336
0.657084479755,0.75607180608
0.656971547709,0.781414995161
0.656896752881,0.777191130261
0.657139083967,0.770855333007
0.657131725783,0.769799366546
0.656832463009,0.75395987341
0.65688974131,0.753959873536
0.656982702401,0.775079197592
0.656933891798,0.753959873536
0.656930917923,0.766631468045
0.657181254095,0.758183738372
0.657069848829,0.770855333196
0.6568779535,0.774023231068
0.656956205713,0.759239704015
0.656832756374,0.757127771597
0.656822163427,0.761351636559
0.656938894246,0.763463568977
0.657019429184,0.747624076155
0.657239134737,0.775079197403
0.656980693466,0.769799366231
0.656872067746,0.762407603208
0.657245771245,0.76029567035
0.657035749402,0.759239704141
0.656736997705,0.761351636811
0.656733702896,0.768743400652
0.656683940948,0.759239704896
0.656917484219,0.763463568662
0.657053678126,0.769799366798
0.656990546548,0.778247096534
0.656813136502,0.753959873851
0.656746218361,0.766631468359
0.656882878782,0.767687433687
0.656827260977,0.771911298964
0.656931646208,0.747624075841
0.657033364398,0.781414995287
0.656967555835,0.756071805388
0.656843687123,0.769799366672
0.656847070804,0.763463569418
0.65669699191,0.767687434065
0.656750963696,0.756071805388
0.656856976253,0.775079198032
0.656971753777,0.759239704455
0.656836981947,0.750791974909
0.656857457433,0.770855332755
0.656997645292,0.745512143423
0.656905384949,0.77085533307
0.65691288541,0.764519535501
0.656864214472,0.756071805828
0.656959602926,0.763463569292
0.65679623698,0.770855332755
0.656820460949,0.756071805388
0.656662062267,0.758183737932
0.656655268281,0.749736008385
0.656693058035,0.77613516336
0.656914403503,0.765575501584
0.656998358407,0.767687433939
0.656834219237,0.76557550215
0.656749827998,0.770855332755
0.656872735167,0.751847941432
0.656811927163,0.776135164115
0.656794192106,0.760295670979
0.656724681887,0.768743400022
0.656894735009,0.757127772037
0.656869895481,0.767687433687
0.656689097285,0.770855332755
0.656977079612,0.77191129865
0.656800724951,0.766631468359
0.656668204378,0.752903907327
0.656621642198,0.753959873095
0.656882981187,0.757127771408
0.656928597181,0.775079196962
0.656934574388,0.76979936642
0.656715485148,0.766631467604
0.656708527832,0.775079197592
0.656833355757,0.770855333196
0.656959950106,0.76557550171
0.656703096194,0.757127772352
0.656667937384,0.761351636559
0.656763038011,0.760295670035
0.656758359141,0.768743400463
0.656753071888,0.758183738246
0.656734789375,0.756071805923
0.656723697812,0.767687434128
0.656689155945,0.769799366357
0.656947429102,0.74340021069
0.657033050576,0.772967264859
0.65669015393,0.757127772037
0.656519940373,0.757127771722
0.656554431069,0.752903906571
0.656796952833,0.765575502025
0.656749884392,0.764519535627
0.656722671757,0.775079197592
0.656665109594,0.767687433687
0.656732090707,0.75290390676
0.656792929205,0.750791974468
0.656761177364,0.778247096659
0.656764874992,0.769799366546
0.656736794407,0.759239704896
0.656758646716,0.757127771848
0.656660712162,0.762407602642
0.656651686653,0.762407603083
0.65666066568,0.749736007944
0.656779160406,0.760295670224
0.65675417706,0.766631468045
0.656851129899,0.758183737932
0.656734758785,0.764519535753
0.65673185597,0.779303061798
0.656637127825,0.761351636244
0.656610885983,0.77191129865
0.656968857507,0.763463569292
0.656881575096,0.744456177528
0.656705262071,0.758183738246
0.65656789832,0.758183737806
0.656643647327,0.778247095778
0.656705366143,0.751847940362
0.656871208042,0.765575501836
0.65664101975,0.78141499472
0.65655221355,0.763463569292
0.656562599486,0.751847940992
0.656571025267,0.763463569732
0.656701165243,0.755015839178
0.656828303838,0.772967265173
0.656670996669,0.767687433687
0.656615997569,0.767687433687
0.65678381259,0.769799366987
0.656726690255,0.761351636874
0.656726729971,0.764519535375
0.656724482743,0.760295670759
0.656593394758,0.755015839178
0.656621067017,0.757127771722
0.656620488656,0.761351636433
0.656714390739,0.763463568851
0.656738257207,0.758183738498
0.656780287293,0.763463569418
0.656670837934,0.771911298964
0.656631374309,0.748680042616
0.656646318395,0.769799366987
0.656656927204,0.764519534871
0.656762968084,0.76451953506
0.656726081558,0.778247096219
0.656728278621,0.759239704267
0.656575889182,0.772967265173
0.656593802392,0.762407603523
0.65661872113,0.759239704015
0.65676077958,0.760295671105
0.656627819493,0.761351637314
0.656591310609,0.77085533307
0.656663257286,0.757127772478
0.656696866407,0.772967264733
0.656742880123,0.766631467604
0.65661342387,0.755015839871
0.656625557223,0.764519535627
0.656718024986,0.752903907327
0.656630242953,0.771911299216
0.656639864761,0.755015839178
0.656622144212,0.765575501521
0.656550429061,0.755015839304
0.656625671774,0.759239704581
0.656656410966,0.75290390676
0.656827316994,0.753959873662
0.656706003982,0.755015839304
0.656542156415,0.770855332441
0.656484393849,0.760295671105
0.656527083993,0.770855332126
0.656621220812,0.770855333196
0.656699879935,0.771911298964
0.656858374665,0.761351636653
0.656809981672,0.766631467604
0.656607402227,0.780359028637
0.65664528164,0.767687433813
0.656597680816,0.759239704581
0.65650428188,0.768743400652
0.656566621132,0.768743400337
0.656684561478,0.760295670916
0.656633319422,0.758183738372
0.656552616936,0.766631468045
0.656771109499,0.774023231477
0.656655892273,0.767687433813
0.656614675693,0.761351637188
0.656537085803,0.771911299405
0.656639062112,0.744456177969
0.656660612936,0.757127771722
0.656797072263,0.759239704141
0.656629547839,0.771911298964
0.656455064965,0.751847940551
0.656555712601,0.764519535627
0.656509702095,0.752903907201
0.656715125569,0.766631467478
0.65887469047,0.76451953506
0.65700806745,0.746568109946
0.656259664512,0.760295671105
0.656155041823,0.768743400652
0.656236369041,0.766631467793
0.656424673331,0.751847940803
0.656684731984,0.772967265614
0.656614765446,0.758183737932
0.656590502265,0.759239704581
0.656642016444,0.767687434128
0.656650971082,0.757127771722
0.656487417825,0.776135163171
0.65656846126,0.757127771848
0.656540660382,0.765575501521
0.656614423365,0.770855332126
0.656660331152,0.764519534871
0.656583309362,0.764519535753
0.656506647908,0.77613516336
0.656705685629,0.757127772037
0.656898309556,0.769799366106
0.656664110508,0.772967264733
0.656376509379,0.758183737806
0.65648090852,0.769799366861
0.656619128796,0.756071806269
0.656584684234,0.761351636433
0.656480513253,0.765575501836
0.656485126603,0.765575501395
0.656611103065,0.771911298335
0.656602896254,0.762407603208
0.656483227373,0.761351637314
0.656493839832,0.759239704896
0.65658000357,0.752903907201
0.65649609285,0.770855332126
0.656538365383,0.767687434128
0.656579142073,0.767687433687
0.656660615328,0.759239704581
0.656592247038,0.772967265173
0.656584866133,0.757127771722
0.656549315015,0.771911299405
0.656618689282,0.766631468013
0.656518414003,0.78352692739
0.656385512419,0.768743400778
0.65649534474,0.761351636968
0.656576193373,0.759239704141
0.656607864147,0.75607180608
0.656581531356,0.769799366231
0.656498635268,0.782470960615
0.656432714734,0.749736008668
0.656543326919,0.777191130324
0.656499230937,0.757127771408
0.656547058787,0.776135164241
0.656604641909,0.769799366106
0.656464710721,0.752903907641
0.656433532079,0.766631467604
0.656519344452,0.763463568851
0.65663099868,0.758183738341
0.656757309419,0.766631467604
0.656663698845,0.764519535501
0.656534625774,0.757127771597
0.656517494568,0.759239704455
0.656434865851,0.76451953506
0.656391042339,0.751847941432
0.656544454435,0.769799366987
0.65658581389,0.780359028008
0.656517072867,0.766631467478
0.656420802806,0.751847941432
0.656434407629,0.768743400652
0.656409952243,0.766631468359
0.656484078046,0.759239704141
0.656584399083,0.770855333196
0.656583269584,0.765575501395
0.65646507628,0.77719113001
0.65646616943,0.756071805513
0.656568718057,0.763463569732
0.656483280715,0.758183738246
0.656385353903,0.768743399708
0.656444737501,0.775079197277
0.656514457564,0.767687433813
0.656505015357,0.775079198032
0.656529392902,0.750791974909
0.656485769854,0.761351636874
0.65657274115,0.762407602768
0.656699087514,0.759239704581
0.656476241105,0.768743400463
0.65634404587,0.768743400337
0.656403552013,0.759239703826
0.656395690746,0.763463569732
0.656542074215,0.761351636244
0.656613263371,0.759239704707
0.656526222274,0.760295671105
0.656615477681,0.739176345853
0.656521717498,0.763463569732
0.656408955895,0.763463569103
0.656419482629,0.775079197277
0.656394569052,0.759239704015
0.656414089416,0.764519535941
0.656385481074,0.768743400211
0.656518947424,0.76663146729
0.656412457589,0.763463569418
0.656396685206,0.765575501836
0.656470575265,0.753959872781
0.656467453165,0.753959873851
0.656413675613,0.753959872781
0.656470011381,0.748680042459
0.657459027664,0.783526927264
0.656698372604,0.75923970477
0.656208998676,0.749736007944
0.656168251569,0.758183738687
0.656248706069,0.767687434254
0.65639280247,0.764519534871
0.656452721943,0.766631468359
0.656480777289,0.762407603523
0.656443667764,0.768743399896
0.656396068955,0.774023231382
0.65645302947,0.757127771408
0.656543520272,0.769799366987
0.656605651915,0.769799366987
0.656491058177,0.776135163486
0.656410156957,0.761351637314
0.657002721694,0.777191130324
0.656815719233,0.765575501584
0.656347017102,0.764519535941
0.656175282651,0.763463569418
0.656159014863,0.753959873095
0.656287768449,0.765575501521
0.656493901955,0.758183738372
0.656532266072,0.76029567035
0.656461827669,0.770855333196
0.65646103657,0.770855332755
0.656511440889,0.769799366106
0.656650857915,0.76029567079
0.656437725364,0.759239704267
0.656407833918,0.761351636999
0.656374213059,0.780359028637
0.656424888084,0.768743400778
0.656461205943,0.752903907075
0.656487425504,0.774023231508
0.6564709339,0.763463568662
0.656473846911,0.766631467478
0.656333364995,0.770855332881
0.656329858769,0.758183737806
0.65638032093,0.751847941118
0.6563818777,0.76557550215
0.656436097093,0.76768743438
0.656540496611,0.749736008888
0.656451178579,0.778247095904
0.656428928675,0.757127771408
0.656475039508,0.783526926824
0.656484480644,0.752903907201
0.656438136365,0.775079197466
0.656437843062,0.765575501836
0.656375233953,0.771911298964
0.656450533061,0.746568110387
0.656550548522,0.778247096534
0.656487097332,0.753959873536
0.656414705697,0.759239704896
0.656380153256,0.769799366987
0.65639353837,0.775079197151
0.656425511824,0.766631467919
0.656439298624,0.777191129884
0.656439941813,0.753959872781
0.656447859286,0.759239703826
0.656597399315,0.768743400778
0.656537550304,0.771911298524
0.656413041173,0.757127772478
0.656366560817,0.767687433687
0.656311678156,0.758183738246
0.656369617396,0.764519534871
0.656437699967,0.757127772037
0.656365718673,0.769799366987
0.656301669234,0.770855333196
0.656416545857,0.753959873536
0.656568665691,0.76557550215
0.65640403697,0.755015839178
0.656339525547,0.782470960615
0.656386365105,0.756071805199
0.656454957967,0.779303062113
0.65651196468,0.759239704581
0.656647984934,0.757127772163
0.656553072625,0.769799366546
0.656425304687,0.764519535627
0.656325187955,0.761351637188
0.656293834653,0.762407603208
0.656377204054,0.749736009014
0.656383413951,0.761351636559
0.656427032593,0.775079196962
0.656490345062,0.770855332315
0.656504656722,0.750791974342
0.656483541635,0.762407602768
0.656426003453,0.757127772478
0.656308858737,0.751847940677
0.656297363317,0.772967265614
0.656393538055,0.755015839178
0.656801734517,0.763463569732
0.656406308744,0.774023231068
0.656219264081,0.76663146773
0.656149458608,0.75501584006
0.656212631759,0.753959872969
0.656377259662,0.759239704141
0.656357285434,0.766631467478
0.656377230992,0.740232312818
0.656443065487,0.775079196962
0.656399259849,0.745512144052
0.656290186056,0.765575501836
0.656471512512,0.766631467604
0.65652688894,0.763463568851
0.65649344721,0.75923970477
0.656410599019,0.767687433939
0.656326568051,0.762407603083
0.656278414359,0.764519535501
0.656270073044,0.770855332441
0.656538226788,0.77191129865
0.656462734138,0.761351636874
0.656472006783,0.761351636244
0.656412567483,0.76451953506
0.656235320704,0.749736008574
0.656247714505,0.768743399708
0.656334759205,0.763463569606
0.656321851794,0.770855332441
0.656324225375,0.765575501269
0.656679327221,0.761351636244
0.656498453307,0.771911299405
0.656248180579,0.763463569292
0.65619195137,0.769799366861
0.656279638551,0.756071805639
0.656429241111,0.770855333196
0.656417688384,0.756071805513
0.656324539731,0.765575501395
0.656332648921,0.765575501836
0.656402310638,0.757127772478
0.65646051385,0.777191129695
0.656408260025,0.753959872781
0.656302914196,0.76663146773
0.656602895751,0.763463569732
0.656431478583,0.762407603523
0.656337567657,0.765575502025
0.656288911385,0.762407603083
0.656282874762,0.764519535627
0.656392245037,0.790918691042
0.656458368145,0.755015839619
0.656411011342,0.763463569292
0.656397572855,0.759239704896
0.656387699758,0.746568109632
0.656357600797,0.762407603523
0.656446617911,0.750791974783
0.656329295577,0.760295670224
0.656393717687,0.752903907201
0.656399318006,0.760295670759
0.656298627886,0.764519535815
0.656277604629,0.755015839304
0.656300807075,0.767687434128
0.656332483387,0.761351636999
0.656390557697,0.775079197592
0.656579165738,0.76663146729
0.656382936736,0.763463568662
0.656269622013,0.780359028008
0.656305610756,0.767687433499
0.656378372607,0.760295671105
0.65643873153,0.752903907641
0.656365960931,0.764519535186
0.656299008928,0.756071805513
0.656384355919,0.766631467919
0.656416361536,0.760295670224
0.65634689292,0.76557550215
0.656377163646,0.751847940362
0.656329288528,0.772967265173
0.656482689673,0.761351636874
0.656332829245,0.768743400463
0.656257802355,0.750791974909
0.656230381323,0.774023231194
0.656334594663,0.760295670476
0.656440772093,0.774023230942
0.656331705443,0.758183738687
0.65625343504,0.769799366672
0.656299192305,0.746568109946
0.656330299226,0.780359029078
0.65631148537,0.762407603523
0.656337290908,0.783526926824
0.656331023923,0.762407602768
0.656284086052,0.764519535627
0.656304084386,0.772967265299
0.656289757431,0.751847940803
0.656313494745,0.764519535627
0.656347472539,0.761351636999
0.65640286143,0.762407603523
0.656367594866,0.746568109506
0.656314109988,0.770855333196
0.656262199944,0.76557550171
0.656251798273,0.762407602453
0.656298101263,0.764519534871
0.656368169009,0.753959872969
0.656351276033,0.757127771848
0.656432180244,0.784582893473
0.656407857961,0.756071805513
0.656313871695,0.760295670476
0.656324628351,0.758183738372
0.656350878438,0.758183737617
0.656250550037,0.747624076281
0.656275279922,0.775079197717
0.656325860852,0.744456177214
0.6564570328,0.76663146773
0.656380363289,0.767687434128
0.656298137894,0.764519535941
0.656285132123,0.768743400022
0.656246955883,0.764519535186
0.656312858668,0.763463568851
0.656407460177,0.763463569166
0.656289057092,0.756071805954
0.656390610001,0.766631467919
0.656375231058,0.77191129865
0.656376110368,0.756071806269
0.656343075642,0.753959873725
0.656300648654,0.761351637314
0.656283042247,0.769799366106
0.656313921985,0.753959873221
0.65631331549,0.780359029078
0.656335725735,0.76451953506
0.656348056753,0.763463569103
0.656378404895,0.764519535312
0.656336565204,0.747624076155
0.656292753335,0.755015839493
0.656296170312,0.768743400337
0.656345314688,0.760295670664
0.656281367715,0.753959872781
0.656298732997,0.751847941118
0.656258905135,0.774023230753
0.656338657535,0.756071805513
0.656305351945,0.767687434222
0.656390326894,0.769799366231
0.656326652769,0.763463569606
0.656263318963,0.765575501584
0.656299458417,0.768743400022
0.656302639084,0.759239704267
0.656341996905,0.772967265488
0.656283998565,0.770855332881
0.656281989442,0.762407603523
0.656285767507,0.776135163801
0.65629338979,0.753959873851
0.656358068949,0.749736008259
0.656337051608,0.772967264733
0.656278842669,0.751847941432
0.656238292313,0.768743400211
0.656230448669,0.775079197592
0.656380629716,0.771911298838
0.656332617513,0.762407603083
0.656243533809,0.756071805513
0.656287799164,0.764519535815
0.656274603123,0.763463569292
0.6562192525,0.767687434128
0.656236670652,0.758183738183
0.656253983755,0.760295670916
0.656295781025,0.78247096074
0.656266101594,0.734952481646
0.656239828061,0.770855332755
0.656306190155,0.751847940992
0.656318615709,0.753959872969
0.656331376201,0.756071805199
0.656360753077,0.761351637314
0.656327313204,0.760295670224
0.656204232256,0.761351636874
0.656201540826,0.770855332629
0.656229796102,0.752903906886
0.656246994592,0.769799366987
0.656231572629,0.770855332315
0.656278284198,0.758183738372
0.656273910904,0.763463569732
0.656274180352,0.768743400463
0.656333142154,0.757127772037
0.656282337125,0.761351637314
0.656284797406,0.771911298524
0.65627222649,0.755015839304
0.656296344846,0.748680042679
0.656271481652,0.766631468359
0.656262565503,0.766631467604
0.656286453622,0.76557550108
0.656259137008,0.767687433687
0.656249007491,0.767687434254
0.656263381148,0.772967264544
0.65649095634,0.763463568977
0.656319849531,0.769799366987
0.656236148686,0.748680041735
0.65619795948,0.767687434128
0.656239849146,0.757127771597
0.656278304528,0.769799366861
0.656327614311,0.757127772037
0.65638510019,0.761351636874
0.656369303763,0.766631468359
0.65628324951,0.772967264733
0.656282066795,0.746568110387
0.656340972895,0.770855332629
0.656229389003,0.759239703826
0.656194382132,0.764519535186
0.656211233756,0.760295670539
0.656291440239,0.767687433687
0.656409853426,0.764519535627
0.65630753598,0.771911298964
0.65629009196,0.771911298964
0.656332057847,0.768743400778
0.656245028834,0.772967265299
0.656192631316,0.749736008574
0.656211048585,0.76557550108
0.656240638294,0.76557550171
0.65624234096,0.767687433499
0.656210672264,0.763463568662
0.656264999663,0.776135163927
0.65635636987,0.763463569292
0.656278250525,0.783526927579
0.656203024302,0.763463569418
0.656225738958,0.763463569292
0.656222627684,0.758183738246
0.656237100346,0.774023231823
0.656270411727,0.753959873851
0.656203160757,0.779303062868
0.656215395759,0.739176346168
0.656270102878,0.770855333007
0.656271073043,0.767687434569
0.656382871027,0.759239704141
0.656285588945,0.755015839745
0.656225124533,0.774023231508
0.65624135204,0.760295670759
0.656221835012,0.765575501269
0.656231883115,0.750791974783
0.656230845635,0.774023231194
0.656212789456,0.756071805828
0.656267640898,0.76557550108
0.656303832435,0.764519535501
0.656269001797,0.764519535438
0.656317233221,0.76768743438
0.656284302693,0.766631467919
0.656335656029,0.759239704581
0.656314109736,0.762407602957
0.65616302669,0.751847940992
0.656289625885,0.766631467919
0.656251353567,0.775079198032
0.656166702792,0.747624075715
0.65622372801,0.782470960866
0.656256280769,0.756071805639
0.656210174908,0.769799366798
0.656197645533,0.767687433813
0.656243234558,0.759239704455
0.656292506105,0.762407602642
0.656335107062,0.749736009014
0.656238988435,0.76557550215
0.656203456074,0.762407603523
0.656180103263,0.769799366546
0.656181560336,0.750791974342
0.65639397631,0.764519535501
0.656299065952,0.752903907641
0.65616287173,0.766631467478
0.656143850799,0.76557550108
0.656177812481,0.757127771911
0.656201052061,0.759239704581
0.656225596272,0.766631467856
0.656298243509,0.776135163927
0.656292647658,0.763463569732
0.656280082408,0.751847940992
0.656225388852,0.766631468359
0.656242046273,0.752903907641
0.65630381091,0.780359028008
0.656289030217,0.742344245236
0.656300220092,0.785638859997
0.656309255325,0.755015839745
0.656208519321,0.768743399896
0.65617104427,0.763463569732
0.656177370576,0.781414994531
0.656217540267,0.762407602453
0.65626850784,0.751847940929
0.656268164626,0.767687433813
0.656199968919,0.782470961181
0.656221020247,0.759239704455
0.656164844726,0.756071805954
0.656196449223,0.765575502025
0.656246563103,0.75923970477
0.656245116447,0.770855332126
0.656234300753,0.755015839304
0.65621167415,0.761351636685
0.656609678029,0.767687433813
0.656376624498,0.767687434128
0.656085972612,0.764519535941
0.656065226986,0.755015839178
0.656097110813,0.770855332126
0.656185518285,0.765575501521
0.656271396588,0.769799366861
0.656254795562,0.75501584006
0.656252873737,0.762407602642
0.656236015064,0.762407603523
0.656199791112,0.750791975223
0.656185747766,0.753959873221
0.656232122383,0.756071806269
0.656279581087,0.759239704896
0.656189842675,0.766631467604
0.656194661336,0.76979936642
0.656249471678,0.753959873662
0.656383984129,0.757127772289
0.656227056618,0.768743400022
0.656192942242,0.760295670664
0.656206469538,0.776135164115
0.656244552438,0.761351636999
0.65619226324,0.764519535753
0.656202330005,0.763463569418
0.656268741066,0.765575501269
0.656220784849,0.752903907641
0.656229456035,0.767687433499
0.656220247778,0.760295671105
0.656250440458,0.758183737617
0.656282768015,0.757127772478
0.656192629806,0.749736009014
0.656173421092,0.766631467478
0.656167186679,0.751847940551
0.656205307027,0.759239703826
0.65620818259,0.757127772289
0.656293518062,0.774023231508
0.656168749711,0.775079197466
0.656153552132,0.762407602894
0.656159459915,0.749736008259
0.656224641024,0.765575501836
0.656201997616,0.763463569229
0.656226694143,0.787750792541
0.656210171572,0.761351636244
0.656258695481,0.761351636999
0.65631541122,0.759239704141
0.656181948678,0.763463568662
0.656106403599,0.772967265173
0.656138373277,0.764519535501
0.656268733041,0.753959873662
0.656213658727,0.782470960615
0.656150607335,0.751847941244
0.656202827172,0.760295670224
0.65618555177,0.764519535627
0.656213589776,0.766631468359
0.65621332338,0.761351637125
0.656189740208,0.765575501269
0.65615681547,0.758183738687
0.656147730892,0.763463569292
0.65628136803,0.788806757869
0.656260207941,0.753959873536
0.656180742676,0.750791974468
0.656155045899,0.74868004249
0.6561819196,0.747624076281
0.656203282295,0.768743400652
0.656294376256,0.763463568851
0.656196440286,0.755015839178
0.656188745622,0.780359028196
0.656168548144,0.758183737617
0.656135325006,0.769799366231
0.656117135393,0.761351636874
0.656224774899,0.764519535501
0.656238568245,0.751847940551
0.656200065155,0.775079197717
0.656706120547,0.78247096074
0.656213322184,0.738120380714
0.656069114379,0.766631468359
0.656103490524,0.74868004249
0.656110280293,0.776135164115
0.656160536386,0.746568110387
0.656230321404,0.770855332881
0.656240818996,0.746568110261
0.656250454493,0.770855332755
0.656206491505,0.756071806143
0.656207622419,0.767687434128
0.656211403506,0.746568110072
0.656168885663,0.775079197906
0.656199872934,0.755015839745
0.656223665636,0.770855332881
0.656194368851,0.763463569292
0.656223264768,0.763463569606
0.656176616171,0.761351636559
0.656100919279,0.759239704267
0.656110008704,0.757127772163
0.656142260671,0.77191129909
0.656193421723,0.753959872969
0.656241882943,0.770855332126
0.656237677574,0.761351636433
0.65621401047,0.779303062743
0.656160857823,0.760295671105
0.656147378677,0.764519535186
0.656191106457,0.762407603523
0.656186746317,0.764519535186
0.656235615832,0.750791974909
0.656153381752,0.790918690287
0.656233067497,0.758183737617
0.656269436968,0.767687434254
0.656250553436,0.769799366987
0.656213719087,0.761351636433
0.656185229389,0.761351637314
0.656191204518,0.758183738341
0.656237421909,0.774023231068
0.65622133753,0.767687434128
0.656157195946,0.756071805513
0.656169669933,0.771911298964
0.656162173343,0.758183738246
0.656211484951,0.772967265614
0.656301674143,0.764519535501
0.656225004758,0.747624076596
0.656201265241,0.761351636748
0.656215765031,0.762407602894
0.656201795483,0.761351637314
0.656176307385,0.779303062113
0.656192866777,0.761351636874
0.656206569582,0.771911298524
0.656182829719,0.755015839745
0.656161344102,0.76557550171
0.656190736996,0.769799366546
0.65614895521,0.762407603083
0.65615362659,0.770855332881
0.656177492366,0.764519535501
0.656141967085,0.752903907327
0.656230903037,0.769799365917
0.6562399389,0.76557550215
0.656148005816,0.75290390676
0.656160238111,0.763463568851
0.656197065977,0.771911298901
0.656201966587,0.751847940992
0.656184596585,0.771911299405
0.656148818315,0.764519535501
0.656074966397,0.761351636559
0.65616070664,0.763463569386
0.656170055506,0.764519535753
0.656162687504,0.762407603083
0.656197728552,0.74868004249
0.656242136152,0.787750792101
0.656195645882,0.75290390676
0.656132169296,0.760295671105
0.656158502999,0.768743399896
0.656161030784,0.764519535186
0.656167110961,0.759239704581
0.656242786202,0.763463568977
0.656203448458,0.763463568977
0.656126442215,0.774023231068
0.656121654395,0.77613516336
0.656189742127,0.758183738561
0.656174636,0.760295670916
0.656192232525,0.785638859682
0.65615916164,0.747624075526
0.656117215391,0.763463569166
0.656137756775,0.762407603523
0.65623821282,0.768743400022
0.656196845497,0.769799366546
0.656174548702,0.761351637314
0.656170829548,0.756071805954
0.656123459245,0.761351637188
0.656119058603,0.766631467478
0.656128751942,0.77824709603
0.656123352403,0.750791974153
0.656138739087,0.765575501836
0.656200094737,0.75501583899
0.656167750311,0.767687433813
0.656111887604,0.749736007944
0.656162830976,0.760295670979
0.656175745547,0.774023231823
0.656099544156,0.763463569732
0.656132842445,0.767687434443
0.656175971724,0.762407603083
0.656155067613,0.761351636559
0.656179903112,0.765575501395
0.656196234596,0.768743400022
0.656157296084,0.767687434128
0.656113585487,0.760295670664
0.656199646286,0.752903907641
0.656196590714,0.771911298964
0.656175977073,0.761351636559
0.656194972451,0.758183737617
0.656153532557,0.762407602768
0.656135098106,0.768743400463
0.656180336772,0.779303062868
0.656283712815,0.762407603523
0.656188514001,0.756071805828
0.656135073307,0.761351637125
0.65613529725,0.762407603208
0.656061088114,0.779303062743
0.656079003023,0.761351637314
0.656131211719,0.75501583943
0.656147959366,0.761351636874
0.656153076239,0.766631468359
0.6561074683,0.76557550215
0.656138089542,0.770855333196
0.656159633253,0.776135163486
0.656190205275,0.757127771974
0.656249122924,0.752903907012
0.656206772093,0.764519535815
0.656089003763,0.749736008259
0.656078918368,0.777191129695
0.656177108177,0.760295670664
0.656132423387,0.763463568851
0.656193070389,0.750791974468
0.656123380097,0.768743400778
0.656103855894,0.762407603208
0.656162578302,0.763463569732
0.656202398736,0.753959872781
0.656193746622,0.785638859242
0.65615804602,0.768743399896
0.656112116204,0.762407602642
0.656090302289,0.76451953506
0.656095364907,0.763463569732
0.656106666753,0.76557550171
0.656127150358,0.778247096659
0.656137522448,0.757127772163
0.656166830561,0.777191129695
0.656099765832,0.757127771848
0.656126679375,0.777191129821
0.656122624056,0.758183738246
0.656155918191,0.766631468013
0.65622642715,0.767687434254
0.656177083064,0.76557550108
0.656129706435,0.761351636874
0.65611126934,0.767687434443
0.656119434609,0.753959873725
0.656140586831,0.77824709603
0.65614294433,0.758183738372
0.656148069134,0.784582892844
0.656144942754,0.762407603208
0.65613888706,0.771911299405
0.656115532677,0.759239704455
0.656158695503,0.749736009014
0.656264337844,0.76451953506
0.656099200186,0.775079197277
0.656111785263,0.748680042365
0.656114534252,0.763463569606
0.656104194765,0.750791975223
0.656152769152,0.76029567035
0.656127081124,0.75501584006
0.656117635456,0.761351636874
0.656142644356,0.765575501521
0.656144326504,0.772967264985
0.656155487174,0.750791974909
0.65617082338,0.783526927516
0.65613810792,0.758183738561
0.65608523624,0.775079197151
0.656055001988,0.746568109758
0.656127939884,0.756071806269
0.656164590572,0.763463569418
0.656134900473,0.771911299405
0.656121387338,0.747624076596
0.656094021065,0.777191130136
0.656141523386,0.755015839178
0.656146942877,0.764519535627
0.656195863153,0.763463569292
0.656173481924,0.775079198032
0.656146376664,0.764519535186
0.656151588892,0.777191130324
0.656120669502,0.762407602768
0.656118609586,0.768743400337
0.656160580885,0.759239704455
0.656154183929,0.760295671105
0.65613475401,0.764519535627
0.656115266627,0.76557550171
0.656167642745,0.764519535627
0.656162427433,0.776135163486
0.656117372994,0.749736008699
0.656108726733,0.780359028448
0.656103662792,0.758183737806
0.656145663423,0.775079197151
0.656177791522,0.761351636685
0.656221835767,0.767687433687
0.656198955577,0.749736008259
0.656186470575,0.780359028637
0.656126069104,0.763463569732
0.656096900781,0.768743400022
0.656115499664,0.75923970477
0.656135668347,0.782470960426
0.656163934669,0.766631467541
0.656154574663,0.769799366231
0.656139235373,0.765575501836
0.65614847038,0.76663146773
0.656202824843,0.769799366106
0.656148500276,0.761351636559
0.656128574135,0.765575501584
0.656120897976,0.76451953506
0.656103465537,0.755015839493
0.656151758013,0.772967264859
0.656105691302,0.76029567079
0.656082405334,0.760295670979
0.6562022811,0.762407602957
0.656170230544,0.772967264733
0.656089186857,0.766631467478
0.656097175138,0.762407602453
0.6561268563,0.765575502025
0.656092949692,0.761351637314
0.65613638077,0.761351636999
0.656130609064,0.763463569292
0.656124703232,0.771911298964
0.656123746725,0.767687434128
0.656091456932,0.776135163612
0.656067776139,0.769799366546
0.656300482428,0.758183738246
0.656144990274,0.767687434222
0.656063540621,0.762407603334
0.656067101102,0.770855333196
0.656072872997,0.766631467919
0.656092098673,0.758183737932
0.656184091865,0.757127772037
0.656200531418,0.76451953506
0.656115896913,0.75395987341
0.656073000231,0.762407603208
0.656079869273,0.768743400463
0.656098152982,0.770855333196
0.656096036608,0.745512144178
0.656087001091,0.777191129569
0.656086025042,0.75079197472
0.656093299137,0.783526927579
0.656064696209,0.77191129909
0.656121538081,0.764519535186
0.656127228593,0.749736008448
0.656134983239,0.761351636559
0.656098136397,0.763463569732
0.65610884204,0.770855332881
0.656117025216,0.751847940992
0.656114848702,0.759239704455
0.656128335528,0.751847940551
0.656115409691,0.767687434128
0.656054453777,0.756071806269
0.656056914184,0.776135164115
0.656125340064,0.765575501269
0.656134260242,0.756071805639
0.656189443758,0.760295670664
0.656116931026,0.765575501836
0.656133820854,0.752903907641
0.656098957472,0.783526927138
0.656126882484,0.750791974657
0.656088354155,0.774023231697
0.656101124025,0.764519535627
0.656060131513,0.768743399896
0.656124693822,0.758183738687
0.656132406094,0.75818373812
0.656100656377,0.764519534871
0.656114536518,0.763463569229
0.656106135347,0.761351637314
0.656081906562,0.760295670664
0.656090269371,0.763463568977
0.656128153,0.770855332441
0.656171428427,0.753959873851
0.656105456093,0.76663146773
0.656106293894,0.748680042144
0.656130861519,0.766631468045
0.656162942224,0.760295671105
0.65615911047,0.764519535312
0.656111605945,0.785638859808
0.656080420632,0.74868004249
0.656077608828,0.75501584006
0.656102827069,0.771911298524
0.656138089982,0.762407602768
0.656176506466,0.769799366546
0.656131684402,0.753959873536
0.656118587619,0.76029567079
0.656134186035,0.756071806269
0.656115462057,0.782470961496
0.656040398095,0.759239703826
0.656057076318,0.762407602642
0.656078596994,0.765575501836
0.656154490386,0.761351636433
0.656097941187,0.765575501521
0.656072573526,0.761351636999
0.656143913803,0.750791974594
0.656094914001,0.766631468045
0.656129624486,0.766631467919
0.65611776077,0.776135163486
0.656034285598,0.76451953506
0.656042311297,0.771911298838
0.656097910472,0.741288278586
0.656136964291,0.778247095904
0.656117376267,0.744456177969
0.656115792369,0.76557550215
0.656112745986,0.745512144178
0.656156454884,0.775079196962
0.656117258064,0.756071805513
0.656109611046,0.758183737932
0.656084391799,0.779303062868
0.656087356862,0.766631467919
0.656086068596,0.762407602642
0.656073952174,0.758183737932
0.656080377077,0.759239703826
0.656117780596,0.764519535186
0.656128234571,0.75923970455
0.656111851224,0.768743399896
0.656080740558,0.762407603523
0.65605896661,0.760295670035
0.656088782653,0.774023231068
0.656117952361,0.765575501332
0.656130123982,0.757127772478
0.656106303713,0.769799366106
0.656078254283,0.764519535312
0.656103209306,0.764519535501
0.656113836242,0.762407603334
0.656078007241,0.774023231697
0.656048272832,0.766631467604
0.656076382244,0.775079197403
0.656139380073,0.766631467793
0.656141168464,0.758183737932
0.656094713913,0.763463569732
0.656089552919,0.770855332755
0.656079085727,0.750791974909
0.656047258672,0.774023231382
0.656033103544,0.759239704455
0.656088139968,0.758183738687
0.656068255619,0.762407602768
0.656053091808,0.779303062554
0.65613415488,0.758183737806
0.656141010484,0.763463569292
0.656062519978,0.770855332441
0.656083826341,0.77719113045
0.656088918982,0.749736007944
0.656092793536,0.774023230753
0.656109773559,0.746568109317
0.656127739135,0.77613516336
0.656131714866,0.77191129909
0.656095817764,0.770855332315
0.656056996698,0.749736008825
0.656062213584,0.77191129865
0.656057339284,0.747624075715
0.656114950288,0.771911298775
0.656108446081,0.768743400463
0.656062368418,0.783526926824
0.656055116729,0.762407603334
0.656094219264,0.763463569418
0.656106074861,0.763463568977
0.656105444071,0.755015839934
0.656067741899,0.762407603208
0.656041366057,0.767687434254
0.656061928023,0.771911299216
0.65612545128,0.756071805954
0.656087674523,0.76557550215
0.656078629219,0.745512144178
0.656093017227,0.745512143297
0.65607471388,0.777191130136
0.656037705564,0.774023231634
0.656089750049,0.758183737932
0.656087423768,0.767687433499
0.656112916429,0.758183738246
0.6561252595,0.760295670035
0.656110335051,0.750791974342
0.656085378769,0.775079196962
0.656105741025,0.764519535815
0.656111792375,0.762407602768
0.656057102879,0.775079197277
0.65611982698,0.759239704267
0.656187099791,0.762407602768
0.656114773174,0.767687434128
0.656074072391,0.759239704141
0.656091044609,0.775079197466
0.656070352797,0.759239704015
0.656050034914,0.762407603397
0.656072571008,0.759239704581
0.656094687982,0.756071805828
0.656107908443,0.769799366672
0.656116522731,0.759239704896
0.656145732972,0.776135163486
0.656088968705,0.764519535501
0.656019272749,0.759239704455
0.656049899214,0.771911299405
0.6560751471,0.750791974783
0.656056457047,0.765575501395
0.656053295105,0.759239704581
0.65611259216,0.771911299216
0.656149420592,0.76557550108
0.656086264404,0.749736008511
0.656045147773,0.764519535627
0.656044656775,0.77191129909
0.656083058782,0.762407603083
0.656088517359,0.764519535501
0.656127292793,0.759239704015
0.656061166191,0.767687433813
0.656025755242,0.763463568662
0.65604075994,0.782470960615
0.656070805653,0.759239704896
0.656084805507,0.761351637188
0.656106181167,0.762407603397
0.656064759401,0.769799366672
0.656051351944,0.775079197717
0.656030405789,0.762407602453
0.65606337641,0.760295670664
0.656044058211,0.78247096074
0.656067675812,0.76557550171
0.656085266986,0.75395987319
0.656103391645,0.76557550215
0.656080272407,0.760295671105
0.656085276176,0.757127772037
0.656095610941,0.77719113045
0.656084145135,0.756071805954
0.656084854474,0.771911298838
0.656128278818,0.748680042365
0.656107121561,0.769799366231
0.656046709579,0.751847940362
0.656088939375,0.779303061987
0.656105996563,0.756071805199
0.656054325693,0.759239704455
0.65606861501,0.760295671105
0.656052286421,0.757127771848
0.656054740219,0.769799366106
0.656047769497,0.760295670224
0.656046553046,0.759239704896
0.656082413957,0.764519535627
0.656129315511,0.760295670664
0.656098919094,0.763463569292
0.656066388553,0.757127772352
0.65605395705,0.746568109317
0.65603567095,0.759239704141
0.656068755745,0.759239704896
0.656062720884,0.76029567079
0.656056238958,0.767687433813
0.65606289246,0.762407603208
0.65606240272,0.771911298964
0.65606935349,0.763463569732
0.656159498246,0.759239704896
0.656132603302,0.749736009014
0.656056872391,0.769799366357
0.656033169065,0.779303062428
0.656057148826,0.751847940992
0.656145770107,0.76663146729
0.656132914448,0.762407603208
0.656107817683,0.772967264859
0.656100151972,0.761351636874
0.656094668093,0.767687434569
0.656104768594,0.766631467604
0.656080517497,0.751847941432
0.656087065259,0.76451953506
0.65605526445,0.746568110041
0.656067891383,0.76557550171
0.656039389789,0.778247096345
0.656027593482,0.752903907201
0.65605223289,0.768743400463
0.656314423495,0.749736008385
0.656157340017,0.777191129821
0.656085471669,0.76557550108
0.656040580308,0.75818373812
0.656039425476,0.759239704141
0.656037243077,0.763463569606
0.656076923028,0.766631467478
0.656116159816,0.756071805954
0.656104614453,0.779303061798
0.656161196695,0.752903907327
0.656080800289,0.751847941432
0.656063227996,0.765575501269
0.656050642038,0.761351637125
0.656042435857,0.753959873536
0.656056229832,0.768743400463
0.656077313197,0.747624076155
0.656090183268,0.775079197717
0.656076575282,0.752903907075
0.656071071514,0.774023230942
0.656096999723,0.756071806269
0.65609034748,0.765575501395
0.656082098562,0.745512143863
0.656077191407,0.783526927705
0.656049932447,0.760295671105
0.656077518131,0.761351636433
0.656075402607,0.765575502025
0.656052067388,0.768743400022
0.656054804796,0.763463568662
0.656107616211,0.764519535627
0.656075359618,0.752903907327
0.656064459112,0.752903906571
0.656065415807,0.753959873536
0.656070712942,0.777191130136
0.65609715613,0.774023230942
0.656034128467,0.768743399896
0.656017154109,0.756071806269
0.656076186247,0.768743399708
0.656088661493,0.744456176899
0.656111500898,0.772967264733
0.656040499492,0.745512143548
0.656031191727,0.761351636685
0.656039609262,0.771911299405
0.656114159,0.768743400337
0.65612471859,0.776135163171
0.656102404297,0.759239704455
0.656022574103,0.783526927705
0.656013780436,0.747624075841
0.656036926046,0.762407603083
0.656048898366,0.765575501584
0.656054234492,0.759239704707
0.65613928025,0.768743400463
0.656099826444,0.769799366987
0.65605397694,0.764519534871
0.656027351287,0.768743400337
0.65607177758,0.748680042805
0.656084903505,0.771911298524
0.65604336404,0.769799366357
0.656061447976,0.767687434443
0.656081825463,0.765575501269
0.656108974215,0.759239704581
0.656070544199,0.777191129695
0.656074600367,0.778247096534
0.656056118616,0.756071805828
0.656066760216,0.768743400778
0.656015285343,0.768743400652
0.656011360814,0.775079198032
0.656028645029,0.766631468359
0.656074415102,0.755015839178
0.656075288842,0.772967264733
0.656101148257,0.76029567079
0.656073742299,0.76451953506
0.656081451219,0.749736008385
0.65604764906,0.765575502025
0.656032522666,0.762407602453
0.656016635353,0.77191129909
0.656037506735,0.762407602957
0.656044741115,0.762407602453
0.656044034734,0.770855332881
0.656059132836,0.776135163895
0.656087154068,0.753959873221
0.656069530762,0.766631467478
0.656063994233,0.774023231257
0.656080652127,0.763463568851
0.656099363453,0.76557550215
0.656081049218,0.756071805513
0.65603036387,0.749736008448
0.656056269106,0.779303062428
0.65605608425,0.76029567079
0.656052899021,0.768743400463
0.656015393978,0.767687434128
0.656055672871,0.757127771597
0.656066738691,0.763463568977
0.656131282402,0.760295670035
0.656091327652,0.770855332126
0.656068014306,0.763463569732
0.656040824139,0.767687433687
0.656014375475,0.750791975097
0.656031738302,0.761351636874
0.656040712924,0.753959873095
0.656037741346,0.767687434569
0.656033632716,0.76557550171
0.65604262644,0.763463569732
0.656055484301,0.745512144178
0.656047671624,0.760295670664
0.656072926937,0.760295671105
0.65604770278,0.756071806269
0.656018722775,0.753959872781
0.656036551739,0.768743399708
0.656041786625,0.749736008825
0.656037119462,0.766631467919
0.656053966366,0.764519535815
0.656084205243,0.767687433939
0.656269726053,0.768743400022
0.656143342933,0.767687433813
0.655983553737,0.757127772478
0.655962745265,0.78247096137
0.655996200968,0.762407603083
0.656064223714,0.768743400778
0.656074491448,0.763463569732
0.6560989308,0.77191129865
0.656089748223,0.746568110072
0.65605736446,0.77613516336
0.656039099003,0.766631468359
0.656029518139,0.749736008574
0.656034546392,0.760295670539
0.65605537211,0.764519535501
0.656072592974,0.750791974468
0.656038487474,0.771911299059
0.65599970518,0.763463569606
0.656006905194,0.77085533285
0.656018056864,0.763463568851
0.656067556854,0.772967265425
0.656078921515,0.765575501836
0.656022607021,0.779303061987
0.656014468312,0.753959872781
0.656113728676,0.763463569732
0.656101963273,0.751847940551
0.656059849791,0.780359029078
0.656061189165,0.74656810982
0.65602899545,0.774023230942
0.656096551713,0.756071805828
0.656097469826,0.774023231382
0.656022309061,0.765575501584
0.656000000685,0.768743400652
0.656007822867,0.765575501395
0.656071224145,0.763463568851
0.65611968398,0.761351636433
0.656042212103,0.764519535186
0.65601232393,0.762407603083
0.656055163179,0.777191130136
0.656079147912,0.770855332755
0.65609466526,0.767687433687
0.656126050473,0.752903906886
0.656094524463,0.762407603083
0.656054909655,0.758183737806
0.656017359484,0.770855333196
0.655997993891,0.743400211004
0.656013862636,0.759239704141
0.656017031123,0.757127771848
0.656055622204,0.780359028763
0.656074684613,0.767687433813
0.656102599444,0.775079197151
0.65604995649,0.763463569418
0.656038274672,0.771911299279
0.656019516958,0.756071806269
0.656051194089,0.766631467604
0.656042679751,0.765575502025
0.656071529343,0.762407602642
0.656049892354,0.772967265488
0.656008195034,0.745512143423
0.655982778971,0.770855332126
0.656007441636,0.752903907516
0.656034555518,0.756071805513
0.656022212007,0.775079197151
0.656037891113,0.761351637314
0.6560254671,0.752903907516
0.656034942162,0.756071805199
0.656069331209,0.751847940551
0.656092329854,0.772967265614
0.656044175909,0.770855332315
0.656030264487,0.759239704267
0.65605325218,0.769799366483
0.656083960908,0.763463569103
0.656070590271,0.767687434569
0.656038056394,0.767687434002
0.656049446703,0.753959872969
0.656062456345,0.763463568662
0.656029333346,0.770855332566
0.656020768656,0.765575501521
0.656041082007,0.76029567035
0.656041887204,0.767687434128
0.656017730329,0.764519535312
0.656016946846,0.758183737806
0.656058334687,0.757127772289
0.656069612616,0.757127772352
0.65607081799,0.761351637314
0.656028007347,0.770855333196
0.6560157061,0.764519535627
0.65603154797,0.760295671105
0.656011249787,0.749736007944
0.656014774927,0.759239704015
0.656016083554,0.752903906571
0.656016064892,0.78880675875
0.656038857878,0.756071805513
0.656009088537,0.763463569418
0.65599692321,0.766631467478
0.656015918713,0.75923970477
0.656045229533,0.772967264859
0.656018040941,0.775079198032
0.656072163909,0.756071805513
0.656046552857,0.758183738561
0.656022671158,0.765575501521
0.656024182107,0.778247095904
0.656009085107,0.761351636559
0.656009295265,0.760295671105
0.656025569504,0.780359028889
0.656023364195,0.770855332441
0.656015890201,0.750791974468
0.65601251785,0.751847940551
0.656087384556,0.770855332881
0.656066737432,0.775079197592
0.656042133427,0.772967265614
0.656025039231,0.74445617778
0.656043109949,0.763463569418
0.65606731126,0.75290390676
0.656035089694,0.761351636685
0.655999705369,0.762407602768
0.656012750352,0.771911298524
0.65605578201,0.753959872781
0.656052866355,0.755015839304
0.655989212056,0.752903906886
0.655986575919,0.765575501521
0.655987992269,0.759239704455
0.655992585414,0.76029567035
0.656009094327,0.757127772163
0.656011112829,0.757127772289
0.656033765237,0.762407602453
0.656041968146,0.761351636559
0.656088831621,0.772967265299
0.656056017722,0.761351637314
0.655992616381,0.746568109317
0.655993969539,0.767687433939
0.656010117866,0.76029567079
0.65604291389,0.762407602453
0.656083032221,0.761351636999
0.656072107861,0.770855332315
0.656045589301,0.768743400778
0.656003750113,0.772967265173
0.655981452626,0.757127771722
0.655997416663,0.77191129865
0.656012366792,0.763463569418
0.656005065255,0.749736009014
0.656054002431,0.768743399708
0.65606743091,0.752903907327
0.656020630438,0.769799366987
0.656039340254,0.743400211004
0.656058767844,0.772967264544
0.656101242542,0.758183738687
0.656080449018,0.768743400463
0.656040382549,0.771911298335
0.656022974295,0.75818373812
0.656013432658,0.769799366231
0.65600292553,0.772967265488
0.656022145668,0.760295670224
0.656015716926,0.767687433939
0.656049333945,0.766631467919
0.656046110008,0.760295671105
0.656028090271,0.750791974342
0.656013968754,0.780359029078
0.656008822047,0.768743400337
0.656098268981,0.769799366546
0.656065861237,0.755015839304
0.656032724894,0.761351636874
0.655995100579,0.774023231634
0.656027773303,0.766631468045
0.656021930631,0.758183737806
0.655998869456,0.767687434569
0.655996879152,0.751847940551
0.656001780454,0.764519535501
0.656002934751,0.76029567035
0.65605154536,0.761351636999
0.656057475298,0.762407603083
0.656027257757,0.78141499472
0.656024873508,0.766631467919
0.656028239314,0.770855332755
0.656021321902,0.767687434443
0.655992835917,0.771911298775
0.655994718719,0.753959872781
0.655996499998,0.76557550171
0.656000592263,0.76029567035
0.656026744037,0.768743400148
0.656043074514,0.749736008574
0.656101350768,0.752903907641
0.656066906742,0.779303062868
0.656090009993,0.769799366106
0.656086233878,0.766631467919
0.655999895952,0.747624075526
0.656006639397,0.761351636433
0.656045232303,0.759239704896
0.655987964009,0.78247096115
0.656064775766,0.767687433813
0.656010917902,0.770855332441
0.655979476421,0.756071805513
0.655965082182,0.756071806269
0.655980541153,0.761351636433
0.65599070469,0.783526927705
0.656000156526,0.761351637314
0.656020956596,0.756071805639
0.65603083819,0.761351636685
0.656077966393,0.777191129695
0.656062346011,0.764519535941
0.656079926234,0.77824709603
0.656057525336,0.757127771911
0.656012262878,0.765575501584
0.656015207737,0.748680041735
0.656004898588,0.767687433687
0.655996305386,0.758183737869
0.655995805765,0.775079197151
0.656010068961,0.752903906571
0.655996268881,0.761351637188
0.655983107646,0.746568109726
0.65598866825,0.765575501395
0.655981761349,0.750791974909
0.656012010423,0.76029567079
0.656047732676,0.753959873536
0.65601157626,0.77191129865
0.656005604277,0.759239704267
0.656022832348,0.760295670035
0.656004140785,0.777191129695
0.656012976434,0.772967265425
0.656027079447,0.748680042805
0.656040678999,0.746568109946
0.65610914535,0.757127771722
0.656068848708,0.75290390676
0.656027539542,0.774023231068
0.656003641352,0.756071805388
0.656004291653,0.763463568851
0.656008900974,0.763463569606
0.656011301147,0.766631467604
0.656013604077,0.768743400337
0.655994281031,0.762407603208
0.656043760943,0.756071805828
0.656011614968,0.770855332755
0.656035551426,0.764519535627
0.656028610348,0.756071805513
0.656031385898,0.766631468045
0.656026121555,0.76663146729
0.656006872654,0.767687434443
0.656011014705,0.763463569732
0.655998517556,0.759239704581
0.655996133936,0.755015839619
0.656013974985,0.767687433687
0.656002787438,0.766631467919
0.656014309199,0.763463569732
0.656012972909,0.761351636685
0.656030526131,0.76029567079
0.656049852229,0.78247096137
0.656018397813,0.753959872969
0.656030127969,0.76557550108
0.656056146876,0.763463569732
0.656000041219,0.764519535501
0.655987529279,0.757127772478
0.65602904747,0.758183738561
0.656028434996,0.765575501836
0.656003928235,0.771911299405
0.656016986058,0.760295671105
0.65602365026,0.768743400022
0.656010943897,0.770855333196
0.65599933446,0.751847940677
0.656036527821,0.771911299216
0.656028127343,0.762407602768
0.656012967748,0.766631468234
0.656020453607,0.74868004249
0.656003279759,0.768743400431
0.655993774486,0.769799366231
0.65597158853,0.765575501584
0.655974222211,0.751847940803
0.65601734142,0.768743400148
0.656051571165,0.753959872781
0.655995624433,0.772967265425
0.656001981234,0.755015839745
0.656063570896,0.775079198032
0.656042702913,0.764519534871
0.656001215626,0.763463568851
0.65598117638,0.752903907327
0.655976622636,0.774023231068
0.656007260304,0.745512144052
0.655998008808,0.758183738246
0.655983921152,0.779303061987
0.656045995897,0.76768743438
0.65608410114,0.751847940551
0.656106474911,0.762407603523
0.656003134335,0.753959873725
0.655980420906,0.775079197277
0.655983396795,0.768743399896
0.655965539697,0.765575501836
0.65595324723,0.75501583899
0.655992620095,0.759239704896
0.65600437763,0.764519535941
0.655999177046,0.761351637314
0.655970716615,0.757127772289
0.655979771171,0.762407602768
0.655993692852,0.76029567035
0.655993989302,0.749736008574
0.656034462366,0.777191129821
0.656025438022,0.760295670224
0.656004088041,0.765575501269
0.656017297487,0.751847941118
0.656010719954,0.778247096659
0.655981024631,0.759239704896
0.655979189097,0.775079197686
0.655988310685,0.768743400778
0.655995399861,0.778247096534
0.65602010885,0.77191129865
0.655994875567,0.760295670224
0.656004635057,0.772967265425
0.656016408516,0.776135164115
0.656190697218,0.769799366231
0.656059310013,0.763463568662
0.655955666946,0.763463569606
0.655944580198,0.763463569732
0.655975392779,0.761351637314
0.656018053906,0.755015839304
0.656012634164,0.763463568851
0.656020383586,0.758183738246
0.656030794383,0.764519535627
0.656047706619,0.762407602642
0.656029999382,0.757127771597
0.65598994997,0.762407603208
0.655988599267,0.774023231068
0.655995014162,0.75607180608
0.656005811351,0.755015839619
0.655975595888,0.772967265173
0.655984023493,0.760295670664
0.656024371558,0.764519535501
0.656016457106,0.753959872969
0.656004749734,0.77719113045
0.655994607315,0.762407603083
0.656012480085,0.751847941118
0.656020074957,0.761351636874
0.656028397735,0.761351636244
0.656085186926,0.775079197717
0.65608658603,0.779303062113
0.65603361204,0.762407603208
0.656003057579,0.762407602642
0.656033515993,0.766631467919
0.656022646674,0.75501584006
0.656010349235,0.763463568977
0.656001170812,0.761351637314
0.655984214644,0.756071805828
0.655996281909,0.769799366231
0.656004385623,0.750791974342
0.656016991723,0.756071805388
0.656042037569,0.749736008699
0.656037900113,0.778247095904
0.656006506844,0.74868004249
0.655993501387,0.769799366861
0.655980798926,0.75395987341
0.656028508007,0.768743400337
0.656044589806,0.750791974909
0.656028707277,0.768743400778
0.655993795571,0.765575501584
0.655980024444,0.755015839934
0.656000002699,0.759239704455
0.656000365866,0.760295670476
0.656007055685,0.758183738057
0.655983427699,0.779303061987
0.655978133963,0.763463569103
0.656020492787,0.756071805388
0.656032743902,0.759239704896
0.656033601026,0.763463569103
0.656001672762,0.764519535186
0.656014777319,0.768743399896
0.65599886398,0.781414994972
0.656004106356,0.768743400778
0.655988774368,0.769799366987
0.655996299973,0.758183738687
0.655989263226,0.767687433687
0.655971054605,0.75818373812
0.655983857897,0.762407602642
0.655987562134,0.771911298524
0.656010395685,0.761351636685
0.655999617567,0.759239703826
0.655977282126,0.74340021176
0.655956535871,0.785638859494
0.655997541915,0.744456177088
0.656042780015,0.767687433813
0.656013520995,0.753959873725
0.65598109311,0.77191129865
0.655985612363,0.755015839178
0.655980700865,0.763463569292
0.655998296886,0.750791974783
0.656010355592,0.757127772163
0.656005000678,0.768743400337
0.65598469381,0.76557550171
0.655998571559,0.760295670664
0.655982553487,0.761351636433
0.656023805157,0.747624076407
0.656037058032,0.766631467919
0.656011475429,0.76557550108
0.655991456765,0.764519534871
0.655995163709,0.770855332755
0.656005323248,0.769799366672
0.655957562745,0.76451953506
0.655942303641,0.775079197277
0.655990329312,0.751847941244
0.656052934519,0.769799366641
0.65601839775,0.760295670035
0.655966412744,0.76451953506
0.655957078921,0.771911298335
0.655997786565,0.749736008133
0.655978393089,0.763463568977
0.65601191702,0.770855332441
0.655977909139,0.76663146729
0.655981368349,0.77085533307
0.655979915808,0.747624076596
0.655984563649,0.775079196962
0.655987853863,0.764519535627
0.656014711137,0.76557550171
0.656005732739,0.763463569292
0.655989148989,0.766631467478
0.655982021734,0.755015839619
0.655980448946,0.772967265173
0.65596713914,0.739176346483
0.656002664642,0.774023231068
0.655991377901,0.753959872969
0.655960998351,0.766631467478
0.65597106241,0.767687433687
0.656017129594,0.761351636559
0.65600737857,0.769799366357
0.656002048454,0.76557550108
0.655993434356,0.766631468013
0.655998939383,0.756071805702
0.655979311894,0.760295670539
0.655976817185,0.760295671105
0.655993924977,0.767687434254
0.655985965208,0.776135163801
0.655977857025,0.750791974909
0.655984717349,0.769799366106
0.655986187262,0.764519535186
0.655987217094,0.774023230942
0.656222316255,0.761351636559
0.656005359816,0.750791975223
0.655937371624,0.767687434569
0.655928782009,0.769799366357
0.655943036898,0.76663146729
0.656004344146,0.76979936642
0.656007037369,0.755015839619
0.655976929911,0.758183737932
0.655996008559,0.758183738057
0.656031255611,0.750791974783
0.656046036367,0.753959873095
0.655990537394,0.752903907201
0.655995531092,0.775079198032
0.656008255708,0.753959873221
0.655989506806,0.759239704581
0.656005365103,0.76557550215
0.656003013017,0.765575501836
0.655989497869,0.763463568977
0.655978689539,0.767687434443
0.6559798861,0.757127771722
0.655979240079,0.776135164241
0.655994283045,0.763463569732
0.656028156359,0.75501584006
0.656017454902,0.774023230942
0.656012892534,0.76557550171
0.655993807907,0.763463569292
0.655958592514,0.785638859368
0.656006166336,0.755015839619
0.656045162376,0.775079197151
0.655989004037,0.748680042176
0.655982403846,0.777191130324
0.655979589965,0.759239704896
0.655989055397,0.769799366357
0.655998856931,0.762407602453
0.656000493006,0.769799365917
0.656013627805,0.759239704141
0.655996764096,0.767687434222
0.655995434038,0.760295670224
0.656005875236,0.759239704896
0.656023790869,0.767687434128
0.655993061559,0.763463568851
0.655995641427,0.762407603083
0.655966377246,0.76557550215
0.655964212093,0.768743399708
0.656000468018,0.749736008888
0.655992750004,0.763463569418
0.656020113256,0.767687434569
0.656007739911,0.769799366546
0.655990610153,0.761351636748
0.655976287037,0.767687434222
0.656005826772,0.774023231068
0.656024107774,0.750791974909
0.656004753259,0.768743400337
0.655970131835,0.76663146729
0.655964252752,0.760295670664
0.655976025142,0.763463568977
0.656226868929,0.784582893033
0.656083816019,0.759239704455
0.655949815116,0.770855333196
0.655937139562,0.763463569103
0.65595515225,0.759239704141
0.65599029608,0.766631467793
0.656003601888,0.74868004205
0.655994555829,0.760295670035
0.655995861907,0.768743400778
0.6560173958,0.756071806143
0.656022268464,0.763463569418
0.656004723236,0.768743400337
0.656017578706,0.757127771848
0.655984323468,0.762407602453
0.655982097389,0.765575501836
0.656017508275,0.762407603083
0.656022891324,0.757127771848
0.655990950598,0.764519535941
0.656000144819,0.77085533285
0.655999957949,0.779303062428
0.655988719232,0.761351636433
0.655990627524,0.758183738372
0.655977343777,0.775079197717
0.655973164559,0.776135164052
0.656008140653,0.757127772037
0.655993581196,0.75818373812
0.655991435366,0.761351637188
0.655980938528,0.776135163801
0.655996179065,0.755015839178
0.656016035027,0.760295670664
0.656019510916,0.749736008699
0.655990470614,0.760295670476
0.655975197789,0.767687433813
0.655965776919,0.756071806269
0.655959937804,0.762407602957
0.655962453473,0.76557550215
0.655993745722,0.766631467478
0.655996268251,0.757127772163
0.655988626583,0.761351637314
0.655973294374,0.772967265488
0.6559828438,0.761351637188
0.655996923839,0.759239704141
0.655979747946,0.768743400148
0.655972180674,0.76557550171
0.656000793452,0.77719113045
0.65598668147,0.760295670664
0.655958797763,0.764519535815
0.655987827176,0.770855332566
0.656010486886,0.774023231068
0.656010202961,0.768743399896
0.655993986344,0.759239704141
0.655960649661,0.753959872781
0.656002764591,0.75290390676
0.656001778754,0.753959873851
0.655973247011,0.770855332881
0.65595181162,0.745512143737
0.655951141996,0.761351636999
0.655954973436,0.762407603397
0.655976661596,0.757127772478
0.655972387496,0.772967264859
0.655981437269,0.75501583899
0.656023249203,0.761351636559
0.655980289926,0.752903907641
0.655970860749,0.767687434569
0.656005850217,0.770855332755
0.656022170214,0.772967265299
0.656011530691,0.755015839934
0.656006638012,0.769799366106
0.656010969828,0.780359029078
0.656005386503,0.746568109506
0.655965320853,0.770855332881
0.655969903738,0.775079197717
0.655965561159,0.752903907201
0.655994119841,0.764519535627
0.656005662749,0.767687434443
0.655988708028,0.760295671105
0.655998691523,0.750791975223
0.656005319283,0.769799366546
0.655993539277,0.761351636559
0.655959649663,0.756071805954
0.655981722389,0.776135164115
0.656004869762,0.759239704392
0.65601567249,0.761351637314
0.655971545604,0.76451953506
0.655989415228,0.760295671105
0.656024198503,0.766631467919
0.655999673332,0.76557550171
0.655973789244,0.775079196962
0.655976536282,0.757127771597
0.655977117537,0.772967265488
0.65597484249,0.763463568977
0.655973047805,0.765575501836
0.655968304798,0.768743400022
0.656009248406,0.759239704581
0.656010309205,0.757127772037
0.65600325389,0.760295671105
0.65596686409,0.749736008699
0.655965741075,0.760295671105
0.655983260781,0.767687433939
0.655958388965,0.761351636244
0.655947436186,0.749736008574
0.655964387634,0.772967264544
0.65597449808,0.750791974153
0.65631571239,0.776135163612
0.65611263968,0.768743400022
0.655968316253,0.755015839304
0.655927295796,0.751847940771
0.65593213658,0.758183738372
0.655945580512,0.760295670664
0.655958242628,0.765575501269
0.655985765497,0.774023231823
0.655986448213,0.75607180608
0.655982733528,0.774023230942
0.655978417006,0.744456177402
0.655982341566,0.769799366672
0.65601302836,0.755015839178
0.656030641249,0.747624076155
0.655987075226,0.759239704015
0.655982210052,0.774023231697
0.655981537344,0.764519535815
0.655978460718,0.763463569606
0.65599184857,0.762407602453
0.65598212011,0.779303061798
0.655997805887,0.777191129569
0.655973009348,0.758183738246
0.655967379636,0.767687433813
0.655971711956,0.758183737806
0.65596415916,0.751847940929
0.655965680872,0.746568109632
0.656004239664,0.772967264859
0.655990784435,0.767687434569
0.655983690035,0.759239704896
0.655999273408,0.756071805828
0.656003595091,0.755015839178
0.656024285896,0.769799366546
0.655986643895,0.758183738246
0.655992703428,0.768743399708
0.65600459874,0.751847941432
0.655969282893,0.778247096345
0.655982839079,0.750791974594
0.655981579703,0.775079197277
0.655962680829,0.762407603397
0.655962791778,0.762407602453
0.656017819705,0.769799366357
0.656009276509,0.767687433687
0.655994192222,0.751847940992
0.656000306765,0.772967265299
0.656008854965,0.758183737932
0.655999080495,0.774023230753
0.655998733882,0.763463569292
0.655971415632,0.756071806269
0.655984068999,0.770855332881
0.655979692684,0.758183737932
0.65595832829,0.756071805513
0.655959140663,0.778247096219
0.655968557882,0.744456177088
0.656000311737,0.774023231068
0.655977333045,0.76029567079
0.655968853199,0.777191130324
0.655986405791,0.758183737617
0.65596804391,0.768743399708
0.655991985654,0.774023231697
0.656015031882,0.777191130136
0.656005569282,0.762407603523
0.656007293411,0.761351636748
0.655986315409,0.766631468359
0.655970188041,0.756071805388
0.655970282451,0.760295670979
0.6559979684,0.772967265488
0.655998925662,0.763463569606
0.656026881121,0.751847941086
0.655974618233,0.768743400148
0.655937018843,0.762407603083
0.655946257437,0.766631467919
0.655972263629,0.768743400337
0.655984057481,0.766631467478
0.655955735142,0.743400211445
0.65594801442,0.775079197717
0.655965142039,0.769799366987
0.655968985626,0.757127772163
0.655975034396,0.757127772352
0.65598338578,0.775079197277
0.655983720876,0.759239704455
0.655966428668,0.768743399708
0.655976553842,0.752903906886
0.655964337281,0.762407603334
0.655965697866,0.774023231508
0.655974679348,0.758183738687
0.655972234488,0.780359028889
0.65597730126,0.770855332441
0.655969440182,0.755015839713
0.655985112867,0.777191129569
0.655966437417,0.756071805954
0.655953235334,0.776135163486
0.655975703327,0.762407602957
0.655977440548,0.765575501269
0.656000103719,0.759239704455
0.65603579746,0.776135163801
0.656001674336,0.764519535627
0.655992487479,0.770855332755
0.655969044034,0.762407603177
0.655950599701,0.782470961181
0.655950676992,0.763463568851
0.655996985836,0.761351636433
0.655977570897,0.757127771848
0.655977579394,0.775079197906
0.656015190617,0.755015839304
0.655993207707,0.766631468359
0.655963560973,0.741288279153
0.655965053418,0.763463569292
0.655972069332,0.776135163801
0.656010365096,0.758183738561
0.655988019648,0.762407602894
0.655987975023,0.785638859242
0.655970260422,0.749736008699
0.65600249552,0.775079196962
0.655986924106,0.759239704455
0.655955337484,0.774023231823
0.655957628517,0.758183737932
0.655961182326,0.770855332441
0.655967870068,0.748680042679
0.655967046303,0.777191129695
0.655968917713,0.767687433939
0.655993238107,0.769799366672
0.655969602883,0.762407603397
0.655966796996,0.755015839304
0.655962255462,0.765575501584
0.655984396919,0.763463569418
0.655959089744,0.761351636685
0.655964115196,0.777191129569
0.655957944038,0.770855332566
0.655971991034,0.763463568662
0.655960886475,0.76029567079
0.655966333628,0.768743400337
0.655954077226,0.757127771597
0.655980745238,0.777191129821
0.655977194387,0.757127771848
0.655988300426,0.779303062239
0.655986324094,0.771911298964
0.655959233374,0.776135163801
0.655944093417,0.743400211634
0.655966399841,0.750791974594
0.655981853872,0.762407602894
0.655988809174,0.772967265299
0.656011164125,0.761351637314
0.655989542871,0.786694825451
0.65594700882,0.748680041924
0.655940979499,0.76557550215
0.655955179062,0.760295670035
0.655970294032,0.74868004249
0.655951070937,0.767687433499
0.655968478451,0.758183737932
0.655965569027,0.766631467793
0.655987306595,0.758183737932
0.65599506313,0.772967264985
0.655997670754,0.757127772132
0.656000584081,0.770855332566
0.655988685747,0.766631468359
0.655977761355,0.764519535501
0.655946458343,0.762407602894
0.655940266383,0.751847941432
0.655938506756,0.757127772478
0.655948357509,0.769799366861
0.655970156885,0.767687434254
0.655961995392,0.769799366546
0.65597097593,0.768743399896
0.655968455415,0.76979936642
0.655977494928,0.750791974153
0.655982723646,0.751847940992
0.655978787348,0.77191129909
0.655947935336,0.766631467478
0.65595497416,0.758183738561
0.655973039182,0.758183737617
0.655956864923,0.774023231508
0.655969736317,0.77085533307
0.655970430991,0.768743400148
0.655957321053,0.760295670444
0.655984385716,0.759239703826
0.655994254911,0.764519535501
0.656038326472,0.767687434002
0.656083106491,0.758183738687
0.656021961315,0.779303062554
0.655982896229,0.739176346923
0.656004792911,0.770855333196
0.655998152941,0.751847941432
0.655972968814,0.766631467919
0.655958671127,0.767687434569
0.655992259383,0.758183738341
0.656008008919,0.763463569103
0.655989891687,0.764519535186
0.65596471782,0.770855333196
0.655955424971,0.762407603208
0.655962062077,0.763463568977
0.65599840892,0.77719113001
0.655987564274,0.75395987341
0.655949881298,0.751847940803
0.655955537886,0.752903907641
0.655959268369,0.750791975097
0.655950077169,0.756071805639
0.65600986088,0.767687434569
0.65600031608,0.762407603083
0.655966892036,0.753959873725
0.655943871048,0.764519535941
0.655922075165,0.765575501269
0.655920632223,0.762407603208
0.655940304966,0.778247095904
0.655946553823,0.756071805388
0.655943616454,0.761351636999
0.655958952093,0.763463569543
0.655986642699,0.778247096345
0.655986922847,0.75818373812
0.655957830997,0.767687433939
0.655959131127,0.762407603208
0.65593958864,0.781414995161
0.655941437391,0.752903907327
0.655944544102,0.764519535941
0.655971161101,0.759239704455
0.655969326889,0.770855332629
0.655956707006,0.764519535941
0.655960937976,0.756071805828
0.655962627629,0.755015839178
0.655975131135,0.76557550215
0.656003112274,0.759239704581
0.655977572597,0.761351637125
0.656004588355,0.778247095589
0.655980258519,0.746568109758
0.655980385218,0.769799366987
0.655995576032,0.765575501269
0.655977998893,0.761351636748
0.65595136191,0.756071805513
0.655952981684,0.761351637188
0.656054449749,0.764519534871
0.655996808092,0.765575501836
0.655951237918,0.763463569732
0.655940724023,0.756071806269
0.655925488459,0.774023231382
0.655965645563,0.767687434569
0.65599026033,0.763463569386
0.655987463569,0.752903906886
0.655992249123,0.769799366546
0.655980731328,0.7381203804
0.655972106593,0.772967264544
0.655940444127,0.762407602642
0.655944472381,0.760295670664
0.655938407625,0.753959873095
0.655947747238,0.752903906886
0.655964776103,0.766631467919
0.655959586785,0.768743400022
0.655954905712,0.760295670224
0.655974329147,0.76029567035
0.655965878442,0.764519535312
0.655952651435,0.75607180608
0.655953870844,0.750791974342
0.655961838261,0.774023231697
0.655969350743,0.757127772037
0.655968770684,0.78141499472
0.655955687999,0.751847941244
0.65593859289,0.775079197466
0.655934047548,0.758183738057
0.655974571783,0.759239704141
0.655959680566,0.763463569071
0.655982987304,0.762407603523
0.655983662782,0.761351637314
0.656027642387,0.751847941432
0.655991489432,0.767687433939
0.655960814439,0.775079198032
0.655944678889,0.758183738561
0.655969110437,0.771911298524
0.655978444071,0.742344244921
0.655971116791,0.771911298964
0.65598588842,0.760295670979
0.655966012569,0.77719113001
0.655946704503,0.750791974783
0.655972673152,0.767687434569
0.655954371347,0.757127771597
0.655954966638,0.762407602453
0.655982136915,0.758183737617
0.65596195511,0.768743400274
0.655944138293,0.767687433813
0.655946984966,0.764519535375
0.655958268496,0.762407603083
0.655968416455,0.774023231697
0.655945586113,0.747624076281
0.655947661702,0.767687434569
0.655946429075,0.756071805954
0.655979448412,0.761351636685
0.656198824472,0.766631468359
0.656012656633,0.77719113045
0.655931274579,0.75395987341
0.655907851023,0.761351637314
0.655922985001,0.759239704141
0.655944158371,0.755015839178
0.655991415162,0.764519534871
0.655983858589,0.772967265173
0.655981821143,0.771911299405
0.655983121682,0.756071805923
0.656005685282,0.769799366672
0.656006094143,0.772967265614
0.65599987877,0.776135163486
0.655981851102,0.767687433499
0.655968920042,0.756071806269
0.655996353284,0.768743400778
0.655972281756,0.768743400211
0.655960586091,0.762407602768
0.655961185851,0.763463569418
0.655958029197,0.772967264733
0.655944651195,0.747624075715
0.655962833633,0.761351636748
0.655979222456,0.758183738246
0.655987961491,0.768743399896
0.655981850914,0.745512143297
0.655971228762,0.762407603083
0.65596640302,0.766631468359
0.655978703323,0.781414994531
0.655962973865,0.767687434254
0.655987078247,0.767687433813
0.655976718872,0.760295670476
0.655968062918,0.771911298335
0.655943780477,0.762407602642
0.655923912304,0.766631467919
0.65595093851,0.775079197843
0.655960084078,0.764519535438
0.655945216464,0.756071805954
0.655948014043,0.764519535627
0.655977368858,0.767687434254
0.655969201763,0.765575501395
0.655937417822,0.766631467604
0.65593339838,0.762407603397
0.655927624282,0.74762407603
0.655938085558,0.757127771848
0.655945201988,0.770855332755
0.655955409928,0.76557550108
0.655970016496,0.753959873851
0.655960816768,0.763463569418
0.655990886147,0.776135163612
0.65600186706,0.760295670979
0.655975821938,0.756071805702
0.655945064588,0.763463568977
0.655941659382,0.767687434569
0.655948582144,0.761351636685
0.655967150658,0.765575501269
0.655969568392,0.76557550108
0.655950707392,0.746568110072
0.65594010343,0.76557550215
0.655925015839,0.774023231823
0.655938897994,0.761351636559
0.655951768443,0.761351636559
0.655959992562,0.766631467793
0.655957638273,0.762407603083
0.655967516028,0.767687433499
0.655972912735,0.763463569103
0.655941600847,0.760295670224
0.655944676057,0.768743399896
0.655956011136,0.763463569732
0.655970565747,0.760295670224
0.655971368427,0.764519534871
0.656014465606,0.763463569292
0.656019883335,0.759239704455
0.655964914572,0.772967265173
0.65595201517,0.761351636559
0.655949718723,0.778247095778
0.655963398713,0.744456177088
0.65595699798,0.780359028731
0.655951311055,0.759239704455
0.655953711353,0.76557550108
0.655979398752,0.757127772037
0.655965874099,0.76557550108
0.655981127224,0.774023230942
0.655954086793,0.761351636433
0.655939692366,0.757127771722
0.655941380052,0.768743399708
0.655987565092,0.762407603523
0.655976465411,0.769799365917
0.655955829175,0.763463569606
0.655945857953,0.761351636999
0.655951519513,0.766631467793
0.655945787208,0.774023231477
0.655960490485,0.757127772478
0.655957929184,0.764519535753
0.655947999252,0.77613516336
0.655928167018,0.776135163171
0.655949816721,0.751847941118
0.655955049657,0.764519535186
0.655961715244,0.77085533307
0.655950957329,0.764519535941
0.655945001333,0.756071805954
0.655975459244,0.760295670979
0.65595457647,0.758183737617
0.655984634016,0.756071806269
0.655977180226,0.761351636685
0.655969278047,0.761351636874
0.655954901935,0.770855332881
0.655955409645,0.767687434443
0.655949084157,0.75501584006
0.655947692983,0.76557550171
0.655952161066,0.766631468171
0.655941364695,0.769799366672
0.655949092717,0.760295670759
0.655949861094,0.752903906571
0.655960965874,0.784582892844
0.655951611281,0.767687434443
0.655951326601,0.770855332126
0.655947305962,0.758183738246
0.655942959544,0.759239704141
0.655952619399,0.779303061987
0.655970028298,0.77191129865
0.65598238446,0.753959873095
0.655973448799,0.765575501521
0.655948217089,0.779303062428
0.655952747734,0.741288278838
0.655962278372,0.779303061987
0.655938160331,0.758183738372
0.655952247735,0.774023231068
0.655949484333,0.762407602768
0.65593570968,0.758183737617
0.655945626867,0.770855333196
0.655947894267,0.767687434569
0.655981279099,0.771911298964
0.656005946044,0.769799366231
0.655976511483,0.749736008385
0.655960560286,0.781414994405
0.655955324077,0.748680042616
0.655950724701,0.783526927579
0.655951604609,0.747624076281
0.655934640321,0.776135163171
0.655952246791,0.770855332629
0.656011223604,0.781414994217
0.655979440733,0.737064414002
0.655943340082,0.769799366106
0.655932642401,0.765575502025
0.655926114906,0.762407602768
0.655922326455,0.759239704267
0.655971918747,0.774023231823
0.655984558865,0.759239704896
0.655946478767,0.749736008699
0.655939723301,0.770855332755
0.655948799855,0.761351637314
0.65593179346,0.769799366987
0.655947695595,0.750791974342
0.655949582897,0.770855333196
0.655960798641,0.75501584006
0.655981440101,0.732840548599
0.655986222823,0.774023231068
0.655953429694,0.757127771597
0.655935430917,0.748680042679
0.65595222665,0.766631467604
0.655950736219,0.75290390676
0.655977994927,0.76451953506
0.655960498919,0.770855332315
0.655932920787,0.756071805513
0.655934711444,0.757127771722
0.655929969822,0.767687434569
0.655961420304,0.753959873095
0.655969660599,0.770855332441
0.656188531436,0.766631468045
0.656131550308,0.781414995287
0.655940532747,0.763463568851
0.655920960395,0.769799365917
0.655914178966,0.768743400211
0.655922828909,0.759239703826
0.655937823411,0.757127771408
0.655953173401,0.77191129909
0.655980366525,0.763463569732
0.655995017687,0.750791974909
0.655993005416,0.760295670664
0.655977050065,0.770855333196
0.655976369741,0.759239704455
0.655955523662,0.756071805388
0.65592851703,0.758183738341
0.65593427533,0.763463569418
0.65593431473,0.766631468234
0.655942431032,0.775079197277
0.655955373045,0.762407602768
0.655958998984,0.750791974909
0.655935043015,0.77613516336
0.655965888702,0.763463569543
0.655976031688,0.770855332755
0.655955806201,0.765575501269
0.655947686501,0.766631468234
0.655941743848,0.749736008385
0.655954143691,0.765575501269
0.655964339359,0.769799366672
0.655965143046,0.756071805513
0.655952408737,0.774023231823
0.655945017005,0.790918690854
0.655968037742,0.764519535815
0.655943280855,0.768743400337
0.655941549551,0.771911299405
0.655953111719,0.771911298335
0.655978907879,0.758183737617
0.655997840882,0.758183738057
0.655970564173,0.766631467919
0.655953072192,0.742344244795
0.655939684624,0.774023231068
0.65594659357,0.774023230942
0.655956979349,0.750791974468
0.655955399606,0.760295670664
