train_mean,train_st_dev,train_max,train_min,train_loss,train_epsilon,test_mean,test_st_dev,test_max,test_min
415.0,57.1780843797,595.0,371.0,2.30765253361,1.0,414.2,44.4270188061,531.0,371.0
398.52,45.7096226193,531.0,371.0,7.92279,1.0,419.0,71.1955054761,595.0,371.0
413.666666667,71.6534871602,659.0,371.0,4.26033,0.91,398.2,39.5494627018,531.0,371.0
415.666666667,63.9131354957,595.0,371.0,0.490305,0.82,454.2,79.9359743795,627.0,371.0
439.266666667,79.1348778282,659.0,371.0,0.142915,0.730000000001,412.6,48.6357892914,531.0,371.0
428.043478261,85.9461298726,851.0,371.0,0.0878337,0.640000000001,415.8,62.7069374152,563.0,371.0
424.106382979,67.0836994002,691.0,371.0,0.0523908,0.550000000001,585.4,183.575161719,947.0,371.0
409.666666667,61.9533874959,595.0,371.0,0.0379208,0.460000000001,441.4,88.5654560198,659.0,371.0
445.181818182,86.5057204433,755.0,371.0,0.0297465,0.370000000001,494.2,105.781661927,755.0,371.0
437.133333333,85.9709511663,723.0,371.0,0.0249406,0.280000000001,399.8,41.6,531.0,371.0
413.666666667,59.2696287224,595.0,371.0,0.0200252,0.190000000001,452.6,71.1775245425,595.0,371.0
430.826086957,72.3612027767,691.0,371.0,0.0167186,0.100000000001,446.2,96.6776085761,755.0,371.0
441.545454545,84.8231996957,755.0,371.0,0.0146539,0.1,431.8,56.25086666,531.0,371.0
420.70212766,81.8665013179,691.0,371.0,0.0142746,0.1,419.0,67.5040739511,531.0,371.0
428.739130435,79.4049704891,691.0,371.0,0.0138203,0.1,409.4,42.4527973165,499.0,371.0
405.612244898,42.3131264076,531.0,371.0,0.0126548,0.1,427.0,95.3981131889,755.0,371.0
435.711111111,86.78469456,851.0,371.0,0.0124587,0.1,435.0,65.5804849021,595.0,371.0
427.347826087,77.2925603572,755.0,371.0,0.0137635,0.1,411.0,52.4595081944,595.0,371.0
407.0,51.6913919333,595.0,371.0,0.013462,0.1,430.2,68.0893530591,595.0,371.0
447.363636364,88.7481346562,755.0,371.0,0.0126349,0.1,486.2,171.252328451,1011.0,371.0
445.909090909,115.76893487,1075.0,371.0,0.0134241,0.1,465.4,85.5513880659,659.0,371.0
462.534883721,153.168602775,1075.0,371.0,0.0151268,0.1,465.4,213.100539652,1331.0,371.0
531.0,217.671212513,1491.0,371.0,0.0155996,0.1,463.8,116.217726703,755.0,371.0
541.666666667,238.633144759,1331.0,371.0,0.0185216,0.1,449.4,62.768144787,531.0,371.0
656.9,389.940025303,2100.0,371.0,0.0198687,0.1,590.2,246.685548827,1267.0,371.0
615.0,219.052505121,1203.0,371.0,0.0233897,0.1,667.0,415.738379272,1747.0,371.0
563.0,209.907734833,1235.0,371.0,0.025039,0.1,625.4,225.928838354,1235.0,371.0
523.421052632,152.132323217,1171.0,371.0,0.0204188,0.1,491.0,193.030567528,1107.0,371.0
531.864864865,161.375533522,1011.0,371.0,0.0193138,0.1,603.0,292.038353646,1619.0,371.0
510.487179487,144.475509733,979.0,371.0,0.0185028,0.1,481.4,122.470567893,851.0,371.0
518.368421053,204.970912064,1491.0,371.0,0.0193895,0.1,419.0,55.885597429,531.0,371.0
445.181818182,130.658345718,1011.0,371.0,0.0182348,0.1,569.4,219.053965954,1203.0,371.0
461.046511628,142.650973226,915.0,371.0,0.0159617,0.1,435.0,100.175845392,819.0,371.0
433.577777778,82.3354895504,755.0,371.0,0.0141471,0.1,444.6,88.2759310345,659.0,371.0
482.609756098,139.774884874,915.0,371.0,0.016,0.1,470.2,114.44195035,755.0,371.0
472.333333333,91.5586376427,755.0,371.0,0.0171823,0.1,500.6,128.189859193,915.0,371.0
509.666666667,136.792062548,851.0,371.0,0.0188075,0.1,540.6,114.977563029,723.0,371.0
531.0,189.095142648,1299.0,371.0,0.0179246,0.1,559.8,189.016824648,1043.0,371.0
520.894736842,190.039855858,1075.0,371.0,0.0199722,0.1,657.4,333.85601687,1491.0,371.0
553.857142857,170.973873168,1075.0,371.0,0.0193993,0.1,715.05,425.398692405,2100.0,371.0
523.421052632,150.529701839,915.0,371.0,0.0186958,0.1,443.0,84.5884152825,691.0,371.0
610.0,204.115163572,1075.0,371.0,0.0191129,0.1,417.4,65.9502843057,595.0,371.0
488.052631579,94.093723536,755.0,371.0,0.0187411,0.1,793.4,447.267973367,2067.0,371.0
766.115384615,409.919534967,2100.0,371.0,0.0239451,0.1,1078.35,632.021619488,2100.0,371.0
608.0,317.979559091,2035.0,371.0,0.0287543,0.1,747.05,412.687832992,2100.0,371.0
596.96969697,316.529713752,2100.0,371.0,0.0219976,0.1,1031.9,562.268343409,2100.0,531.0
696.75,398.894331246,2100.0,371.0,0.0223433,0.1,791.85,438.942966113,2100.0,371.0
757.5,451.69758859,2100.0,371.0,0.022182,0.1,727.8,386.958602437,1971.0,371.0
793.75,575.298056808,2100.0,371.0,0.022772,0.1,812.65,497.376846566,2100.0,371.0
584.647058824,229.278392604,1395.0,371.0,0.024361,0.1,529.4,116.470768865,755.0,371.0
704.714285714,378.767065353,1971.0,371.0,0.0225843,0.1,711.85,384.217292037,2100.0,371.0
670.068965517,377.851633995,2100.0,371.0,0.023996,0.1,625.4,319.595744653,1747.0,371.0
918.095238095,535.740867065,2100.0,371.0,0.0271091,0.1,1107.25,617.180838572,2100.0,371.0
1768.09090909,597.087088904,2100.0,467.0,0.0326832,0.1,1550.65,669.10621541,2100.0,435.0
1399.85714286,541.519140559,2100.0,595.0,0.0368855,0.1,1358.5,587.321419667,2100.0,403.0
1632.91666667,586.664222296,2100.0,531.0,0.032674,0.1,1056.0,661.361625739,2100.0,371.0
995.1,609.904984403,2100.0,371.0,0.0312646,0.1,862.35,602.322942864,2100.0,371.0
867.090909091,492.648584794,2100.0,371.0,0.0293124,0.1,1441.9,705.445738523,2100.0,499.0
1504.83333333,637.721835042,2100.0,563.0,0.0315751,0.1,1625.95,610.411211807,2100.0,371.0
1305.86666667,753.066076487,2100.0,371.0,0.0459411,0.1,1380.95,669.892937341,2100.0,371.0
1639.81818182,648.16872357,2100.0,435.0,0.0425159,0.1,1686.75,547.596281488,2100.0,563.0
1508.69230769,583.34847543,2100.0,595.0,0.0417616,0.1,1987.9,364.922032769,2100.0,531.0
1788.36363636,503.607580405,2100.0,755.0,0.0462099,0.1,1445.0,650.756790207,2100.0,435.0
1859.7,377.245026475,2100.0,1075.0,0.0364747,0.1,1449.85,702.530232446,2100.0,371.0
1209.3125,685.816640833,2100.0,371.0,0.0387943,0.1,1871.0,488.128671561,2100.0,371.0
1539.5,640.37092116,2100.0,435.0,0.0369667,0.1,1481.85,672.345095542,2100.0,371.0
1496.46153846,678.238625512,2100.0,371.0,0.0432526,0.1,1417.7,637.924298017,2100.0,371.0
1506.23076923,674.759803856,2100.0,435.0,0.043916,0.1,1907.8,428.728538821,2100.0,755.0
1404.57142857,712.417385114,2100.0,371.0,0.0394931,0.1,1502.7,698.898283014,2100.0,435.0
1107.16666667,591.582552706,2100.0,371.0,0.0404473,0.1,939.05,527.175917033,2100.0,435.0
1533.38461538,675.245657687,2100.0,371.0,0.0393187,0.1,1364.95,655.218854659,2100.0,371.0
1587.5,635.853429128,2100.0,467.0,0.0427088,0.1,2058.35,181.548140998,2100.0,1267.0
1582.25,642.577637981,2100.0,371.0,0.0452098,0.1,1341.05,740.699296273,2100.0,371.0
1712.72727273,571.6361034,2100.0,563.0,0.047436,0.1,1939.9,480.72621106,2100.0,435.0
1528.38461538,636.197180182,2100.0,467.0,0.0422591,0.1,1642.0,628.819528959,2100.0,435.0
1361.0,599.928329053,2100.0,435.0,0.0431198,0.1,1445.05,650.019882388,2100.0,467.0
1834.2,552.428963759,2100.0,435.0,0.0425624,0.1,1842.15,482.897947293,2100.0,659.0
1349.71428571,742.146638241,2100.0,371.0,0.0474577,0.1,1488.15,627.810343575,2100.0,371.0
1273.73333333,681.355361679,2100.0,371.0,0.0521587,0.1,1155.25,672.769936531,2100.0,435.0
1512.75,619.291547523,2100.0,371.0,0.0436926,0.1,1056.05,703.599564738,2100.0,371.0
1882.0,335.64207126,2100.0,1075.0,0.0483495,0.1,1707.65,614.021031806,2100.0,435.0
1167.47058824,614.996137496,2100.0,531.0,0.0471072,0.1,724.65,420.993738077,2100.0,371.0
1503.76923077,723.863050567,2100.0,435.0,0.0397232,0.1,1007.95,605.053755876,2100.0,371.0
1427.42857143,713.693182806,2100.0,371.0,0.038469,0.1,1448.25,656.507187699,2100.0,371.0
1030.77777778,628.094964118,2100.0,371.0,0.0420552,0.1,1438.7,693.649774742,2100.0,403.0
1660.27272727,601.87012959,2100.0,435.0,0.0436569,0.1,1449.75,620.135136482,2100.0,371.0
1579.5,676.577847209,2100.0,371.0,0.0508892,0.1,980.7,514.360583638,2100.0,371.0
1141.25,662.814595117,2100.0,371.0,0.0445391,0.1,1427.3,581.127361256,2100.0,499.0
1241.73333333,689.240593375,2100.0,403.0,0.0418755,0.1,1139.15,627.299073409,2100.0,435.0
1297.2,653.65538321,2100.0,371.0,0.068893,0.1,1931.7,402.764707987,2100.0,531.0
1399.92857143,669.521840494,2100.0,371.0,0.0497676,0.1,1496.25,684.873190817,2100.0,371.0
1669.09090909,611.786572194,2100.0,531.0,0.0384999,0.1,1324.95,661.394093941,2100.0,435.0
1317.64285714,696.32521211,2100.0,371.0,0.0485034,0.1,2100.0,0.0,2100.0,2100.0
1791.18181818,462.13158657,2100.0,787.0,0.0536914,0.1,1546.0,713.218900479,2100.0,371.0
1571.5,636.067278936,2100.0,371.0,0.047763,0.1,1576.3,614.148850036,2100.0,435.0
1606.16666667,589.378038463,2100.0,531.0,0.0422014,0.1,1853.35,528.989250836,2100.0,563.0
1911.0,431.211317106,2100.0,691.0,0.0399561,0.1,1356.85,610.288478918,2100.0,435.0
1365.57142857,570.81241781,2100.0,403.0,0.0449611,0.1,1885.35,433.153122464,2100.0,467.0
1511.15384615,687.583376332,2100.0,371.0,0.057654,0.1,412.6,50.6975344568,531.0,371.0
902.0,519.221620225,2100.0,371.0,0.0724914,0.1,1313.7,589.971024712,2100.0,467.0
1295.0,613.311231486,2100.0,435.0,0.0390414,0.1,1288.0,663.291790994,2100.0,371.0
1265.2,647.375233797,2100.0,435.0,0.0341008,0.1,1553.75,571.288007488,2100.0,371.0
1114.76470588,685.566277691,2100.0,371.0,0.0356874,0.1,1017.5,462.143971074,2100.0,435.0
1129.1875,617.355572052,2100.0,371.0,0.0369616,0.1,1710.85,558.967107708,2100.0,435.0
1744.63636364,438.451048937,2100.0,819.0,0.04405,0.1,1979.9,389.031733924,2100.0,435.0
1923.7,333.922461059,2100.0,1011.0,0.0500144,0.1,1558.65,622.040454874,2100.0,371.0
1853.4,529.689569465,2100.0,435.0,0.0422499,0.1,1773.15,472.269337878,2100.0,595.0
1675.0,698.478866733,2100.0,435.0,0.0407968,0.1,863.85,515.846224664,2100.0,371.0
1404.57142857,625.726744821,2100.0,595.0,0.0546131,0.1,918.25,516.386567893,2100.0,371.0
1388.5,621.286539598,2100.0,403.0,0.0464033,0.1,1296.2,706.481252405,2100.0,435.0
1118.52941176,673.099251282,2100.0,371.0,0.0375344,0.1,1618.0,620.842975317,2100.0,531.0
1038.21052632,667.166244488,2100.0,371.0,0.0560427,0.1,422.2,90.1696179431,723.0,371.0
546.111111111,240.235275624,1363.0,371.0,0.0686007,0.1,767.8,482.807787841,2035.0,371.0
640.866666667,276.101881357,1299.0,371.0,0.034993,0.1,495.8,156.407672446,915.0,371.0
1124.23529412,708.084867746,2100.0,371.0,0.0508578,0.1,1713.95,544.622665246,2100.0,531.0
1489.07692308,695.969435838,2100.0,531.0,0.0501816,0.1,1046.35,624.695868003,2100.0,371.0
1560.75,575.327750794,2100.0,627.0,0.0413895,0.1,1787.7,552.511547391,2100.0,499.0
1363.35714286,685.747309473,2100.0,371.0,0.0413023,0.1,1718.75,545.50315077,2100.0,563.0
1792.4,428.131101416,2100.0,851.0,0.0427776,0.1,1790.95,541.623067733,2100.0,563.0
1686.45454545,606.524729862,2100.0,691.0,0.0515902,0.1,1805.3,506.735641138,2100.0,531.0
1733.0,545.540099351,2100.0,435.0,0.0634922,0.1,1438.55,648.092391176,2100.0,371.0
1112.94117647,764.151391729,2100.0,371.0,0.0492268,0.1,1973.4,375.976382237,2100.0,435.0
801.791666667,549.833912738,2100.0,371.0,0.0609128,0.1,1182.35,599.687358129,2100.0,435.0
1418.21428571,657.448550792,2100.0,371.0,0.0398256,0.1,900.65,525.097064837,2100.0,371.0
1137.0625,530.46800902,2100.0,371.0,0.0354594,0.1,966.25,526.252304033,2100.0,371.0
1034.73684211,631.946103807,2100.0,371.0,0.0620055,0.1,1616.35,627.729820464,2100.0,595.0
964.0,584.793260815,2100.0,371.0,0.0403617,0.1,907.15,551.976201933,2100.0,371.0
903.454545455,518.673020774,2100.0,371.0,0.0574356,0.1,854.25,553.06481311,2100.0,371.0
1444.61538462,646.345649188,2100.0,435.0,0.055227,0.1,1869.35,485.934180214,2100.0,659.0
1660.27272727,624.639836722,2100.0,467.0,0.0475259,0.1,1236.8,570.08925617,2100.0,435.0
1523.53846154,685.282829358,2100.0,371.0,0.0478821,0.1,1581.2,686.746940292,2100.0,371.0
1560.91666667,685.392522371,2100.0,435.0,0.0419455,0.1,1411.35,614.050346063,2100.0,371.0
1486.46153846,626.798043218,2100.0,435.0,0.0464062,0.1,511.8,173.036874683,1011.0,371.0
1114.76470588,623.927741802,2100.0,371.0,0.0508392,0.1,1448.1,546.918540552,2100.0,435.0
1574.25,670.226345473,2100.0,435.0,0.0429316,0.1,1757.3,607.644805787,2100.0,371.0
1544.91666667,722.086035771,2100.0,435.0,0.0423775,0.1,1036.75,616.754965525,2100.0,371.0
1656.91666667,640.514566362,2100.0,435.0,0.0521384,0.1,1491.45,683.583679954,2100.0,371.0
2057.11111111,120.954945188,2100.0,1715.0,0.0482732,0.1,1927.0,433.609040496,2100.0,531.0
1239.6,672.666712917,2100.0,435.0,0.042688,0.1,1968.6,356.329959448,2100.0,595.0
1067.64705882,638.450140038,2100.0,371.0,0.0499881,0.1,1344.15,683.974434829,2100.0,371.0
1422.71428571,607.217709672,2100.0,403.0,0.0477334,0.1,1051.15,604.871662008,2100.0,371.0
1031.47368421,713.008479201,2100.0,371.0,0.0398865,0.1,502.2,198.528990326,1299.0,371.0
1288.73333333,700.930854095,2100.0,371.0,0.0360727,0.1,812.65,506.455652057,2100.0,371.0
1516.07692308,633.638997141,2100.0,435.0,0.0400517,0.1,1451.45,717.155107003,2100.0,371.0
1447.15384615,662.064236502,2100.0,403.0,0.0390536,0.1,1438.65,717.548554106,2100.0,371.0
1413.64285714,703.07097865,2100.0,435.0,0.0409065,0.1,1478.6,658.784517122,2100.0,371.0
1418.21428571,616.215891965,2100.0,371.0,0.0389339,0.1,1401.9,728.196189224,2100.0,371.0
1100.11111111,634.057733867,2100.0,435.0,0.0377601,0.1,977.5,567.372408564,2100.0,371.0
945.619047619,584.141981778,2100.0,371.0,0.0376544,0.1,935.9,550.413744378,2100.0,371.0
1034.73684211,622.494205604,2100.0,371.0,0.0392651,0.1,479.8,135.538038941,851.0,371.0
1107.22222222,593.308010279,2100.0,435.0,0.0416166,0.1,897.5,515.569830382,2100.0,371.0
910.35,558.833899741,2100.0,371.0,0.0363778,0.1,983.95,613.578069605,2100.0,371.0
989.263157895,645.058368808,2100.0,371.0,0.0434483,0.1,1757.3,553.774150715,2100.0,435.0
1258.8,682.490556711,2100.0,403.0,0.0473067,0.1,1345.75,633.052594576,2100.0,499.0
1454.53846154,657.43951057,2100.0,499.0,0.044478,0.1,1494.65,645.593004531,2100.0,403.0
1233.13333333,644.766403867,2100.0,371.0,0.0453364,0.1,1315.4,711.568577159,2100.0,371.0
1318.53333333,708.409379447,2100.0,403.0,0.0465289,0.1,2021.55,341.955622121,2100.0,531.0
1523.5,614.613360848,2100.0,531.0,0.0424458,0.1,1597.15,637.394640313,2100.0,435.0
1645.81818182,607.758297977,2100.0,659.0,0.0457586,0.1,1280.05,634.327003603,2100.0,371.0
1412.61538462,627.944331004,2100.0,531.0,0.0556882,0.1,804.65,420.862599312,2100.0,371.0
1171.11764706,618.150646245,2100.0,371.0,0.0472376,0.1,2100.0,0.0,2100.0,2100.0
1656.91666667,617.312651516,2100.0,563.0,0.0418278,0.1,1613.15,641.185096131,2100.0,467.0
1712.63636364,529.821285946,2100.0,595.0,0.0372981,0.1,1225.7,681.022914446,2100.0,371.0
1592.83333333,598.066723331,2100.0,435.0,0.0418286,0.1,1262.55,750.534574487,2100.0,371.0
1405.30769231,687.178443359,2100.0,435.0,0.0373545,0.1,1323.35,672.090044191,2100.0,371.0
1294.78571429,622.008518381,2100.0,595.0,0.0495816,0.1,1939.85,409.006757279,2100.0,531.0
1614.25,658.42186641,2100.0,371.0,0.0518675,0.1,1227.2,643.453308329,2100.0,371.0
1798.8,456.594962741,2100.0,787.0,0.0411498,0.1,1446.6,625.475371218,2100.0,403.0
1217.25,721.723761213,2100.0,371.0,0.0469423,0.1,1286.5,576.458888387,2100.0,371.0
1126.05882353,689.114220071,2100.0,371.0,0.0436932,0.1,1646.75,588.151075405,2100.0,499.0
1568.83333333,648.157238296,2100.0,371.0,0.041519,0.1,1810.15,511.771851023,2100.0,563.0
1923.8,517.693500056,2100.0,371.0,0.0502105,0.1,902.25,532.352409124,2100.0,371.0
1417.53846154,628.288593095,2100.0,371.0,0.0453037,0.1,1872.6,470.351187944,2100.0,627.0
1252.4,699.135065635,2100.0,371.0,0.0429432,0.1,1478.55,630.704167974,2100.0,435.0
1413.71428571,693.293529731,2100.0,499.0,0.047606,0.1,1302.5,613.997434848,2100.0,435.0
1624.83333333,604.850233988,2100.0,435.0,0.0386959,0.1,1323.3,649.64129333,2100.0,371.0
1616.83333333,619.716982895,2100.0,563.0,0.0410938,0.1,1222.45,682.484540118,2100.0,371.0
1397.64285714,669.261598132,2100.0,531.0,0.0389606,0.1,1313.7,581.403998954,2100.0,403.0
1479.23076923,707.658234966,2100.0,371.0,0.0384988,0.1,1928.65,493.37301051,2100.0,435.0
1157.94117647,602.965950711,2100.0,371.0,0.0426939,0.1,1249.7,660.197705237,2100.0,435.0
1282.2,668.900510789,2100.0,435.0,0.0420262,0.1,1033.55,608.355527221,2100.0,371.0
1331.4,682.283401528,2100.0,371.0,0.0409162,0.1,798.2,391.823633795,1971.0,371.0
772.92,391.403824202,1491.0,371.0,0.038671,0.1,793.45,470.723748604,2100.0,371.0
1100.11111111,569.190349814,2100.0,371.0,0.0332918,0.1,790.2,462.386158962,1875.0,371.0
1264.93333333,538.295639547,2100.0,371.0,0.0345641,0.1,1494.6,654.447125443,2100.0,435.0
1393.14285714,666.382436008,2100.0,435.0,0.035034,0.1,1225.65,607.862507069,2100.0,435.0
1474.15384615,637.1221168,2100.0,435.0,0.0404224,0.1,838.25,481.345497019,2100.0,371.0
1657.36363636,574.44807863,2100.0,595.0,0.0379412,0.1,1009.55,564.477499552,2100.0,371.0
1044.94444444,536.583375754,2100.0,435.0,0.0384595,0.1,759.8,552.616467362,2035.0,371.0
1103.47058824,676.758373568,2100.0,403.0,0.0367129,0.1,1240.1,674.229552897,2100.0,371.0
1536.66666667,632.443058482,2100.0,371.0,0.0429182,0.1,1795.65,479.184544304,2100.0,755.0
1657.18181818,506.983919089,2100.0,499.0,0.0463922,0.1,1669.25,636.706830103,2100.0,371.0
1381.78571429,734.370593343,2100.0,371.0,0.046696,0.1,1552.35,671.983279182,2100.0,435.0
1082.70588235,598.816947843,2100.0,371.0,0.0500268,0.1,1646.7,556.809132468,2100.0,371.0
1409.0,646.188605815,2100.0,435.0,0.0484743,0.1,1470.65,650.930969842,2100.0,435.0
1516.07692308,652.260856446,2100.0,435.0,0.0448271,0.1,1452.95,589.184306902,2100.0,435.0
1632.91666667,587.971861335,2100.0,595.0,0.0428762,0.1,1886.95,463.546704767,2100.0,595.0
1491.53846154,713.795663002,2100.0,371.0,0.041375,0.1,1496.2,643.589123587,2100.0,435.0
1384.0,691.716291966,2100.0,371.0,0.0397135,0.1,1749.25,585.427354588,2100.0,371.0
1968.5,222.324200212,2100.0,1523.0,0.0437844,0.1,1995.9,312.340983542,2100.0,1043.0
