train_mean,train_st_dev,train_max,train_min,train_loss,train_epsilon,test_mean,test_st_dev,test_max,test_min
428.043478261,70.9019397913,691.0,371.0,5.59034945694,1.0,406.2,58.0427428711,563.0,371.0
417.29787234,78.8847570136,691.0,371.0,57.5017,1.0,380.6,20.4899975598,435.0,371.0
409.0,41.1339276024,531.0,371.0,317.668,0.91,380.6,22.8525709713,435.0,371.0
409.666666667,55.0232274186,627.0,371.0,845.693,0.82,406.2,46.2618633434,531.0,371.0
407.666666667,46.1832100323,531.0,371.0,861.297,0.730000000001,391.8,27.2939553748,435.0,371.0
399.081632653,30.0691968868,435.0,371.0,81.7917,0.640000000001,387.0,29.5025422633,467.0,371.0
424.565217391,90.2767850591,755.0,371.0,0.341139,0.550000000001,420.6,61.9470741843,595.0,371.0
461.046511628,106.077188545,851.0,371.0,0.0723084,0.460000000001,468.6,124.131543131,851.0,371.0
499.0,181.30195807,1107.0,371.0,0.0449666,0.370000000001,993.65,677.756318672,2100.0,371.0
484.951219512,112.871597935,787.0,371.0,0.0356134,0.280000000001,497.4,161.42564852,915.0,371.0
547.888888889,186.359535692,1267.0,371.0,0.0281741,0.190000000001,643.05,390.599599974,2100.0,371.0
573.352941176,217.55024874,1171.0,371.0,0.024445,0.100000000001,854.3,580.809443794,2100.0,371.0
681.068965517,427.355132222,1907.0,371.0,0.0236671,0.1,729.4,368.431051894,1971.0,371.0
700.142857143,343.78541005,1491.0,371.0,0.0321387,0.1,515.0,167.044904143,1075.0,371.0
971.15,587.80619893,2100.0,371.0,0.0330953,0.1,1345.8,710.757736504,2100.0,371.0
1299.33333333,623.784756324,2100.0,531.0,0.0314722,0.1,1629.2,652.016380162,2100.0,531.0
998.777777778,655.235458574,2100.0,371.0,0.0312461,0.1,934.35,536.018029081,2100.0,435.0
835.782608696,500.687002508,2100.0,371.0,0.0349364,0.1,676.6,341.887466866,1587.0,371.0
947.142857143,603.643641778,2100.0,371.0,0.0359668,0.1,750.2,371.981935045,1683.0,371.0
1094.0,578.296585825,2100.0,371.0,0.0305848,0.1,1166.45,682.570690478,2100.0,371.0
974.105263158,576.052436825,2100.0,371.0,0.0327241,0.1,900.7,540.015194231,2100.0,371.0
891.818181818,532.021328722,2100.0,371.0,0.0352934,0.1,1534.65,635.443095407,2100.0,435.0
975.736842105,518.91017802,2100.0,435.0,0.0329672,0.1,1475.4,657.004292223,2100.0,435.0
933.333333333,413.791681351,2100.0,371.0,0.0304103,0.1,883.15,592.264913278,2100.0,371.0
1017.89473684,600.260811274,2100.0,371.0,0.0298181,0.1,1248.15,733.855726625,2100.0,371.0
1044.78947368,590.282232134,2100.0,435.0,0.0297679,0.1,798.3,546.611754356,2100.0,435.0
900.590909091,569.354791057,2100.0,371.0,0.0321348,0.1,699.0,396.835482285,1875.0,371.0
896.181818182,548.431949567,2100.0,371.0,0.0313348,0.1,1001.55,523.01323836,2100.0,371.0
896.181818182,563.584117813,2100.0,371.0,0.0305447,0.1,828.65,483.966659492,2100.0,371.0
1239.1875,573.929135298,2100.0,371.0,0.0294349,0.1,1176.0,613.439483568,2100.0,371.0
1043.16666667,587.06362044,2100.0,371.0,0.0297075,0.1,1337.8,715.509720409,2100.0,371.0
1194.73333333,727.745144646,2100.0,371.0,0.0362676,0.1,1621.15,589.757176726,2100.0,531.0
995.15,585.585627812,2100.0,371.0,0.0472854,0.1,1457.8,663.989578231,2100.0,435.0
1322.66666667,674.863014907,2100.0,371.0,0.045387,0.1,1357.1,768.056827325,2100.0,371.0
1576.91666667,700.830157543,2100.0,435.0,0.0326313,0.1,1824.45,465.805697153,2100.0,691.0
1756.45454545,594.886140922,2100.0,371.0,0.0367026,0.1,1851.65,426.576402887,2100.0,531.0
1526.16666667,615.645844261,2100.0,595.0,0.0370012,0.1,1653.2,572.765012898,2100.0,659.0
1372.5,667.739336439,2100.0,371.0,0.0410445,0.1,1577.95,625.32827179,2100.0,435.0
1284.46666667,698.806875244,2100.0,435.0,0.0366557,0.1,1225.7,688.276841104,2100.0,371.0
1324.57142857,735.872826191,2100.0,371.0,0.0330139,0.1,1273.7,650.430173039,2100.0,371.0
964.0,556.071180601,2100.0,371.0,0.0342297,0.1,1041.6,664.152873968,2100.0,371.0
1163.76470588,674.558638223,2100.0,371.0,0.039849,0.1,1430.65,715.526049491,2100.0,371.0
1097.82352941,636.00427628,2100.0,371.0,0.0389509,0.1,1395.45,655.819676054,2100.0,531.0
1456.92307692,558.729115808,2100.0,723.0,0.0382779,0.1,1288.1,664.724822765,2100.0,371.0
1520.75,608.040037744,2100.0,371.0,0.0417871,0.1,1120.05,701.390296126,2100.0,435.0
1631.27272727,700.61675309,2100.0,467.0,0.0575702,0.1,1673.9,577.797966421,2100.0,435.0
1425.0,711.945654797,2100.0,371.0,0.05919,0.1,1472.2,576.826282342,2100.0,435.0
1510.08333333,632.39985483,2100.0,563.0,0.0579897,0.1,1225.7,678.16001799,2100.0,371.0
1416.0,682.541887778,2100.0,435.0,0.0596168,0.1,1952.7,442.015848132,2100.0,595.0
1595.58333333,638.474413261,2100.0,435.0,0.0607497,0.1,1641.9,575.339282511,2100.0,531.0
1659.66666667,637.9385202,2100.0,531.0,0.0360212,0.1,1102.4,616.377676429,2100.0,371.0
1600.91666667,633.010987047,2100.0,563.0,0.0360869,0.1,1808.55,572.269471054,2100.0,403.0
1245.375,747.794580333,2100.0,371.0,0.0374386,0.1,1348.95,693.935838172,2100.0,435.0
1501.30769231,693.503966448,2100.0,435.0,0.0373511,0.1,1126.4,595.079692142,2100.0,371.0
1286.6,727.328793142,2100.0,371.0,0.0392328,0.1,1456.2,624.691091661,2100.0,435.0
1923.5,385.360415715,2100.0,787.0,0.03986,0.1,1408.1,549.473830132,2100.0,499.0
1638.33333333,666.781490112,2100.0,371.0,0.0372791,0.1,1696.4,563.520576377,2100.0,371.0
1062.72222222,588.813194821,2100.0,371.0,0.0367923,0.1,1453.1,721.095340437,2100.0,467.0
1303.53333333,600.370537437,2100.0,435.0,0.0365921,0.1,1491.5,692.409308141,2100.0,371.0
1666.18181818,583.120105854,2100.0,787.0,0.0393349,0.1,1813.3,509.432831686,2100.0,659.0
2100.0,0.0,2100.0,2100.0,0.0545522,0.1,2047.1,159.424245333,2100.0,1523.0
1638.33333333,673.023195902,2100.0,403.0,0.0603158,0.1,1680.45,625.86176389,2100.0,435.0
1695.27272727,605.012861007,2100.0,531.0,0.0436428,0.1,956.7,550.951549594,2100.0,371.0
1156.29411765,727.947377276,2100.0,371.0,0.0416063,0.1,1526.55,564.037363567,2100.0,595.0
1563.41666667,653.686145171,2100.0,531.0,0.0401427,0.1,948.75,563.767582874,2100.0,371.0
1444.69230769,697.305626031,2100.0,435.0,0.0382769,0.1,1448.25,675.419934189,2100.0,371.0
1646.25,598.085295617,2100.0,691.0,0.0420319,0.1,1461.1,678.348059627,2100.0,435.0
1498.84615385,686.745148806,2100.0,435.0,0.0374735,0.1,1557.05,612.21650378,2100.0,531.0
1349.71428571,711.760737143,2100.0,403.0,0.0377936,0.1,1658.0,624.022755995,2100.0,403.0
1637.0,597.431624083,2100.0,531.0,0.0366279,0.1,1834.05,495.894088995,2100.0,371.0
1785.54545455,619.19248933,2100.0,371.0,0.0567025,0.1,1182.45,700.920785467,2100.0,371.0
1297.26666667,688.227526977,2100.0,371.0,0.0684025,0.1,1760.45,487.168705378,2100.0,755.0
1571.41666667,572.594309311,2100.0,435.0,0.0400631,0.1,1819.75,513.79469392,2100.0,595.0
1331.42857143,692.001828475,2100.0,371.0,0.0400548,0.1,1587.5,630.245864723,2100.0,531.0
1105.27777778,540.058207311,2100.0,371.0,0.0445728,0.1,1294.6,683.450246909,2100.0,371.0
1313.07142857,640.634558664,2100.0,435.0,0.0455725,0.1,1518.75,657.248877899,2100.0,371.0
1657.0,641.237865382,2100.0,467.0,0.0401701,0.1,822.25,446.06982357,2100.0,371.0
1250.13333333,589.744788494,2100.0,435.0,0.043112,0.1,1392.3,746.965869368,2100.0,371.0
1427.38461538,636.331981384,2100.0,371.0,0.0475754,0.1,1925.35,379.308881388,2100.0,723.0
1018.27777778,567.615363267,2100.0,371.0,0.046767,0.1,1188.85,679.193659791,2100.0,371.0
1019.63157895,604.404727639,2100.0,371.0,0.051699,0.1,900.7,551.368125666,2100.0,371.0
1316.26666667,622.059104016,2100.0,371.0,0.0484602,0.1,1452.95,638.319471346,2100.0,435.0
1397.84615385,633.67813307,2100.0,531.0,0.0406804,0.1,955.05,452.773726601,2100.0,371.0
1544.91666667,670.10863029,2100.0,435.0,0.0475294,0.1,1192.1,690.532468462,2100.0,371.0
992.631578947,578.386522603,2100.0,371.0,0.0604717,0.1,1640.45,666.960679126,2100.0,499.0
1305.73333333,673.783196255,2100.0,435.0,0.0468943,0.1,785.5,506.777515287,2100.0,371.0
1098.33333333,668.070355576,2100.0,371.0,0.0513331,0.1,446.2,77.9086644732,659.0,371.0
848.227272727,556.232532459,2100.0,435.0,0.148084,0.1,1017.55,610.837169383,2100.0,371.0
919.714285714,514.635344118,2100.0,435.0,0.0511051,0.1,926.3,534.080527636,2100.0,371.0
1363.35714286,633.867224396,2100.0,371.0,0.0489939,0.1,1493.05,643.09707471,2100.0,371.0
1284.46666667,691.243793623,2100.0,435.0,0.0381429,0.1,947.05,482.884714502,2100.0,371.0
890.363636364,514.746587737,2100.0,371.0,0.0410264,0.1,1417.75,652.106423446,2100.0,435.0
1092.94444444,612.211970574,2100.0,371.0,0.0405758,0.1,1619.55,598.593223734,2100.0,595.0
1523.38461538,603.620045859,2100.0,371.0,0.0422741,0.1,1112.05,640.1677495,2100.0,371.0
1041.52631579,624.62429705,2100.0,435.0,0.0399152,0.1,756.6,437.180786403,1875.0,371.0
1171.23529412,678.434315986,2100.0,371.0,0.0368111,0.1,1188.9,657.349747091,2100.0,371.0
1664.91666667,632.277557503,2100.0,595.0,0.0373876,0.1,1007.85,564.141584622,2100.0,403.0
1417.46153846,587.917657158,2100.0,435.0,0.0377292,0.1,1512.3,678.370702492,2100.0,371.0
1271.46666667,665.03492306,2100.0,371.0,0.0405666,0.1,1438.75,758.499629202,2100.0,371.0
1069.94444444,677.839416596,2100.0,435.0,0.0428613,0.1,1502.6,609.844767133,2100.0,531.0
1390.71428571,578.23394037,2100.0,499.0,0.0380199,0.1,1075.15,574.487012473,2100.0,371.0
1048.26315789,609.405132041,2100.0,435.0,0.0387509,0.1,1374.5,641.639813291,2100.0,371.0
1525.84615385,613.771925337,2100.0,595.0,0.0403495,0.1,1230.45,657.249075694,2100.0,435.0
1324.93333333,650.157567227,2100.0,435.0,0.0423631,0.1,1308.95,640.520216309,2100.0,371.0
1100.11111111,659.99519265,2100.0,371.0,0.0402569,0.1,595.0,229.42013861,1363.0,371.0
1007.73684211,605.648833645,2100.0,371.0,0.0371714,0.1,852.65,545.193293704,2100.0,371.0
832.333333333,384.878624446,1907.0,403.0,0.0320181,0.1,748.65,411.784078735,2100.0,435.0
1252.4,746.087733894,2100.0,371.0,0.0351668,0.1,1094.35,626.444033813,2100.0,371.0
941.095238095,631.574593473,2100.0,371.0,0.0463717,0.1,1011.1,636.399945003,2100.0,371.0
915.095238095,498.616839702,2100.0,371.0,0.0438611,0.1,1377.8,727.401237282,2100.0,435.0
1048.26315789,609.758782514,2100.0,371.0,0.0370635,0.1,1016.0,647.674609661,2100.0,371.0
923.05,464.057806205,2100.0,371.0,0.0386768,0.1,807.95,577.691654345,2100.0,371.0
867.782608696,518.590225811,2100.0,371.0,0.0397222,0.1,966.35,653.74989675,2100.0,371.0
1100.05555556,596.903069762,2100.0,371.0,0.0379055,0.1,1579.6,671.464250724,2100.0,371.0
1504.66666667,534.949426478,2100.0,659.0,0.0340595,0.1,1124.85,651.357987208,2100.0,371.0
1657.18181818,507.167502935,2100.0,467.0,0.0385284,0.1,1688.4,581.493456541,2100.0,563.0
1143.25,632.517341659,2100.0,435.0,0.0462215,0.1,1144.05,694.550464329,2100.0,435.0
1324.5,677.308407279,2100.0,403.0,0.0534298,0.1,1246.55,699.850089305,2100.0,371.0
1247.3125,692.546543449,2100.0,435.0,0.044207,0.1,1339.4,739.249511329,2100.0,371.0
1124.05882353,555.127486215,2100.0,435.0,0.037562,0.1,942.2,392.215450996,1843.0,371.0
941.0,588.468795952,2100.0,371.0,0.0435788,0.1,551.8,198.367739313,1075.0,371.0
1258.73333333,674.762720435,2100.0,371.0,0.0490392,0.1,1427.35,661.60307398,2100.0,371.0
1120.35294118,619.816096177,2100.0,371.0,0.0399561,0.1,742.2,417.278036805,2099.0,371.0
1201.375,712.470163849,2100.0,435.0,0.0381525,0.1,935.95,572.315688672,2100.0,371.0
1085.94444444,650.3124439,2100.0,371.0,0.0423941,0.1,732.7,492.609794868,2100.0,371.0
1643.58333333,571.873158771,2100.0,563.0,0.0370184,0.1,1696.45,613.993279686,2100.0,371.0
1409.07142857,604.511664107,2100.0,499.0,0.0365521,0.1,1291.35,665.907671904,2100.0,435.0
1185.375,719.139579202,2100.0,435.0,0.0384864,0.1,1072.05,686.317381027,2100.0,371.0
1165.125,622.052738419,2100.0,467.0,0.0394172,0.1,1353.65,568.911265049,2100.0,371.0
1385.61538462,720.64997782,2100.0,371.0,0.0444491,0.1,1507.4,640.170164878,2100.0,371.0
1329.07142857,716.382226816,2100.0,371.0,0.0557746,0.1,1403.45,699.622360635,2100.0,371.0
1275.93333333,702.378100139,2100.0,435.0,0.0562058,0.1,919.9,485.470586133,2100.0,371.0
1048.31578947,664.815451451,2100.0,371.0,0.0410915,0.1,1243.35,736.39841628,2100.0,371.0
1153.25,668.913437972,2100.0,371.0,0.038273,0.1,569.4,205.299391134,1075.0,371.0
1630.08333333,589.707478096,2100.0,435.0,0.0412075,0.1,1385.75,703.562070822,2100.0,371.0
1821.4,560.909119198,2100.0,563.0,0.0417142,0.1,1750.9,597.609814176,2100.0,371.0
1788.27272727,442.336377743,2100.0,787.0,0.0490615,0.1,1225.7,633.908676388,2100.0,371.0
555.470588235,334.725544755,1939.0,371.0,0.924661,0.1,1116.75,654.318185213,2100.0,371.0
809.75,523.780985559,2100.0,371.0,0.0644295,0.1,617.4,242.250779153,1203.0,371.0
1249.375,737.212136617,2100.0,371.0,0.0485331,0.1,1144.05,631.863551331,2100.0,403.0
1071.72222222,697.987090421,2100.0,371.0,0.0476037,0.1,1129.6,666.406362515,2100.0,371.0
808.333333333,422.681387756,1939.0,371.0,0.040435,0.1,556.6,348.726597781,1907.0,371.0
845.318181818,598.456073148,2100.0,371.0,0.0504909,0.1,919.9,547.525424067,2100.0,371.0
897.636363636,542.72147096,2100.0,371.0,0.0381958,0.1,718.25,504.406074012,2100.0,371.0
901.954545455,564.724267173,2100.0,371.0,0.0415863,0.1,1217.65,694.170027803,2100.0,371.0
983.85,523.898203375,2100.0,371.0,0.0341336,0.1,599.8,207.451584713,1171.0,371.0
762.72,448.966771154,2100.0,371.0,0.0328738,0.1,809.45,505.798425759,2100.0,371.0
1034.78947368,644.28055175,2100.0,371.0,0.0373206,0.1,982.4,649.865093693,2100.0,371.0
906.0,587.702467645,2100.0,403.0,0.0402558,0.1,1091.15,637.069641013,2100.0,371.0
798.56,539.740536184,2100.0,371.0,0.0375309,0.1,577.4,220.655024869,1139.0,371.0
641.451612903,302.689326379,1555.0,371.0,0.0346508,0.1,596.6,311.153724066,1555.0,371.0
701.666666667,464.949220644,1843.0,371.0,0.0297891,0.1,849.45,513.068462781,2100.0,371.0
788.36,468.997388479,2100.0,371.0,0.0360862,0.1,502.2,152.764393757,851.0,371.0
942.619047619,638.459490917,2100.0,371.0,0.0339318,0.1,694.25,379.476333254,2100.0,371.0
683.035714286,439.595307571,2100.0,371.0,0.0330521,0.1,1156.85,675.350003702,2100.0,371.0
1024.63157895,573.417842555,2100.0,371.0,0.0359475,0.1,1515.45,739.193782103,2100.0,371.0
1324.86666667,607.96928285,2100.0,435.0,0.0397386,0.1,1323.35,686.187895186,2100.0,371.0
1139.11764706,550.316367016,2100.0,371.0,0.0385793,0.1,1395.3,612.123035018,2100.0,371.0
1016.21052632,577.722532103,2100.0,371.0,0.0371388,0.1,708.6,325.15448636,1683.0,371.0
1034.78947368,634.842506698,2100.0,371.0,0.0410164,0.1,1043.15,631.470765357,2100.0,435.0
1233.375,730.023105371,2100.0,371.0,0.0391586,0.1,1369.75,667.151247844,2100.0,371.0
1619.66666667,686.914033114,2100.0,371.0,0.0390865,0.1,1180.9,639.718602199,2100.0,531.0
1590.08333333,538.314879715,2100.0,531.0,0.0459839,0.1,1680.45,591.97613761,2100.0,563.0
1712.63636364,569.780224413,2100.0,371.0,0.0408521,0.1,1459.4,652.125325378,2100.0,371.0
1479.07692308,595.309675268,2100.0,435.0,0.0401624,0.1,1754.1,542.050818651,2100.0,691.0
1303.46666667,661.216239634,2100.0,371.0,0.0401254,0.1,1515.45,613.867288182,2100.0,435.0
1303.66666667,710.518277191,2100.0,435.0,0.0369074,0.1,1309.0,689.915647018,2100.0,403.0
1614.16666667,574.320298749,2100.0,531.0,0.039476,0.1,1180.75,616.595400161,2100.0,435.0
1400.0,724.073003423,2100.0,371.0,0.0389615,0.1,1288.05,595.770717223,2100.0,371.0
1402.69230769,567.857157637,2100.0,595.0,0.0369967,0.1,1606.65,545.666498422,2100.0,563.0
1603.5,684.756100131,2100.0,403.0,0.0482913,0.1,1553.9,634.440296639,2100.0,371.0
1303.46666667,592.728815639,2100.0,531.0,0.0483061,0.1,1420.85,595.485035496,2100.0,435.0
1135.41176471,680.922908207,2100.0,371.0,0.0411726,0.1,959.9,583.122705783,2100.0,371.0
1474.23076923,673.496405546,2100.0,435.0,0.0381061,0.1,1291.35,668.440145039,2100.0,371.0
1326.78571429,681.471326152,2100.0,435.0,0.0430342,0.1,1273.75,708.873745811,2100.0,371.0
1641.0,657.094107923,2100.0,435.0,0.0470413,0.1,1715.65,601.129792557,2100.0,371.0
1374.85714286,726.986230676,2100.0,371.0,0.0442628,0.1,1521.85,614.246145694,2100.0,371.0
1201.3125,670.74694546,2100.0,371.0,0.0386883,0.1,1059.25,636.516918471,2100.0,371.0
1051.63157895,637.80133935,2100.0,371.0,0.0385213,0.1,1073.6,625.391909126,2100.0,435.0
1513.61538462,597.455957625,2100.0,531.0,0.0364474,0.1,995.15,575.264919407,2100.0,403.0
971.15,597.910467796,2100.0,371.0,0.036374,0.1,942.25,573.720391393,2100.0,371.0
992.05,664.245397048,2100.0,371.0,0.0419197,0.1,751.85,415.903507439,2100.0,371.0
893.318181818,555.08872234,2100.0,371.0,0.0396078,0.1,1105.55,641.149941511,2100.0,371.0
1150.52941176,597.32030206,2100.0,435.0,0.0374511,0.1,1201.6,595.662857664,2100.0,371.0
1089.38888889,594.103819854,2100.0,371.0,0.0363883,0.1,1653.1,587.514842366,2100.0,371.0
1214.0,659.126593809,2100.0,403.0,0.0334769,0.1,705.4,301.288964285,1459.0,371.0
845.565217391,558.204405921,2100.0,371.0,0.0362805,0.1,1374.6,696.978794512,2100.0,371.0
1325.0,686.098632365,2100.0,371.0,0.0394557,0.1,1177.65,619.437831828,2100.0,435.0
1207.3125,655.046345569,2100.0,371.0,0.0408832,0.1,862.3,601.284300477,2100.0,371.0
1207.46666667,604.281156049,2100.0,371.0,0.0377645,0.1,1190.4,729.568530023,2100.0,371.0
1420.5,599.458177976,2100.0,499.0,0.05027,0.1,1331.3,644.980782659,2100.0,371.0
1397.71428571,718.965867317,2100.0,371.0,0.0478165,0.1,1819.8,589.638669017,2100.0,371.0
1211.86666667,705.046652515,2100.0,435.0,0.0417764,0.1,979.2,603.976290925,2100.0,371.0
681.103448276,379.699004642,2100.0,371.0,0.0499232,0.1,700.6,368.361561513,1875.0,371.0
788.36,451.646045483,2100.0,371.0,0.0395935,0.1,679.8,414.183727348,2099.0,371.0
950.142857143,520.795845726,2100.0,435.0,0.0342245,0.1,1091.2,583.194101479,2100.0,371.0
1094.05882353,650.454544289,2100.0,371.0,0.0408036,0.1,620.6,291.639229186,1619.0,371.0
925.714285714,449.898522194,2100.0,371.0,0.0429291,0.1,799.8,360.678471772,1683.0,371.0
955.1,543.633782983,2100.0,371.0,0.0429682,0.1,801.4,439.516825616,1715.0,371.0
950.238095238,661.092019008,2100.0,371.0,0.0395563,0.1,1104.0,619.90773507,2100.0,371.0
