best,average,min,species,neurons,links
488.0,-581.3,-2044.0,1,38,105
724.0,-284.27,-2062.0,1,38,105
806.0,-64.6,-1162.0,1,38,105
856.0,234.13,-1231.0,1,38,105
688.0,339.38,-712.0,1,38,105
974.0,242.6,-712.0,1,38,105
688.0,394.24,-2026.0,2,38,105
806.0,372.83,-944.0,2,39,105
856.0,405.38,-712.0,4,38,104
756.0,266.64,-1362.0,3,39,105
756.0,424.34,-712.0,4,39,106
706.0,310.22,-1612.0,4,40,107
756.0,276.08,-1562.0,5,39,106
751.0,350.02,-712.0,5,40,107
751.0,390.92,-1849.0,6,40,107
824.0,362.58,-1094.0,6,40,107
724.0,385.98,-1094.0,5,39,106
706.0,442.73,-562.0,5,40,107
806.0,433.28,-462.0,5,38,104
688.0,392.6,-712.0,5,38,104
856.0,439.41,-712.0,6,39,106
806.0,296.89,-912.0,5,41,108
1308.0,434.26,-1581.0,6,41,108
924.0,417.14,-1081.0,5,40,107
756.0,407.32,-812.0,5,39,107
819.0,435.85,-862.0,5,40,107
806.0,473.41,-1362.0,5,41,108
937.0,459.29,-712.0,5,40,108
808.0,449.39,-612.0,5,41,108
688.0,418.2,-1094.0,5,41,108
806.0,484.27,-462.0,5,39,107
856.0,517.13,-549.0,5,41,108
924.0,440.07,-462.0,6,39,107
974.0,455.41,-712.0,6,39,107
1108.0,476.95,-1062.0,7,41,108
756.0,434.78,-752.0,9,39,107
756.0,418.85,-944.0,9,40,107
974.0,397.97,-862.0,9,38,104
892.0,508.41,-676.0,7,40,110
856.0,437.21,-831.0,9,40,109
856.0,505.57,-712.0,9,41,108
751.0,432.2,-362.0,7,40,108
987.0,415.63,-612.0,7,40,109
756.0,394.27,-712.0,7,41,108
1070.0,478.96,-944.0,8,40,109
1192.0,444.47,-1662.0,7,40,109
806.0,349.06,-1697.0,9,41,108
974.0,478.89,-960.0,9,41,108
737.0,520.27,-403.0,9,40,109
756.0,518.93,-549.0,8,41,108
774.0,418.16,-712.0,9,41,108
974.0,454.69,-689.0,9,40,107
1024.0,515.12,-662.0,9,41,108
756.0,457.72,-747.0,9,42,110
1171.0,505.15,-712.0,9,40,111
997.0,433.68,-581.0,9,40,111
1203.0,432.67,-712.0,9,40,111
974.0,436.73,-712.0,8,40,109
974.0,465.25,-712.0,8,41,112
990.0,512.57,-549.0,8,42,113
856.0,476.33,-1499.0,8,41,108
1102.0,505.34,-763.0,8,41,112
1037.0,521.54,-1921.0,7,41,112
856.0,486.88,-512.0,7,42,111
856.0,446.2,-1294.0,7,42,111
688.0,399.24,-979.0,7,41,108
924.0,484.87,-331.0,7,41,110
806.0,412.75,-1612.0,7,42,110
874.0,419.52,-944.0,7,41,110
806.0,361.7,-712.0,7,42,110
1024.0,448.91,-562.0,8,41,110
806.0,423.05,-1444.0,8,41,108
856.0,433.55,-1012.0,8,42,111
856.0,425.84,-612.0,8,41,108
774.0,487.54,-712.0,8,45,123
856.0,415.6,-1562.0,8,41,108
856.0,470.09,-712.0,7,41,108
1016.0,510.02,-712.0,7,42,111
1042.0,483.33,-649.0,7,42,111
806.0,479.01,-1012.0,7,41,108
806.0,484.74,-462.0,7,42,109
856.0,461.6,-462.0,7,41,108
824.0,482.9,-512.0,7,41,111
856.0,491.17,-386.0,7,41,108
974.0,511.97,-112.0,7,41,111
1193.0,495.38,-631.0,7,41,111
1121.0,531.41,-712.0,7,41,111
856.0,512.23,-412.0,7,41,108
824.0,475.04,-962.0,7,41,112
1037.0,538.66,-1176.0,6,41,112
1040.0,545.74,-462.0,6,41,112
1074.0,489.49,-562.0,6,42,111
1203.0,533.49,-731.0,6,41,112
1253.0,556.16,-494.0,6,41,112
1066.0,545.01,-570.0,6,41,112
1287.0,499.05,-344.0,6,41,112
1085.0,518.03,-512.0,6,42,111
1208.0,524.04,-712.0,6,41,112
1090.0,485.55,-312.0,6,42,111
984.0,493.23,-826.0,6,41,112
874.0,535.64,-412.0,6,41,112
1140.0,553.58,-212.0,6,41,112
1139.0,528.62,-462.0,6,41,112
1105.0,547.3,-552.0,6,41,112
974.0,548.48,-462.0,6,41,112
956.0,537.99,-386.0,6,46,125
1289.0,523.86,-590.0,5,41,111
924.0,510.42,-712.0,5,41,112
1253.0,511.21,-549.0,5,41,111
1421.0,503.94,-312.0,5,41,112
1374.0,525.67,-391.0,5,41,112
1387.0,530.19,-435.0,4,41,112
1074.0,556.82,-1236.0,4,41,112
829.0,449.12,-694.0,4,41,108
1092.0,531.81,-131.0,4,41,108
1174.0,572.68,-862.0,4,46,125
875.0,565.61,-312.0,4,41,111
1447.0,548.12,-312.0,4,41,111
1278.0,558.68,-112.0,4,41,112
1112.0,548.48,-362.0,4,41,112
1115.0,556.02,-562.0,4,41,112
1024.0,498.51,-594.0,4,41,109
1049.0,486.47,-712.0,4,41,112
1261.0,553.57,-981.0,4,41,113
1471.0,511.24,-712.0,4,41,113
1416.0,540.59,-712.0,4,41,113
1074.0,561.75,-351.0,4,41,109
1769.0,518.21,-331.0,4,41,113
1171.0,499.69,-414.0,4,41,113
1002.0,531.9,-494.0,4,41,113
924.0,497.78,-62.0,4,42,112
1411.0,470.49,-512.0,4,41,113
1512.0,461.31,-549.0,4,41,113
1064.0,466.14,-494.0,4,41,113
1035.0,444.07,-712.0,4,41,113
1133.0,456.01,-428.0,4,41,113
1056.0,454.71,-262.0,4,41,109
1211.0,404.69,-512.0,4,41,113
1230.0,401.45,-612.0,4,41,113
1140.0,424.51,-599.0,4,41,113
974.0,469.34,-591.0,4,46,126
1264.0,464.27,-731.0,4,41,113
1198.0,468.75,-499.0,4,41,114
1216.0,442.86,-749.0,4,41,109
1101.0,500.4,-312.0,4,41,114
943.0,415.89,-712.0,4,41,114
919.0,363.13,-749.0,4,41,109
921.0,443.51,-712.0,4,41,114
1242.0,506.29,-497.0,4,46,126
930.0,424.7,-712.0,4,44,115
1110.0,435.92,-1162.0,3,41,114
1488.0,457.89,-563.0,3,41,114
1097.0,479.66,-712.0,3,41,114
974.0,371.37,-562.0,3,46,126
952.0,454.7,-386.0,3,46,126
1698.0,503.86,-562.0,3,41,114
1035.0,507.53,-344.0,3,46,126
992.0,512.33,-612.0,3,46,126
1040.0,499.56,-712.0,3,41,114
1092.0,503.43,-512.0,3,41,114
1380.0,552.79,-412.0,3,41,114
1026.0,540.06,-354.0,3,41,114
1303.0,556.1,-457.0,2,41,114
966.0,492.98,-549.0,2,41,114
1221.0,561.08,-94.0,2,41,114
1023.0,523.99,-659.0,2,41,114
1498.0,520.42,-549.0,2,46,125
1245.0,537.09,-936.0,2,46,126
1408.0,517.83,-512.0,2,41,114
1192.0,465.61,-817.0,2,46,125
1083.0,548.73,-712.0,2,46,125
1523.0,530.05,-712.0,2,41,114
1453.0,491.73,-562.0,2,46,125
1148.0,577.93,-662.0,2,46,126
1209.0,547.9,-662.0,2,46,126
1264.0,582.14,-181.0,2,46,126
1249.0,526.78,-712.0,2,46,125
1138.0,577.98,-662.0,2,46,126
1168.0,567.75,-331.0,2,41,116
1235.0,581.1,-712.0,2,46,126
1566.0,617.49,-594.0,2,46,126
1210.0,578.42,-712.0,2,46,125
1235.0,560.05,-712.0,2,46,126
1821.0,564.25,-758.0,2,46,126
1471.0,667.24,-1058.0,2,41,116
1241.0,568.02,-430.0,2,41,116
1348.0,515.53,-562.0,2,46,125
1297.0,582.47,-549.0,2,46,126
1381.0,587.84,-418.0,2,41,116
1476.0,467.58,-466.0,2,46,126
1618.0,568.78,-562.0,2,46,126
1654.0,591.27,-412.0,2,46,126
1605.0,545.78,-526.0,2,46,126
1935.0,604.85,-962.0,2,46,126
1936.0,744.95,-444.0,2,46,126
1798.0,631.33,-494.0,2,46,126
2207.0,655.8,-755.0,3,47,127
1995.0,579.01,-462.0,3,46,126
1868.0,695.77,-1081.0,3,47,127
1492.0,585.63,-291.0,3,46,126
2125.0,675.78,-462.0,3,46,126
1697.0,668.04,-1603.0,3,46,126
2138.0,711.29,-112.0,3,46,126
2095.0,684.85,-418.0,3,46,126
2467.0,733.69,-662.0,3,46,126
2074.0,707.09,-299.0,3,46,126
2499.0,756.31,-794.0,3,46,126
2210.0,655.14,-673.0,3,46,126
2338.0,866.26,-367.0,3,46,126
2069.0,713.78,-886.0,3,46,126
1829.0,846.17,-244.0,3,46,127
2614.0,863.18,-613.0,3,46,127
1939.0,706.36,-562.0,3,46,127
1977.0,755.97,-649.0,3,47,127
2286.0,867.4,-517.0,3,47,127
2789.0,842.8,-131.0,3,47,127
2739.0,929.43,-249.0,4,47,127
2702.0,946.51,-1021.0,4,47,127
2724.0,1009.09,-131.0,4,47,127
2723.0,944.1,-386.0,4,47,127
2411.0,976.99,-262.0,4,47,127
2632.0,1014.64,-273.0,4,47,127
2599.0,1042.54,-562.0,4,47,127
2387.0,1050.68,-112.0,4,48,129
2676.0,1018.14,-962.0,4,47,127
3189.0,1143.87,-281.0,4,47,127
3055.0,1028.74,-444.0,4,48,130
2293.0,954.5,-589.0,4,47,127
2646.0,982.68,-399.0,4,48,130
2921.0,1086.58,-681.0,4,47,127
2419.0,1026.86,-494.0,4,47,127
2727.0,929.34,-412.0,4,47,127
2722.0,1071.9,-355.0,4,48,130
2385.0,990.18,-312.0,4,47,127
2732.0,948.2,-449.0,4,48,130
2571.0,903.32,-490.0,4,47,127
2681.0,1152.6,-449.0,3,47,127
2778.0,975.94,-499.0,3,48,130
2372.0,892.0,-1097.0,3,47,127
2583.0,992.39,-176.0,3,47,127
2496.0,888.45,-712.0,3,48,130
2904.0,868.37,-549.0,3,48,130
3051.0,1004.87,-549.0,3,48,130
2905.0,957.17,-520.0,3,48,130
2541.0,1019.64,-462.0,3,47,127
2906.0,901.15,-458.0,3,47,127
2795.0,1073.02,-794.0,3,48,129
2687.0,1074.8,-162.0,3,48,129
3482.0,1062.08,-662.0,3,47,127
3119.0,1130.93,-113.0,3,47,127
2605.0,1081.28,-842.0,3,48,129
2980.0,1078.4,-447.0,3,48,129
3130.0,1033.49,-289.0,3,48,129
2858.0,1064.48,-327.0,3,47,127
3505.0,1132.28,-1579.0,3,47,127
2441.0,979.3,-326.0,3,48,129
2823.0,1004.43,-452.0,3,48,129
2520.0,1099.09,-205.0,3,48,129
2585.0,987.5,-712.0,3,47,127
2119.0,908.9,-662.0,3,48,129
2456.0,947.44,-1218.0,3,48,129
2935.0,918.1,-386.0,3,47,127
2584.0,1032.15,-116.0,3,48,129
2399.0,952.14,-711.0,3,47,127
2414.0,825.78,-859.0,3,48,129
2341.0,895.96,-195.0,3,48,129
2361.0,829.68,-836.0,3,47,127
3358.0,1000.69,-184.0,3,47,127
2501.0,1019.54,-301.0,3,48,129
2114.0,814.46,-481.0,3,47,127
2453.0,925.69,-499.0,3,48,130
2709.0,968.58,-399.0,3,48,129
3346.0,848.92,-712.0,3,47,127
2737.0,945.0,-1686.0,3,48,129
2354.0,801.81,-979.0,3,48,130
2384.0,927.84,-866.0,3,47,127
2741.0,916.57,-1185.0,3,48,130
2500.0,965.53,-662.0,3,47,127
2851.0,961.53,-584.0,3,48,130
2336.0,926.15,-605.0,3,47,127
2306.0,853.29,-698.0,3,47,127
2382.0,971.67,-1584.0,3,48,130
2381.0,1002.64,-239.0,3,47,127
2412.0,935.59,-331.0,3,48,130
2510.0,836.24,-443.0,3,47,127
3384.0,1008.31,-731.0,3,48,131
2248.0,971.68,-396.0,3,47,127
2980.0,1144.58,-62.0,3,48,131
2357.0,1000.48,-240.0,3,48,131
2658.0,952.06,-386.0,3,48,131
2636.0,1023.89,129.0,3,48,131
2595.0,866.46,-549.0,3,48,131
2834.0,1013.73,-131.0,3,48,131
2982.0,926.53,-18.0,3,48,131
3834.0,1058.04,-199.0,3,48,131
2288.0,927.87,-464.0,3,48,132
2390.0,1022.05,-18.0,3,47,127
2633.0,980.52,-33.0,3,48,133
2576.0,956.38,-262.0,3,47,127
2822.0,989.36,-134.0,3,48,133
2774.0,1001.54,-899.0,3,48,133
2502.0,977.97,-794.0,3,47,127
2653.0,1018.63,-236.0,3,47,127
2167.0,993.52,-131.0,3,48,133
3067.0,926.59,-863.0,3,47,127
2725.0,947.87,-608.0,3,48,133
3137.0,1010.85,-264.0,3,48,133
2891.0,985.45,-142.0,3,48,133
2718.0,959.0,-281.0,3,47,127
2428.0,900.77,-526.0,3,48,133
2732.0,905.81,-415.0,3,48,133
2623.0,1026.46,-485.0,3,48,133
2565.0,841.4,-249.0,3,47,127
3057.0,1048.43,19.0,3,48,133
2969.0,933.59,-186.0,3,48,133
2766.0,935.65,-549.0,3,48,133
3550.0,1016.7,-95.0,3,48,133
3894.0,1114.0,-932.0,3,48,133
3251.0,996.9,-412.0,3,48,133
2192.0,1054.2,-712.0,3,47,127
2951.0,1041.5,-377.0,3,48,133
3417.0,1046.52,-732.0,3,48,133
2390.0,836.81,-318.0,3,48,133
2392.0,1007.68,-319.0,3,47,127
2505.0,955.26,-486.0,3,47,127
2604.0,963.54,-960.0,3,47,127
2569.0,970.6,-439.0,3,47,127
2707.0,985.97,-936.0,3,48,133
2985.0,906.07,-807.0,3,48,133
2640.0,974.76,-386.0,3,48,133
2110.0,911.63,-49.0,3,48,133
2815.0,1067.87,-1021.0,3,48,133
3026.0,1162.78,-637.0,3,48,133
2592.0,1073.21,-508.0,3,47,127
2392.0,1018.11,-120.0,3,48,133
2428.0,994.98,-549.0,3,48,133
2515.0,987.01,-637.0,3,48,133
3028.0,1160.26,-128.0,3,47,144
2648.0,993.71,-452.0,3,49,134
2480.0,983.64,-1231.0,3,47,144
2320.0,989.47,-481.0,3,49,134
3395.0,1007.17,-386.0,3,47,128
2542.0,978.29,-549.0,4,47,127
2377.0,788.29,-712.0,4,47,127
2619.0,1002.21,-499.0,4,47,127
2677.0,1119.03,-223.0,4,48,146
2275.0,969.1,-839.0,4,47,127
2559.0,1040.14,-699.0,3,48,146
2767.0,1082.16,-549.0,3,48,146
3503.0,1002.13,-649.0,3,48,146
2622.0,1050.32,-81.0,3,48,146
2575.0,1023.16,-331.0,3,49,134
2621.0,1072.96,-486.0,3,48,146
2694.0,993.4,-442.0,3,48,146
2467.0,1022.76,-225.0,3,48,146
2451.0,974.65,-1158.0,3,48,146
2249.0,948.43,-136.0,3,49,134
3136.0,1074.4,-258.0,3,50,157
2722.0,1059.43,-265.0,3,49,134
2795.0,896.32,-573.0,3,48,146
2439.0,1006.86,-1066.0,3,48,146
2649.0,1011.19,-201.0,3,49,134
2592.0,1019.15,-597.0,3,48,145
2869.0,986.68,-581.0,3,49,134
2686.0,1108.43,-368.0,3,50,157
2366.0,1003.48,-549.0,3,48,145
2305.0,948.54,-826.0,3,48,145
2872.0,1119.63,-386.0,3,48,145
2580.0,1042.84,-295.0,3,48,145
2423.0,1010.91,-273.0,3,48,145
2645.0,1115.23,-1110.0,3,48,145
2512.0,1113.06,-123.0,3,48,145
2597.0,1116.23,-299.0,3,48,145
2670.0,1208.18,88.0,3,48,145
2530.0,1253.64,-239.0,3,48,145
2461.0,1158.47,88.0,3,50,156
3249.0,980.61,-565.0,3,48,145
3392.0,1157.13,98.0,3,48,145
2605.0,981.7,-617.0,3,48,145
3232.0,1107.83,-1286.0,3,48,145
2475.0,1100.92,-512.0,3,49,146
2304.0,1131.42,-563.0,3,50,136
2467.0,1107.35,-712.0,3,49,146
2776.0,1120.23,-100.0,3,50,158
2954.0,1070.87,-412.0,3,49,146
2585.0,987.16,-249.0,3,49,146
2332.0,1057.94,-390.0,3,49,146
3052.0,1033.29,-399.0,3,50,158
2901.0,1090.79,-668.0,3,49,146
2307.0,1021.64,-836.0,3,50,158
2834.0,1075.48,-212.0,3,49,147
2424.0,1046.17,-241.0,3,49,147
2459.0,1119.37,151.0,3,50,158
2542.0,1054.86,-16.0,3,50,158
2719.0,977.13,-907.0,3,50,136
2553.0,1091.51,51.0,3,50,159
2011.0,918.85,-852.0,3,51,159
2511.0,1043.66,-821.0,3,51,159
3021.0,1099.83,19.0,3,49,148
2588.0,999.33,-186.0,3,51,159
3168.0,967.5,-349.0,3,51,159
3006.0,1135.17,-386.0,2,51,159
2882.0,1153.14,-94.0,2,51,159
2423.0,1136.43,-730.0,2,51,159
2805.0,1259.52,-7.0,2,51,160
2854.0,1143.89,-173.0,2,51,160
2379.0,1044.03,-144.0,2,51,160
2736.0,1103.77,-88.0,2,50,136
2482.0,1042.16,-449.0,2,50,136
2536.0,1210.41,-326.0,3,50,136
2713.0,1357.22,-359.0,2,52,161
2655.0,1114.3,-396.0,2,51,160
2694.0,1122.12,-512.0,2,50,136
2706.0,1183.23,-386.0,2,51,161
3375.0,1238.42,92.0,2,51,160
3100.0,1227.89,-231.0,2,51,161
2961.0,1177.06,-497.0,2,51,161
2688.0,1196.05,-1041.0,2,51,160
3575.0,1357.08,-349.0,2,51,161
2957.0,1202.65,-953.0,2,51,161
3067.0,1321.2,319.0,2,51,161
3497.0,1255.36,314.0,2,51,159
2854.0,1293.07,423.0,2,51,161
2660.0,1253.19,38.0,2,51,159
2892.0,1439.71,247.0,2,51,159
2913.0,1344.66,156.0,2,52,160
3401.0,1414.57,298.0,2,52,160
2949.0,1366.44,-94.0,2,52,160
3275.0,1285.26,114.0,2,51,137
3296.0,1363.4,-615.0,2,51,137
3404.0,1318.82,-512.0,2,52,160
2889.0,1305.7,-386.0,2,52,160
2912.0,1328.36,-197.0,2,52,160
3221.0,1373.95,167.0,2,52,160
3978.0,1406.47,-86.0,2,52,160
3140.0,1253.76,-549.0,2,52,160
4031.0,1408.2,327.0,2,52,160
3053.0,1274.2,-1502.0,2,52,160
3281.0,1282.62,-162.0,2,52,160
3208.0,1474.75,114.0,2,53,161
2423.0,1158.77,-281.0,2,53,161
4145.0,1325.05,-208.0,3,53,161
3016.0,1203.93,-754.0,2,54,162
2911.0,1268.95,-1416.0,2,51,138
3879.0,1401.29,156.0,2,53,161
3591.0,1392.65,136.0,2,53,162
3605.0,1496.57,-676.0,2,53,163
2862.0,1324.7,-276.0,2,53,161
2929.0,1280.41,-117.0,2,53,161
2850.0,1297.79,15.0,2,53,161
3707.0,1404.81,263.0,2,53,161
3280.0,1460.16,202.0,2,53,161
3236.0,1429.29,-546.0,2,53,161
2917.0,1389.58,-671.0,2,53,161
3507.0,1420.87,-107.0,2,51,139
3250.0,1418.38,-474.0,2,53,161
3665.0,1364.33,-712.0,3,53,161
3066.0,1283.69,-136.0,3,53,162
3097.0,1160.96,-549.0,3,53,162
2903.0,1379.77,160.0,3,53,162
3418.0,1173.03,-162.0,3,55,173
3510.0,1374.33,-635.0,3,53,162
3494.0,1276.68,49.0,3,53,162
3937.0,1385.24,-439.0,3,53,162
3675.0,1352.69,-436.0,3,55,173
2846.0,1265.39,-31.0,3,53,162
2599.0,1249.33,46.0,3,51,138
2665.0,1235.77,-131.0,3,53,162
2948.0,1198.23,-490.0,3,53,162
2929.0,1206.81,151.0,3,53,162
3405.0,1282.87,-563.0,3,51,138
2653.0,1229.29,-187.0,3,53,162
2816.0,1298.34,-449.0,3,53,162
3254.0,1245.54,-110.0,3,55,174
3077.0,1222.36,104.0,3,51,138
3070.0,1245.52,-269.0,3,55,174
3030.0,1292.09,-51.0,3,51,138
2701.0,1166.92,45.0,3,51,139
2856.0,1239.73,-782.0,3,53,162
3263.0,1217.01,-336.0,3,51,139
2975.0,1228.91,-26.0,3,53,162
3503.0,1182.15,-381.0,3,53,162
3269.0,1183.52,-180.0,3,55,175
3081.0,1340.38,146.0,3,55,175
2842.0,1288.21,-449.0,3,51,139
3081.0,1227.45,-336.0,3,55,175
2644.0,1293.79,-380.0,3,55,175
3476.0,1164.17,-830.0,2,53,162
2793.0,1235.67,-549.0,2,55,175
2936.0,1243.21,-331.0,2,55,175
3164.0,1451.84,-462.0,2,54,163
3152.0,1389.04,-712.0,2,55,175
3270.0,1263.75,-550.0,2,55,175
2838.0,1322.92,-399.0,2,54,163
2940.0,1362.7,-99.0,2,55,175
3123.0,1213.05,-852.0,2,54,163
3278.0,1342.1,-549.0,2,54,163
3375.0,1416.9,-331.0,2,56,176
3353.0,1325.47,-450.0,2,54,163
3150.0,1417.5,-249.0,2,55,175
2819.0,1356.35,-694.0,2,54,163
3335.0,1325.11,-312.0,2,54,163
2980.0,1225.38,-878.0,2,54,163
3970.0,1401.12,-349.0,2,54,163
2756.0,1129.29,-549.0,2,54,163
3026.0,1330.46,-1336.0,3,54,163
3094.0,1219.52,-726.0,3,54,163
3038.0,1209.76,-554.0,2,57,177
3283.0,1449.73,-549.0,2,57,178
3321.0,1387.22,-1162.0,2,54,162
3080.0,1428.47,-449.0,3,54,162
3919.0,1462.02,-281.0,2,58,179
3663.0,1372.3,-522.0,2,58,179
3900.0,1468.6,-1058.0,2,54,162
3874.0,1415.57,-562.0,2,54,162
3717.0,1237.81,-612.0,2,58,179
3204.0,1309.52,-426.0,2,58,179
3281.0,1253.38,-131.0,2,54,162
3254.0,1338.53,-673.0,2,54,162
3254.0,1320.19,-1467.0,2,54,162
3549.0,1389.81,-327.0,2,58,179
3201.0,1334.05,-400.0,2,58,179
3254.0,1417.7,123.0,2,54,162
3384.0,1270.72,-712.0,2,54,162
3238.0,1390.13,-512.0,2,58,180
3211.0,1226.09,-797.0,2,55,163
3534.0,1392.5,-249.0,2,58,179
3482.0,1430.94,-857.0,3,55,163
3259.0,1328.54,-904.0,2,58,180
3599.0,1439.78,-226.0,2,55,163
3305.0,1441.82,-149.0,2,55,163
2885.0,1257.69,-779.0,2,55,163
3396.0,1298.29,-712.0,2,55,163
3417.0,1415.76,-126.0,2,55,163
3581.0,1423.86,-880.0,2,55,163
3307.0,1398.27,-694.0,2,55,163
2779.0,1418.27,-978.0,2,55,163
3271.0,1362.94,-1473.0,2,55,164
3255.0,1299.79,-753.0,2,58,181
4167.0,1366.14,-557.0,2,55,164
3436.0,1319.26,-821.0,2,55,164
3693.0,1384.61,-281.0,2,55,164
3428.0,1411.64,-506.0,2,55,166
3084.0,1345.35,-1837.0,2,55,166
3722.0,1507.02,-186.0,2,55,167
3390.0,1381.51,-612.0,2,56,166
3282.0,1341.11,-418.0,3,55,165
3232.0,1389.82,-206.0,2,57,168
3727.0,1447.01,-499.0,3,58,168
2977.0,1462.68,-436.0,3,57,169
3173.0,1639.74,-620.0,3,55,167
3330.0,1569.33,-424.0,3,58,168
4025.0,1748.0,-712.0,3,55,167
3165.0,1547.53,-912.0,3,58,169
3688.0,1720.09,-261.0,3,58,169
3076.0,1602.65,-711.0,3,58,182
3448.0,1625.86,-1145.0,3,55,167
3404.0,1644.19,-531.0,3,55,167
4017.0,1776.48,-395.0,3,58,169
3454.0,1667.68,174.0,3,55,167
4256.0,1590.15,-426.0,3,55,167
3825.0,1590.36,-599.0,3,55,167
3286.0,1490.0,-545.0,3,58,169
3649.0,1630.19,-191.0,2,58,169
3484.0,1582.18,103.0,2,58,169
3566.0,1741.75,-103.0,2,55,168
3750.0,1666.22,138.0,2,58,169
3028.0,1696.4,-577.0,2,55,168
3558.0,1608.04,-865.0,2,55,169
3714.0,1620.43,-249.0,2,55,169
3775.0,1629.14,151.0,2,55,168
4955.0,1713.72,-323.0,2,55,168
3698.0,1637.49,21.0,2,58,169
3458.0,1810.21,-731.0,2,58,169
3574.0,1682.6,-125.0,2,58,169
3688.0,1586.76,-805.0,2,55,169
3812.0,1531.4,-162.0,2,58,169
3214.0,1613.53,-601.0,2,55,169
3326.0,1513.48,-1010.0,2,56,171
3568.0,1604.94,59.0,2,56,171
3995.0,1639.48,160.0,2,59,170
4017.0,1517.09,-62.0,2,58,169
3346.0,1567.26,-12.0,2,58,169
3449.0,1540.21,-168.0,2,58,169
3585.0,1652.63,85.0,2,58,169
4230.0,1505.94,-562.0,2,58,170
3659.0,1568.83,-699.0,2,58,169
3753.0,1552.36,-236.0,2,56,172
3516.0,1532.14,-571.0,2,56,171
3396.0,1727.92,-412.0,2,56,172
3829.0,1524.91,-117.0,2,56,171
3487.0,1618.58,-908.0,2,56,172
3051.0,1590.64,-240.0,2,56,171
3283.0,1495.62,-1145.0,2,56,171
3618.0,1511.26,-78.0,2,56,171
3244.0,1635.07,-12.0,3,56,171
3531.0,1518.8,-286.0,3,59,183
3829.0,1527.92,-351.0,3,59,184
4237.0,1495.52,-212.0,3,59,183
4033.0,1598.68,-528.0,3,56,171
3851.0,1589.26,-162.0,3,56,171
3007.0,1437.15,-1025.0,3,56,171
3650.0,1597.87,-2238.0,3,56,171
3432.0,1422.18,-412.0,3,59,183
3649.0,1624.21,-549.0,3,59,183
3482.0,1605.58,-222.0,3,56,171
3491.0,1562.75,-312.0,3,58,170
4150.0,1560.3,-1936.0,3,56,171
3806.0,1503.04,-1986.0,3,59,183
3504.0,1561.15,26.0,3,56,171
3732.0,1570.42,-279.0,3,59,183
3121.0,1527.06,-386.0,3,59,183
4452.0,1587.16,-386.0,3,59,183
3765.0,1541.29,-662.0,3,59,183
3622.0,1689.44,-161.0,3,59,183
3587.0,1337.53,-549.0,3,59,183
3457.0,1358.8,-418.0,3,59,183
3756.0,1441.14,-399.0,3,59,183
3154.0,1400.4,-386.0,3,59,183
3692.0,1341.4,196.0,3,59,183
3377.0,1552.87,-749.0,3,56,172
3905.0,1486.62,-585.0,3,56,172
3469.0,1556.01,-436.0,3,59,183
3982.0,1535.08,-223.0,3,59,183
3399.0,1414.29,-497.0,3,59,183
3887.0,1371.52,-1286.0,3,59,183
4287.0,1345.69,-944.0,3,59,185
3293.0,1579.18,-663.0,3,59,184
3241.0,1480.23,-168.0,3,59,186
3639.0,1396.53,14.0,3,56,171
3582.0,1512.48,-786.0,3,59,186
3769.0,1476.1,-708.0,3,59,185
3763.0,1461.9,-599.0,4,59,185
3865.0,1648.52,164.0,3,60,186
3494.0,1447.12,-36.0,3,60,186
3774.0,1322.64,-723.0,4,60,186
3777.0,1393.74,-294.0,4,59,186
3860.0,1525.53,-1958.0,3,60,186
3426.0,1481.72,164.0,3,59,186
4216.0,1777.35,184.0,3,59,186
3786.0,1662.2,201.0,3,60,185
4008.0,1765.15,-591.0,3,59,187
4227.0,1739.87,-394.0,3,60,186
3488.0,1658.62,-284.0,3,60,186
4775.0,1652.1,-326.0,3,60,185
3480.0,1605.26,-421.0,3,56,172
3675.0,1600.73,-73.0,3,59,188
3840.0,1614.1,-749.0,3,60,185
3665.0,1654.22,-852.0,3,60,186
3520.0,1816.14,22.0,3,60,186
4550.0,1821.95,335.0,3,60,186
3201.0,1781.43,-223.0,3,60,186
4825.0,1625.28,88.0,3,60,186
3537.0,1672.03,101.0,3,60,189
3570.0,1682.74,-772.0,3,60,189
3791.0,1597.07,-591.0,3,60,189
3372.0,1549.9,-297.0,3,60,186
3902.0,1653.93,-299.0,3,60,186
3771.0,1648.14,-678.0,3,60,186
3264.0,1868.02,471.0,3,60,190
3675.0,1627.93,-995.0,3,60,190
3711.0,1870.42,-44.0,3,60,187
3449.0,1769.11,-286.0,3,60,186
3824.0,1648.13,-197.0,3,60,191
3556.0,1667.6,151.0,3,60,192
3808.0,1810.32,108.0,3,60,191
4044.0,1666.75,-531.0,3,60,186
3300.0,1548.42,-965.0,3,60,191
4302.0,1671.89,-1050.0,3,61,187
3789.0,1786.61,-549.0,3,60,191
3691.0,1621.59,-389.0,3,61,187
3659.0,1663.45,-210.0,3,61,187
3534.0,1748.47,-112.0,3,60,191
3540.0,1510.49,-386.0,3,60,191
3429.0,1599.29,-231.0,3,61,187
3565.0,1640.08,-436.0,3,60,191
3282.0,1546.84,-90.0,3,57,174
3726.0,1451.45,-639.0,3,61,187
3752.0,1535.34,-394.0,3,57,173
3671.0,1418.67,-312.0,3,61,187
4000.0,1522.98,-1181.0,3,57,173
3605.0,1379.52,-760.0,3,61,187
3331.0,1506.89,-386.0,3,57,173
2845.0,1363.95,-620.0,3,57,173
3675.0,1495.95,-168.0,3,57,173
3329.0,1459.15,-1031.0,3,60,192
3049.0,1462.9,-258.0,3,61,187
3208.0,1517.32,-57.0,3,57,173
3230.0,1420.95,-423.0,3,60,192
3442.0,1461.6,-223.0,3,60,192
3834.0,1471.09,-1753.0,3,61,187
3836.0,1639.91,-576.0,2,57,173
3441.0,1610.73,214.0,2,57,173
3367.0,1422.39,-262.0,2,61,189
3881.0,1558.79,268.0,2,61,189
3680.0,1498.0,-368.0,2,61,187
3729.0,1496.18,-386.0,2,57,174
3428.0,1412.72,-259.0,2,61,187
