best,average,min,species,neurons,links
1426.0,-60.39,-1083.0,1,22,57
2127.0,481.16,-633.0,1,22,57
2642.0,938.46,-358.0,1,22,57
3137.0,1216.88,-738.0,1,22,57
3072.0,1521.93,-433.0,1,22,57
3067.0,1717.09,-49.0,1,22,57
4362.0,1875.95,-323.0,1,22,57
3417.0,1791.16,-693.0,1,22,57
3732.0,2035.25,-258.0,2,22,57
3402.0,1694.31,-133.0,3,22,57
3757.0,1504.01,-273.0,4,25,60
3277.0,1687.45,2.0,5,23,58
3207.0,1845.0,-168.0,10,24,60
3307.0,1596.82,-513.0,9,27,62
3751.0,1878.29,-568.0,10,25,59
3672.0,1830.29,-110.0,10,24,60
3397.0,1860.72,-258.0,11,27,64
3886.0,1898.09,-390.0,11,27,63
3317.0,2054.4,-458.0,11,27,61
3402.0,1771.62,-153.0,11,28,66
3572.0,1946.41,-683.0,11,28,66
3632.0,1849.46,-718.0,11,27,63
3867.0,1951.26,110.0,11,28,64
4011.0,1954.59,-544.0,11,28,64
3367.0,1979.41,157.0,11,28,64
3987.0,2022.17,-58.0,11,28,64
3781.0,2074.33,-178.0,12,28,64
3700.0,1942.6,-173.0,11,24,61
4382.0,2140.45,-363.0,10,28,64
3906.0,2152.13,262.0,10,29,64
3817.0,2040.93,-678.0,10,28,62
4246.0,1977.79,-378.0,10,28,64
3862.0,1938.16,-16.0,11,22,57
3683.0,2078.33,-238.0,11,28,64
3597.0,2141.06,247.0,11,29,65
4047.0,2066.62,-453.0,12,28,64
3647.0,2067.74,-263.0,12,22,57
4017.0,2082.9,-219.0,12,25,67
3547.0,2113.0,-72.0,12,25,64
3277.0,2103.85,-202.0,12,29,65
3491.0,2069.73,-454.0,12,29,65
3547.0,2086.08,-11.0,10,28,64
3967.0,2102.12,-155.0,11,28,64
3951.0,1945.96,-133.0,10,28,65
3762.0,1940.63,-474.0,10,28,65
3227.0,1891.11,12.0,9,28,65
3591.0,2007.75,-143.0,9,29,65
3682.0,1943.02,-403.0,9,28,65
3816.0,2091.24,-458.0,9,28,66
3942.0,2300.63,242.0,9,29,65
3942.0,2057.95,-5.0,9,32,82
3692.0,2066.53,252.0,9,32,82
3907.0,2118.17,-643.0,9,28,66
3847.0,2156.55,-445.0,9,28,66
3802.0,2326.94,452.0,9,32,83
3981.0,1945.89,-536.0,9,29,66
3972.0,2124.65,-515.0,9,29,66
3582.0,2209.1,-150.0,9,32,83
3787.0,2079.5,138.0,8,32,83
3847.0,2224.91,414.0,8,32,83
3862.0,2179.08,-448.0,8,29,66
4047.0,2138.47,-393.0,8,32,83
4377.0,2232.48,422.0,8,32,83
3762.0,2165.72,269.0,8,30,67
3712.0,2228.41,-566.0,8,32,82
4067.0,2209.26,732.0,8,32,82
4217.0,2330.91,157.0,8,32,82
3726.0,2383.97,-533.0,8,30,68
3432.0,2185.75,207.0,8,28,71
3917.0,2239.46,192.0,8,32,83
4522.0,2191.31,-39.0,8,32,84
4842.0,2234.6,-158.0,8,32,85
3757.0,2263.58,627.0,8,32,85
3571.0,2065.65,-28.0,8,30,69
3992.0,2248.7,-333.0,7,30,82
4182.0,2319.62,352.0,7,32,85
4017.0,2275.12,197.0,7,32,86
4057.0,2256.15,-499.0,6,30,69
3881.0,2236.12,620.0,6,30,69
3817.0,2299.82,-103.0,5,28,65
3827.0,2120.35,1.0,5,32,86
4102.0,2258.0,-194.0,5,32,86
3932.0,2215.34,254.0,4,32,86
4220.0,2257.53,-471.0,4,30,71
3901.0,2252.51,417.0,4,30,71
4046.0,2197.83,107.0,5,30,71
3942.0,2131.69,-463.0,5,32,87
3960.0,2279.37,-174.0,5,30,71
3727.0,2279.02,-393.0,5,32,86
3637.0,2143.05,-313.0,5,30,71
4097.0,2184.17,-333.0,5,32,86
3742.0,2153.31,-149.0,5,31,71
4242.0,2163.02,-223.0,6,32,86
4046.0,2128.52,-524.0,6,30,71
3971.0,2174.38,12.0,6,30,71
3697.0,2183.08,192.0,6,32,86
3967.0,2205.61,-273.0,6,32,86
3777.0,2204.09,-1143.0,6,32,86
4472.0,2401.84,352.0,6,32,86
3607.0,2163.32,-540.0,6,32,86
3977.0,2423.66,-105.0,6,32,86
4202.0,2194.9,-438.0,6,32,86
4156.0,2414.46,707.0,6,30,71
3862.0,2247.36,-248.0,6,32,86
3677.0,2338.91,-184.0,6,32,86
3562.0,2256.89,340.0,6,32,86
4161.0,2402.92,552.0,6,32,86
3607.0,2465.25,522.0,6,32,86
3572.0,2331.34,678.0,6,34,91
4302.0,2279.95,85.0,5,32,86
4037.0,2439.12,582.0,5,32,86
4246.0,2595.56,297.0,4,34,92
4127.0,2440.46,809.0,4,32,86
3882.0,2542.66,442.0,4,34,92
4107.0,2514.78,587.0,4,34,92
4192.0,2561.43,260.0,4,34,92
4552.0,2495.46,147.0,4,35,94
4492.0,2368.7,352.0,4,35,94
4237.0,2579.89,172.0,4,35,94
3697.0,2387.66,-298.0,4,35,94
4002.0,2506.08,217.0,4,35,94
3972.0,2483.44,-63.0,4,30,70
4157.0,2579.2,63.0,4,32,85
4057.0,2552.97,-51.0,3,35,95
4362.0,2530.65,648.0,3,36,95
4372.0,2455.13,-18.0,3,36,95
4307.0,2603.92,542.0,3,36,95
4497.0,2609.76,87.0,3,36,95
4087.0,2670.18,360.0,3,36,95
4647.0,2646.24,302.0,3,36,95
5212.0,2721.88,678.0,3,36,95
4287.0,2636.9,107.0,3,36,95
3817.0,2580.71,297.0,3,36,95
4576.0,2712.58,129.0,3,36,95
4352.0,2841.74,175.0,3,36,95
4507.0,2816.33,357.0,3,36,95
4337.0,2643.87,201.0,3,36,96
4322.0,2744.13,566.0,3,32,85
4252.0,2524.1,160.0,3,36,96
4382.0,2734.43,620.0,3,36,95
4112.0,2687.81,-17.0,3,32,85
4352.0,2698.22,442.0,3,36,96
4697.0,2714.16,296.0,3,36,96
4242.0,2714.99,232.0,3,36,97
4717.0,2732.85,585.0,3,36,97
4242.0,2579.43,152.0,3,36,97
3977.0,2570.46,406.0,3,36,97
4517.0,2674.47,572.0,3,36,97
4386.0,2806.24,880.0,3,36,97
4197.0,2764.03,660.0,3,32,84
4697.0,2603.8,1019.0,3,36,97
4267.0,2840.81,-26.0,3,36,97
4521.0,2793.28,610.0,3,36,97
4282.0,2797.0,567.0,3,36,98
4447.0,2863.94,1075.0,4,36,97
5162.0,2676.08,407.0,4,36,97
4965.0,2678.55,382.0,4,36,97
4397.0,2734.64,642.0,4,36,97
4402.0,2738.52,684.0,4,29,76
4197.0,2658.94,445.0,4,36,97
4262.0,2644.82,596.0,4,36,97
4287.0,2727.42,618.0,4,36,96
3977.0,2752.2,972.0,4,29,76
4202.0,2788.29,1127.0,4,34,101
4357.0,2732.35,504.0,4,34,101
4372.0,2830.9,677.0,4,36,96
4537.0,2887.0,769.0,4,33,85
4137.0,2755.97,127.0,4,33,85
4167.0,2861.66,217.0,5,33,85
4602.0,2916.12,658.0,5,33,86
4267.0,2886.72,472.0,5,38,124
4452.0,3039.35,1080.0,5,36,97
4742.0,3043.9,463.0,5,35,102
4827.0,2968.35,-188.0,5,37,98
4362.0,2928.22,1037.0,5,33,84
4377.0,2901.27,1102.0,5,37,98
4212.0,2896.94,382.0,5,38,123
4257.0,3023.31,567.0,5,35,102
4412.0,3110.93,1142.0,5,38,123
4351.0,2974.28,1059.0,5,35,102
4412.0,2995.24,525.0,5,37,98
4592.0,2979.9,329.0,5,37,98
4782.0,2953.72,414.0,5,37,98
4277.0,2992.42,508.0,4,37,98
4531.0,3036.75,682.0,4,38,123
4227.0,2930.73,847.0,4,37,98
4227.0,3091.89,737.0,4,37,98
4352.0,3093.81,1127.0,4,37,98
4342.0,2848.55,379.0,4,29,76
4407.0,3111.63,1637.0,4,38,123
4487.0,2962.14,-291.0,4,37,98
4577.0,3135.92,757.0,4,37,98
4492.0,3053.57,1204.0,4,38,123
4522.0,2970.67,515.0,4,37,98
4657.0,3056.57,964.0,4,38,122
4702.0,3040.49,-131.0,4,38,123
4317.0,3008.39,567.0,4,38,123
4587.0,3144.64,1322.0,4,38,123
4407.0,3068.27,-201.0,4,36,103
4445.0,3116.01,1093.0,4,36,103
4587.0,3076.89,1352.0,4,37,97
4312.0,3043.2,1042.0,4,38,122
4472.0,2954.58,1422.0,4,38,122
4462.0,3015.61,484.0,4,38,122
4637.0,2974.37,747.0,4,38,122
4962.0,2936.02,877.0,4,38,122
4506.0,3021.46,-78.0,4,37,97
4727.0,3328.84,975.0,4,38,122
4577.0,3181.36,692.0,4,38,122
4277.0,3037.23,1057.0,4,38,122
4697.0,3085.58,349.0,4,38,123
4322.0,3019.17,690.0,4,38,123
4677.0,2958.02,312.0,4,38,123
4796.0,3056.9,282.0,4,38,98
4707.0,3121.93,1547.0,4,38,99
4557.0,3076.28,-698.0,4,38,123
4552.0,3286.07,912.0,4,38,98
4616.0,2990.08,1342.0,4,38,123
4717.0,3030.87,-143.0,4,38,98
4567.0,3054.9,527.0,4,38,124
5092.0,2989.88,-116.0,4,38,98
4282.0,2999.84,833.0,4,38,98
4997.0,3045.52,667.0,4,38,98
4347.0,2985.09,-297.0,4,38,98
4522.0,3231.35,1537.0,3,38,98
4757.0,3137.37,547.0,3,38,98
4392.0,3069.67,209.0,3,38,122
4862.0,3066.16,266.0,3,38,98
5037.0,3298.38,1187.0,3,38,98
4547.0,3062.48,1122.0,3,38,122
traininig time: 8747.95217705
