best,average,min,species,neurons,links
1832.0,611.69,-247.0,1,28,171
1693.0,827.47,-9.0,1,28,171
1837.0,919.12,-303.0,1,28,171
2218.0,1061.89,-313.0,1,28,171
2367.0,1097.81,-389.0,1,28,171
2217.0,1209.0,-503.0,1,28,171
2397.0,1368.6,-109.0,2,28,171
2285.0,1302.02,-716.0,2,28,171
2652.0,1469.4,-451.0,3,30,172
2697.0,1585.12,387.0,5,30,172
2762.0,1569.74,-338.0,8,29,171
2727.0,1553.13,-391.0,7,29,171
2887.0,1771.54,592.0,7,29,171
3117.0,1735.03,502.0,8,30,172
2922.0,1636.29,337.0,8,30,172
2792.0,1648.31,-582.0,7,32,178
2987.0,1756.78,216.0,7,30,172
2765.0,1713.21,611.0,7,32,178
2982.0,1691.06,448.0,8,30,172
2872.0,1847.32,465.0,8,32,178
2990.0,1921.79,521.0,8,31,179
2922.0,1858.85,511.0,8,33,179
3062.0,1866.07,650.0,8,33,179
2922.0,1859.68,476.0,9,31,175
3302.0,1890.9,-188.0,10,30,172
3132.0,1883.37,207.0,10,34,180
3232.0,1888.19,101.0,9,34,180
3057.0,1852.65,357.0,9,34,180
3227.0,2041.22,383.0,9,33,178
2972.0,2038.9,-25.0,11,33,179
2842.0,1900.01,322.0,11,34,180
2967.0,1998.44,217.0,11,31,179
3072.0,1976.63,696.0,12,33,179
3592.0,2009.8,473.0,12,33,179
3067.0,1959.9,462.0,11,33,179
3262.0,1962.74,137.0,11,33,179
3217.0,1967.13,660.0,11,31,178
2987.0,1929.11,-296.0,12,33,179
3312.0,2015.97,-455.0,12,33,179
3212.0,1989.56,360.0,12,37,195
2937.0,2044.38,68.0,12,30,173
3112.0,2000.73,519.0,12,34,182
3147.0,1988.76,483.0,11,37,195
3277.0,2060.67,731.0,11,34,182
3162.0,2136.18,600.0,11,33,180
3107.0,2119.16,438.0,11,34,190
3372.0,2088.0,235.0,11,31,174
3212.0,2171.1,607.0,10,37,195
3447.0,2057.69,473.0,11,37,195
3257.0,1924.03,-683.0,10,37,196
3792.0,2274.24,-307.0,10,37,196
3322.0,2163.14,236.0,10,33,180
3542.0,2126.73,150.0,10,33,180
3122.0,2173.12,709.0,10,31,177
3482.0,2230.06,792.0,9,37,196
3102.0,2166.64,-207.0,9,33,180
3062.0,2203.36,115.0,9,37,196
3292.0,2233.84,-240.0,9,33,179
3207.0,2157.74,810.0,9,33,179
3387.0,2195.69,792.0,9,33,179
3202.0,2241.66,612.0,9,37,196
3548.0,2136.2,523.0,9,37,196
3117.0,2208.11,495.0,9,33,179
3397.0,2176.06,253.0,9,34,181
3422.0,2231.47,-38.0,9,37,196
3277.0,2281.49,872.0,9,35,193
3252.0,2247.35,295.0,7,35,193
3387.0,2262.42,517.0,7,35,193
3302.0,2218.11,767.0,7,31,177
3272.0,2258.68,887.0,7,34,182
3337.0,2201.49,590.0,7,34,182
3352.0,2255.62,-62.0,7,35,193
3397.0,2272.65,786.0,7,37,197
3212.0,2221.83,701.0,7,37,197
3002.0,2192.67,-688.0,7,34,182
3752.0,2255.93,818.0,7,37,197
3302.0,2133.24,187.0,7,31,177
3542.0,2257.46,-418.0,7,37,197
3402.0,2230.9,-358.0,7,37,197
3547.0,2295.59,317.0,7,37,197
3547.0,2348.92,187.0,7,37,197
3412.0,2340.73,580.0,7,37,197
3712.0,2479.06,592.0,6,36,195
3542.0,2316.41,562.0,6,37,197
3682.0,2474.28,777.0,6,37,197
3612.0,2439.02,662.0,6,37,198
3472.0,2368.33,1007.0,6,34,184
3652.0,2471.59,734.0,6,37,198
3645.0,2425.22,-309.0,6,37,198
3637.0,2424.43,1025.0,7,38,199
3717.0,2418.25,1082.0,7,38,200
4042.0,2518.32,932.0,7,40,216
3782.0,2463.73,601.0,7,40,216
3547.0,2445.51,584.0,7,40,216
3692.0,2571.52,1288.0,7,38,200
3882.0,2504.81,951.0,7,38,200
3655.0,2432.68,592.0,7,38,200
3422.0,2514.93,835.0,7,40,216
3927.0,2535.81,737.0,6,40,217
3682.0,2519.06,-583.0,6,32,178
3512.0,2488.56,851.0,6,32,178
3587.0,2430.8,-54.0,6,32,178
3512.0,2444.81,75.0,6,32,178
3787.0,2487.1,1317.0,5,32,178
3722.0,2603.62,52.0,4,32,178
3592.0,2681.05,1032.0,4,38,200
3777.0,2541.74,657.0,4,38,200
3352.0,2530.88,940.0,4,38,199
3647.0,2598.39,-7.0,4,41,218
3572.0,2533.52,262.0,4,32,178
3520.0,2529.02,722.0,4,32,178
3520.0,2562.79,851.0,4,38,199
3396.0,2399.19,512.0,4,39,200
3257.0,2432.79,745.0,4,39,200
3392.0,2471.88,-543.0,4,32,178
3792.0,2560.96,593.0,4,41,218
3687.0,2563.85,1067.0,4,32,178
3832.0,2551.34,640.0,4,32,178
3657.0,2626.87,1107.0,4,39,200
3967.0,2582.66,897.0,4,33,179
3727.0,2514.8,-661.0,5,32,178
3787.0,2373.95,57.0,5,41,218
3747.0,2413.53,459.0,5,33,180
3702.0,2464.04,-650.0,5,33,179
3892.0,2462.57,954.0,5,33,179
3472.0,2514.98,-330.0,5,33,179
3722.0,2429.54,315.0,5,41,218
3887.0,2573.58,294.0,5,39,201
3607.0,2615.52,1347.0,5,39,201
3997.0,2586.54,1412.0,5,41,218
3857.0,2492.21,907.0,5,33,179
4057.0,2580.97,732.0,5,39,198
3511.0,2617.13,975.0,5,39,201
3682.0,2547.16,158.0,5,42,219
3457.0,2493.49,504.0,5,33,179
3642.0,2589.86,1328.0,5,33,179
3917.0,2452.74,-222.0,5,39,201
3477.0,2500.84,659.0,5,39,201
3762.0,2555.88,637.0,5,39,201
3727.0,2594.56,97.0,5,46,229
3437.0,2672.45,1357.0,5,33,179
3567.0,2563.53,746.0,5,39,199
3547.0,2528.75,52.0,5,42,220
3587.0,2566.37,283.0,5,33,179
3537.0,2525.01,606.0,5,42,220
3372.0,2524.62,816.0,5,42,220
3587.0,2556.97,592.0,5,34,180
3592.0,2487.89,601.0,5,34,180
3722.0,2500.69,1016.0,5,42,220
3707.0,2563.42,370.0,5,42,220
3682.0,2526.56,765.0,5,34,179
3827.0,2617.26,672.0,5,43,221
3917.0,2600.93,-1098.0,5,35,180
3552.0,2596.2,573.0,5,43,221
3672.0,2464.28,452.0,5,47,235
3592.0,2477.26,811.0,5,40,200
3477.0,2601.29,932.0,5,47,235
3452.0,2579.8,1062.0,5,34,179
3422.0,2519.41,307.0,5,43,221
3927.0,2640.49,723.0,6,34,179
3682.0,2526.3,-192.0,5,43,221
3947.0,2574.88,-422.0,5,41,206
3714.0,2625.29,1092.0,5,43,221
4032.0,2665.31,864.0,5,34,179
4177.0,2664.84,1264.0,5,34,179
3787.0,2581.98,548.0,5,34,179
3272.0,2587.63,743.0,5,34,179
3772.0,2537.28,1009.0,5,34,179
3517.0,2505.44,1209.0,5,43,221
3687.0,2574.62,1038.0,5,35,180
3852.0,2404.83,-463.0,5,48,236
4017.0,2737.14,635.0,5,35,180
3937.0,2604.25,582.0,5,35,180
3982.0,2659.45,1071.0,5,43,221
3682.0,2644.57,949.0,5,35,181
3822.0,2667.07,-120.0,6,35,181
3602.0,2663.65,1059.0,6,43,221
3532.0,2556.33,1009.0,6,43,221
3592.0,2678.44,1162.0,6,49,237
3682.0,2502.81,842.0,7,43,221
3437.0,2490.43,821.0,7,45,218
3552.0,2412.71,576.0,7,43,221
3357.0,2362.36,598.0,7,41,202
3407.0,2493.45,457.0,7,41,208
3307.0,2395.77,961.0,6,41,202
3727.0,2531.27,778.0,7,41,208
3647.0,2401.06,542.0,7,46,219
3647.0,2425.37,487.0,7,35,182
3648.0,2418.81,952.0,7,52,247
3387.0,2456.05,657.0,7,35,182
3632.0,2383.79,-84.0,7,35,182
3567.0,2389.79,1025.0,8,48,241
3562.0,2348.67,747.0,8,48,241
3512.0,2412.55,-630.0,8,48,241
3362.0,2320.61,972.0,8,35,182
3497.0,2439.52,-117.0,9,35,182
3472.0,2406.44,-239.0,9,46,218
3597.0,2472.31,940.0,9,35,182
3447.0,2508.13,897.0,9,52,247
3432.0,2441.23,1317.0,9,46,218
3277.0,2312.93,-495.0,9,35,183
3497.0,2365.56,751.0,9,46,217
3472.0,2518.26,1094.0,9,46,227
3602.0,2421.52,1072.0,9,41,208
3217.0,2422.07,3.0,9,35,183
3257.0,2572.29,1207.0,9,42,202
3587.0,2473.94,38.0,8,46,228
3427.0,2298.21,539.0,9,52,248
3522.0,2452.57,647.0,9,46,218
3432.0,2475.43,600.0,9,35,183
3497.0,2395.7,897.0,10,46,228
3502.0,2515.89,1157.0,10,46,228
3737.0,2475.12,779.0,10,56,258
3602.0,2486.53,767.0,9,46,228
3547.0,2504.95,762.0,9,56,258
3737.0,2453.04,583.0,9,35,183
3532.0,2582.53,1016.0,8,35,184
3512.0,2551.49,809.0,8,35,184
3587.0,2500.54,155.0,8,35,184
3487.0,2447.55,154.0,8,54,258
3602.0,2501.98,571.0,8,46,229
3447.0,2553.94,1444.0,8,54,258
3782.0,2595.43,1437.0,7,46,230
3463.0,2584.1,958.0,7,35,185
3462.0,2571.78,708.0,7,46,230
3662.0,2518.19,805.0,7,46,230
3507.0,2554.26,841.0,7,56,259
4032.0,2594.34,264.0,7,46,219
3527.0,2510.23,917.0,7,46,230
3777.0,2583.99,975.0,7,46,219
traininig time: 5419.04475284
