best,average,min,species,neurons,links
1617.0,80.64,-1028.0,1,44,315
2272.0,592.2,-723.0,1,44,315
1907.0,760.69,-620.0,1,44,315
1992.0,949.45,-826.0,1,44,315
2442.0,852.51,-593.0,1,44,315
2272.0,1031.96,-661.0,1,44,315
2947.0,1070.7,-645.0,1,44,315
2992.0,1327.99,-853.0,4,44,315
2127.0,1032.23,-808.0,6,44,315
2862.0,1120.66,-693.0,6,45,315
2812.0,1497.93,-812.0,7,44,315
2622.0,1385.15,-1098.0,12,45,316
2427.0,1220.35,-818.0,11,46,318
2647.0,1075.94,-923.0,11,44,315
2981.0,1310.67,-658.0,11,46,318
2647.0,1368.06,-503.0,11,47,320
3181.0,1475.31,-558.0,11,47,320
2607.0,1270.13,-415.0,10,47,321
2552.0,1363.44,-758.0,10,47,321
2521.0,1429.07,-453.0,9,47,321
2422.0,1250.2,-678.0,9,47,320
3316.0,1505.37,-941.0,10,47,320
2677.0,1290.07,-768.0,10,47,320
2427.0,1197.6,-658.0,10,47,322
3077.0,1332.82,-871.0,10,48,319
2522.0,1367.31,-723.0,10,48,321
3012.0,1331.87,-453.0,10,48,321
2622.0,1395.83,-248.0,9,48,318
2862.0,1440.21,-343.0,10,48,318
2472.0,1390.87,-208.0,11,48,321
2627.0,1186.13,-423.0,11,47,320
2781.0,1374.16,-678.0,11,48,318
2482.0,1336.33,-323.0,11,47,322
2761.0,1386.33,-88.0,11,47,322
2691.0,1305.97,-553.0,12,47,320
2761.0,1252.43,-932.0,12,47,320
2761.0,1398.45,-574.0,10,45,316
2912.0,1484.62,-69.0,10,48,322
2587.0,1308.79,-771.0,10,47,321
3515.0,1463.51,-288.0,10,47,321
2642.0,1423.43,-723.0,10,48,318
2627.0,1323.88,-474.0,10,47,322
2447.0,1426.68,-370.0,10,47,322
2592.0,1388.44,-748.0,10,47,323
2572.0,1490.68,-558.0,11,48,318
2801.0,1411.58,-558.0,11,49,324
2587.0,1360.86,-668.0,11,47,321
2727.0,1356.77,-113.0,12,56,346
3177.0,1319.4,-888.0,11,48,323
2701.0,1360.5,-703.0,10,48,323
2702.0,1302.87,-481.0,11,48,323
2437.0,1309.42,-393.0,10,47,321
3350.0,1312.28,-594.0,11,48,318
2946.0,1431.43,-758.0,11,48,318
2942.0,1449.25,-278.0,11,48,318
2592.0,1380.05,-658.0,11,48,318
3446.0,1494.13,-148.0,10,48,318
2622.0,1534.11,160.0,10,47,321
2567.0,1371.71,-403.0,10,48,324
2812.0,1353.96,-491.0,10,55,346
3146.0,1487.32,-348.0,10,48,319
2452.0,1426.43,-653.0,9,48,324
2542.0,1407.8,-772.0,9,48,319
2547.0,1433.13,-378.0,9,54,335
2642.0,1336.05,-330.0,8,52,327
2821.0,1368.15,-463.0,8,47,321
2512.0,1398.35,-358.0,8,55,346
2712.0,1453.66,-509.0,8,48,320
2807.0,1306.24,-858.0,8,48,320
2956.0,1366.92,-268.0,8,47,320
2292.0,1437.32,-418.0,8,52,327
2612.0,1297.77,-885.0,8,48,324
2721.0,1353.36,-724.0,8,49,326
2832.0,1380.72,-718.0,8,53,328
2627.0,1369.53,-818.0,7,47,320
2602.0,1585.0,-418.0,7,47,320
2492.0,1423.15,-258.0,7,59,348
2712.0,1507.74,-343.0,7,59,348
3246.0,1481.08,-938.0,7,59,348
2482.0,1425.3,-578.0,7,59,348
2607.0,1356.92,-451.0,7,59,348
3141.0,1532.04,-128.0,7,59,348
2721.0,1497.28,-368.0,7,48,320
2596.0,1464.77,-768.0,7,59,348
2892.0,1410.83,-681.0,7,59,348
2542.0,1493.33,-288.0,7,59,348
2756.0,1471.09,-253.0,7,48,321
2422.0,1442.13,-667.0,7,48,321
2622.0,1414.2,-267.0,7,48,320
2702.0,1552.6,-218.0,7,48,320
2571.0,1624.58,37.0,9,60,349
2987.0,1376.08,-440.0,9,48,320
2307.0,1546.27,-422.0,9,55,338
2881.0,1493.32,-218.0,9,60,349
2619.0,1441.04,-353.0,9,60,349
2647.0,1387.38,-330.0,9,48,321
2876.0,1383.84,-53.0,8,48,321
2787.0,1419.24,-759.0,5,48,321
2622.0,1512.18,-163.0,5,60,349
2632.0,1506.05,-358.0,5,60,349
2612.0,1544.97,-648.0,5,60,349
3090.0,1578.1,-398.0,5,48,323
3307.0,1631.7,217.0,5,48,321
3362.0,1595.75,-290.0,5,60,349
3440.0,1656.04,-313.0,5,60,349
2698.0,1498.24,-494.0,5,61,350
2817.0,1532.04,-598.0,5,48,322
3031.0,1558.6,-888.0,5,61,350
2812.0,1422.57,-493.0,4,61,351
3037.0,1570.36,-428.0,4,61,350
2946.0,1488.67,-743.0,5,61,350
2996.0,1315.46,-993.0,4,61,350
2457.0,1328.99,-453.0,4,61,350
2901.0,1399.26,-398.0,4,61,350
2882.0,1386.73,-658.0,4,61,350
2992.0,1448.4,-999.0,4,61,351
3267.0,1494.53,-480.0,4,56,350
2552.0,1481.34,32.0,4,48,324
3012.0,1522.01,107.0,4,56,349
2642.0,1497.13,-558.0,4,61,351
3121.0,1512.96,-414.0,4,56,349
2982.0,1611.18,287.0,4,56,349
2492.0,1481.34,-888.0,4,67,379
2892.0,1637.76,52.0,4,61,351
2926.0,1717.59,392.0,4,56,349
2792.0,1477.27,-888.0,4,61,351
2907.0,1387.64,-171.0,4,61,351
2546.0,1465.16,-452.0,4,61,351
2707.0,1542.87,-471.0,4,49,325
2932.0,1594.54,397.0,4,49,325
3456.0,1594.55,-783.0,4,62,352
2712.0,1627.57,-193.0,4,56,349
2707.0,1574.8,-151.0,4,56,350
2532.0,1581.39,-108.0,4,56,350
2952.0,1564.47,-497.0,4,62,352
2937.0,1611.69,-558.0,4,62,351
2822.0,1559.85,-188.0,4,49,325
2977.0,1722.71,-465.0,4,62,351
2737.0,1604.25,-224.0,4,62,351
2848.0,1680.95,2.0,4,62,351
3012.0,1704.84,-313.0,4,62,353
2602.0,1574.52,-164.0,4,62,353
2692.0,1703.34,82.0,4,56,350
2612.0,1645.16,297.0,4,62,353
2862.0,1567.81,-468.0,5,62,353
3082.0,1696.71,437.0,4,56,349
3127.0,1555.94,-253.0,4,49,328
3012.0,1599.84,-352.0,4,56,349
2787.0,1688.6,-98.0,4,49,328
2671.0,1520.04,-184.0,4,67,380
2842.0,1619.81,-53.0,4,62,353
2827.0,1621.29,-28.0,4,56,349
2790.0,1656.08,-458.0,4,62,353
2927.0,1653.93,-173.0,4,49,328
3077.0,1588.62,-839.0,4,67,381
2892.0,1527.03,-498.0,4,62,353
2912.0,1581.54,-705.0,4,62,353
2867.0,1587.68,327.0,5,62,353
2781.0,1468.74,-303.0,5,63,354
2871.0,1439.3,142.0,5,63,354
3387.0,1509.93,-488.0,6,63,354
2777.0,1511.49,2.0,6,63,354
3072.0,1546.68,-65.0,6,63,354
3672.0,1625.67,312.0,7,68,384
2847.0,1641.78,-515.0,6,63,354
3212.0,1580.28,-203.0,6,65,376
3097.0,1589.66,132.0,6,63,355
2827.0,1546.47,-888.0,7,65,376
2967.0,1506.49,-323.0,6,63,355
3102.0,1423.79,-818.0,6,64,356
3039.0,1490.21,-660.0,6,63,355
2982.0,1685.83,-373.0,6,64,356
3163.0,1618.86,-288.0,6,64,357
2902.0,1508.37,-149.0,6,64,357
2917.0,1664.96,-233.0,6,69,386
3017.0,1597.53,-157.0,6,64,357
2902.0,1594.76,62.0,6,64,357
2977.0,1584.08,-538.0,6,64,357
2517.0,1546.56,-248.0,6,69,386
2766.0,1680.81,262.0,6,49,330
3126.0,1545.26,-558.0,6,64,357
3057.0,1719.62,192.0,6,69,387
3032.0,1533.56,126.0,5,69,386
2896.0,1635.61,-58.0,5,65,376
3077.0,1632.16,-715.0,5,65,376
3062.0,1717.75,17.0,5,65,378
2767.0,1611.33,-853.0,5,49,329
2652.0,1660.03,-291.0,5,69,386
2776.0,1609.5,-288.0,5,69,386
2702.0,1558.54,-243.0,5,73,408
2912.0,1629.89,-42.0,5,69,387
2547.0,1546.56,-551.0,5,69,386
3206.0,1645.38,-309.0,5,49,330
2996.0,1760.81,-832.0,5,61,374
2712.0,1616.5,-369.0,5,49,330
2692.0,1648.68,-18.0,5,61,374
2702.0,1762.55,151.0,5,69,386
2946.0,1663.87,32.0,5,65,379
3046.0,1774.22,-148.0,5,65,379
2982.0,1655.22,-593.0,5,65,379
2903.0,1663.17,496.0,5,65,378
2927.0,1579.21,-953.0,5,65,378
3072.0,1746.37,-8.0,5,73,410
3246.0,1711.1,-641.0,5,65,378
2862.0,1806.05,212.0,5,69,386
2827.0,1787.64,487.0,5,73,410
3016.0,1726.26,-442.0,5,73,410
2737.0,1687.08,448.0,5,65,378
3242.0,1826.67,592.0,5,73,410
3186.0,1762.83,79.0,5,65,378
3062.0,1835.82,155.0,5,69,386
3401.0,1818.81,12.0,5,73,410
3222.0,1722.1,-373.0,5,69,386
3122.0,1770.25,-176.0,5,65,380
3151.0,1818.4,-241.0,5,65,380
3122.0,1776.26,649.0,5,73,411
3272.0,1818.21,-53.0,4,65,380
2787.0,1807.0,-433.0,4,69,386
3152.0,1761.74,-818.0,4,73,411
3486.0,1829.55,-143.0,4,73,411
3017.0,1743.3,-98.0,5,65,381
3251.0,1732.42,-54.0,5,65,381
2867.0,1842.68,517.0,5,66,382
3291.0,1755.38,-38.0,5,73,411
2841.0,1770.13,-124.0,5,66,382
3242.0,1831.59,462.0,5,61,377
2687.0,1718.34,-253.0,5,73,411
2452.0,1636.3,443.0,5,73,411
2706.0,1598.85,114.0,5,66,382
2871.0,1740.29,57.0,5,73,414
traininig time: 8458.52687716
