best,average,min,species,neurons,links
181.0,-725.44,-2186.0,1,38,105
488.0,-459.66,-1672.0,1,38,105
790.0,-167.13,-1809.0,1,38,105
865.0,-78.62,-1962.0,1,38,105
781.0,174.47,-862.0,1,38,105
688.0,273.66,-1212.0,1,38,105
1024.0,415.36,-1312.0,1,38,105
1012.0,448.44,-1119.0,1,38,105
881.0,326.17,-869.0,4,38,105
831.0,200.75,-1369.0,3,38,105
874.0,63.89,-1462.0,3,38,105
1067.0,212.6,-1399.0,5,38,105
831.0,167.3,-1586.0,5,38,105
1024.0,141.36,-662.0,7,42,111
1060.0,131.17,-1412.0,9,43,111
881.0,197.78,-1162.0,11,43,112
731.0,203.01,-1012.0,9,41,109
1024.0,353.7,-712.0,10,38,105
915.0,240.79,-1083.0,9,45,113
924.0,216.05,-1112.0,9,38,105
874.0,205.72,-712.0,8,38,105
1108.0,281.94,-619.0,8,38,105
1000.0,287.48,-712.0,7,42,111
1001.0,223.41,-812.0,7,44,113
1202.0,316.79,-769.0,7,38,105
781.0,302.74,-712.0,7,44,113
1024.0,224.69,-949.0,7,42,111
1065.0,278.93,-1006.0,7,38,105
924.0,291.7,-712.0,7,38,105
865.0,253.12,-712.0,7,38,105
974.0,202.82,-869.0,6,42,111
1117.0,281.33,-712.0,6,42,111
974.0,259.53,-712.0,6,38,105
688.0,253.8,-712.0,6,42,111
1074.0,218.3,-1299.0,6,42,111
1115.0,188.55,-1019.0,6,38,105
874.0,255.96,-1095.0,6,38,105
874.0,271.18,-1062.0,6,44,114
1074.0,334.5,-712.0,6,38,105
1024.0,230.15,-1612.0,6,44,114
974.0,312.36,-1019.0,6,44,113
1024.0,329.79,-312.0,6,42,111
831.0,356.09,-712.0,6,42,111
688.0,351.18,-783.0,6,42,111
1408.0,374.72,-806.0,6,38,104
1181.0,286.42,-962.0,6,42,112
831.0,264.55,-1369.0,6,44,113
1198.0,402.42,-712.0,6,42,112
1731.0,387.91,-912.0,6,42,112
1218.0,395.98,-712.0,6,42,112
1619.0,434.32,-1012.0,6,42,112
1769.0,352.6,-1499.0,6,42,112
1267.0,425.09,-712.0,6,42,112
1287.0,394.8,-2025.0,7,42,112
1955.0,308.48,-1286.0,7,42,114
2044.0,409.26,-712.0,7,42,114
1909.0,475.5,-902.0,7,42,114
1355.0,366.6,-812.0,7,42,114
1747.0,386.94,-869.0,7,42,114
1911.0,494.63,-929.0,7,42,114
1535.0,424.08,-712.0,7,42,114
1798.0,476.32,-1562.0,7,44,117
1453.0,438.45,-362.0,7,42,114
1375.0,339.6,-662.0,7,42,114
1933.0,391.96,-819.0,7,42,114
1356.0,331.61,-1269.0,7,42,114
1732.0,418.91,-812.0,6,42,115
1970.0,416.17,-1112.0,6,42,114
1532.0,338.86,-962.0,6,42,115
1016.0,283.94,-1112.0,6,42,113
1628.0,310.3,-712.0,7,42,113
1738.0,397.53,-712.0,7,44,115
1462.0,455.64,-662.0,7,44,115
2389.0,345.32,-962.0,7,42,113
1481.0,394.53,-1269.0,7,43,114
2313.0,379.7,-849.0,8,44,116
1505.0,420.48,-819.0,6,44,116
2214.0,543.24,-462.0,6,44,117
1900.0,527.34,-1256.0,6,44,117
1495.0,385.43,-712.0,6,44,117
2548.0,466.56,-571.0,6,44,117
1142.0,288.09,-915.0,6,44,117
1891.0,318.26,-806.0,6,44,117
1708.0,375.06,-875.0,5,44,117
1923.0,555.84,-712.0,5,44,117
2061.0,485.72,-612.0,5,44,117
1748.0,557.87,-1219.0,5,44,117
1906.0,632.09,-1162.0,5,44,115
1883.0,508.28,-1035.0,5,44,115
1870.0,618.53,-465.0,5,44,117
1828.0,548.16,-908.0,5,44,117
1703.0,472.85,-952.0,5,44,115
2190.0,658.24,-962.0,5,44,115
1905.0,696.48,-1234.0,5,44,115
1755.0,660.16,-469.0,5,44,115
1783.0,601.3,-656.0,5,44,117
1737.0,596.8,-712.0,5,44,117
2017.0,665.51,-469.0,5,44,117
1799.0,687.18,-676.0,6,44,117
2124.0,503.64,-712.0,6,44,117
2634.0,644.9,-1112.0,6,44,116
1877.0,563.27,-1119.0,5,44,117
2141.0,591.91,-1289.0,4,44,115
1733.0,675.58,-635.0,5,44,118
1914.0,694.87,-712.0,4,44,115
1759.0,657.61,-428.0,4,44,117
2260.0,680.12,-962.0,4,44,117
1955.0,649.4,-712.0,4,44,117
2171.0,670.76,-1369.0,4,44,117
2597.0,664.23,-613.0,4,44,117
2190.0,694.98,-550.0,4,44,117
2628.0,640.62,-1056.0,5,44,117
1578.0,526.54,-1156.0,5,44,117
1928.0,650.28,-662.0,5,44,117
1698.0,606.02,-462.0,5,44,117
1691.0,613.66,-862.0,5,45,117
1860.0,586.35,-869.0,5,45,117
1914.0,588.26,-802.0,5,45,117
2507.0,693.87,-1006.0,5,45,117
2212.0,783.56,-906.0,5,45,117
2296.0,786.15,-712.0,5,44,117
2451.0,740.1,-712.0,5,44,117
2311.0,708.07,-562.0,5,45,117
3134.0,822.09,-1079.0,5,44,117
2877.0,677.69,-362.0,5,45,117
2351.0,768.44,-947.0,5,45,117
2052.0,664.55,-1457.0,5,45,117
2001.0,619.04,-1236.0,5,45,117
2339.0,656.52,-1249.0,5,45,117
2200.0,861.43,-412.0,5,44,117
2054.0,743.06,-549.0,5,45,117
2475.0,854.03,-856.0,5,44,117
2656.0,748.08,-890.0,5,45,117
2051.0,786.49,-1526.0,5,44,118
2397.0,692.78,-612.0,6,45,117
2481.0,761.61,-419.0,6,45,117
2000.0,720.12,-1084.0,6,44,117
2609.0,781.12,-1904.0,6,45,117
2037.0,628.73,-449.0,6,45,117
2311.0,716.92,-662.0,6,45,117
3145.0,892.16,-601.0,5,45,117
2388.0,757.14,-1015.0,5,45,121
2121.0,840.01,-469.0,5,45,117
2521.0,1006.17,-112.0,5,45,117
2205.0,867.37,-390.0,5,45,117
2210.0,874.86,-469.0,5,44,117
2404.0,929.64,-199.0,5,44,116
2235.0,959.84,-212.0,5,44,116
2921.0,880.78,-993.0,5,44,116
2414.0,956.18,-626.0,5,45,118
2248.0,894.77,-1276.0,5,44,116
2593.0,959.58,-537.0,5,44,116
2628.0,947.8,-1040.0,5,44,116
2402.0,816.0,-1336.0,5,44,116
2954.0,979.78,-695.0,5,45,118
2655.0,923.53,-844.0,5,45,118
2323.0,914.61,-477.0,5,45,118
2970.0,963.03,-1323.0,5,45,118
3015.0,1021.41,-587.0,5,45,118
3346.0,998.42,-690.0,5,44,116
2334.0,955.86,-748.0,5,45,121
2275.0,945.37,-747.0,5,44,116
3128.0,1046.65,-549.0,5,45,118
3023.0,1033.41,-488.0,4,45,118
2862.0,971.36,-1206.0,4,45,118
2521.0,923.05,-1332.0,4,45,118
2806.0,859.42,-452.0,4,44,116
2411.0,949.37,-1286.0,4,45,118
3053.0,880.03,-469.0,4,45,118
2615.0,986.46,-1336.0,4,45,118
3865.0,1142.31,-349.0,4,45,118
2904.0,1057.25,-1192.0,4,45,118
2630.0,1053.81,-416.0,4,46,119
3315.0,1025.91,-806.0,4,44,116
3012.0,1121.71,-515.0,4,46,119
3289.0,1196.99,-299.0,4,46,119
3082.0,1038.22,-1743.0,4,46,119
2544.0,897.29,-519.0,4,44,117
2527.0,932.43,-531.0,4,46,119
3395.0,1021.52,-499.0,4,46,119
3059.0,1058.47,-262.0,5,46,119
3043.0,1007.59,-1357.0,5,46,119
2797.0,949.65,-336.0,5,45,118
2571.0,910.61,-499.0,5,47,121
2406.0,987.09,-919.0,5,45,118
2198.0,948.97,-269.0,5,46,119
3199.0,1027.56,-1164.0,5,47,120
3004.0,943.63,-491.0,5,46,119
3076.0,896.97,-593.0,5,45,124
2894.0,1058.93,-136.0,5,46,119
2822.0,999.73,-772.0,5,45,118
2334.0,923.82,-712.0,5,46,119
2429.0,850.64,-362.0,5,46,119
3656.0,961.88,-595.0,5,47,120
3495.0,1059.88,-836.0,5,45,118
2514.0,1041.0,-386.0,5,45,118
3278.0,920.17,-162.0,5,46,119
2644.0,1068.38,-340.0,5,46,119
2798.0,1004.38,-656.0,5,46,119
2882.0,1041.61,-43.0,5,46,119
3047.0,852.32,-894.0,5,45,124
2543.0,1003.68,-341.0,5,46,118
2156.0,880.69,-2252.0,5,46,120
2384.0,988.92,-319.0,5,46,118
4325.0,1096.64,-49.0,5,45,124
2766.0,1016.96,-1970.0,5,47,121
3413.0,978.09,-270.0,5,46,118
2607.0,903.3,-712.0,5,46,118
2939.0,941.98,-996.0,5,46,118
3003.0,893.56,-713.0,5,45,124
2467.0,969.12,-482.0,5,45,119
2878.0,1026.62,-662.0,5,45,124
2488.0,1095.64,-1118.0,5,45,124
2151.0,999.54,-799.0,5,46,120
2485.0,1110.33,-1035.0,5,46,118
2612.0,1171.69,131.0,5,47,121
2991.0,1111.47,-986.0,5,45,124
2947.0,1125.03,-1415.0,5,46,120
2718.0,979.87,-541.0,5,46,120
2571.0,986.9,-956.0,5,45,124
2702.0,977.66,-935.0,5,45,125
2687.0,1091.67,-1373.0,5,45,125
2885.0,1098.16,-549.0,5,45,125
3245.0,983.36,-1043.0,5,45,125
2605.0,1002.1,-556.0,5,45,125
2792.0,876.99,-636.0,5,45,125
2748.0,994.37,-569.0,5,45,125
2691.0,841.91,-1243.0,5,45,125
2448.0,939.14,-487.0,5,47,122
2237.0,878.8,-264.0,5,46,118
3205.0,1030.92,-599.0,5,45,125
3052.0,969.16,-362.0,5,45,125
2431.0,980.96,-432.0,5,47,121
2702.0,949.52,-309.0,5,45,125
2558.0,1050.85,-370.0,5,46,118
2857.0,935.72,-214.0,5,45,126
2871.0,972.16,-633.0,5,46,118
2364.0,998.75,-955.0,7,45,125
2491.0,1017.72,-1428.0,7,45,125
2519.0,994.39,-1043.0,7,50,125
2079.0,951.31,-896.0,8,50,125
2403.0,1059.16,-396.0,8,46,118
2451.0,1128.7,-568.0,8,46,118
2381.0,1053.22,-712.0,9,45,125
2348.0,898.93,-695.0,9,46,118
3356.0,972.2,-323.0,8,50,125
2554.0,1043.96,214.0,7,46,119
2755.0,920.89,-249.0,7,46,118
3108.0,948.83,-1056.0,7,46,118
2212.0,833.54,-350.0,7,49,123
2721.0,969.98,-489.0,7,45,125
2862.0,1011.42,-211.0,7,45,125
2131.0,959.88,-549.0,7,54,147
2626.0,1055.83,-559.0,7,49,123
2854.0,1188.39,-82.0,7,49,124
2454.0,1078.79,-462.0,7,46,119
2715.0,1103.22,-549.0,7,46,119
2477.0,1036.9,-241.0,6,49,124
2866.0,1165.0,-400.0,6,49,124
2890.0,1023.92,-386.0,6,49,124
3121.0,1019.09,-603.0,6,49,124
2482.0,1059.96,-362.0,6,48,136
2931.0,1029.86,-306.0,7,49,124
2865.0,1061.44,-1059.0,7,48,136
3074.0,828.62,-1169.0,8,45,125
3038.0,1085.51,-349.0,7,50,138
2705.0,1094.99,-1246.0,7,49,124
2723.0,1135.75,-227.0,8,46,126
2255.0,1073.18,-377.0,6,46,129
3191.0,1087.45,-12.0,7,49,125
2621.0,1071.43,-732.0,7,46,129
2491.0,1035.07,-430.0,6,49,124
2708.0,1108.77,-792.0,6,46,129
2972.0,1203.39,-212.0,6,46,129
2515.0,1119.96,-193.0,6,46,129
3054.0,1076.26,-662.0,6,46,129
2819.0,1034.61,-499.0,6,49,124
2865.0,978.16,-206.0,6,49,124
2883.0,1103.8,-419.0,6,54,146
2760.0,952.4,-655.0,6,50,139
2451.0,1001.29,-599.0,6,54,146
2782.0,967.63,-542.0,6,49,124
2796.0,1101.65,-312.0,6,54,146
2819.0,1090.46,-1162.0,6,46,129
2478.0,1006.89,-362.0,6,54,146
3355.0,1109.87,-378.0,6,54,146
3517.0,1102.77,-400.0,6,54,146
2587.0,1027.89,-436.0,6,54,146
3265.0,1146.97,-186.0,6,54,146
3494.0,1011.1,-595.0,6,54,146
3368.0,1197.7,-449.0,6,50,139
3106.0,1088.94,-1129.0,6,54,146
3080.0,1187.75,-336.0,6,54,146
4191.0,1121.94,-515.0,6,49,124
3571.0,1156.74,-671.0,6,54,146
3457.0,1145.24,-262.0,6,54,146
3364.0,1162.1,-562.0,6,54,146
2897.0,1199.31,-336.0,6,54,146
3767.0,1160.07,-349.0,6,55,147
2674.0,1042.63,-112.0,7,55,147
3095.0,1122.56,-599.0,7,56,148
2793.0,1057.93,-712.0,9,50,126
2967.0,1121.07,-432.0,9,55,147
3041.0,1102.67,-712.0,9,58,150
2910.0,1082.35,-607.0,9,52,128
2907.0,1087.32,-603.0,9,49,123
3095.0,1171.65,-1706.0,9,52,128
2698.0,1125.55,-1059.0,9,55,148
2646.0,1077.49,-279.0,9,49,123
3437.0,1159.5,-1309.0,9,49,123
3359.0,1025.08,-349.0,9,55,148
3624.0,1109.04,-833.0,8,50,124
2978.0,891.36,-769.0,8,52,128
3255.0,1115.87,-1062.0,8,55,148
3024.0,1220.62,-306.0,9,55,148
3115.0,1153.4,-712.0,7,52,128
3925.0,1128.24,-269.0,7,49,123
2835.0,1108.61,-547.0,7,58,151
3363.0,1172.85,-549.0,7,49,123
3231.0,1106.21,-599.0,7,58,151
3590.0,1304.04,-549.0,7,58,151
3032.0,1194.93,-113.0,7,52,128
3128.0,1195.69,-436.0,7,49,124
3252.0,1269.49,-581.0,8,49,124
2980.0,1240.92,-385.0,7,55,149
3285.0,1074.81,-499.0,7,49,124
3001.0,1266.05,-276.0,6,52,128
2676.0,1078.0,-915.0,6,52,128
3008.0,1196.47,-69.0,6,49,124
3283.0,962.85,-556.0,6,58,151
3287.0,1182.49,-2.0,6,49,124
2940.0,1249.37,-469.0,6,52,128
2904.0,1169.46,-1012.0,6,55,149
3221.0,1309.31,-386.0,6,52,128
3758.0,1336.73,-823.0,6,52,128
3116.0,1261.19,-692.0,6,49,124
3224.0,1269.1,-567.0,6,52,128
3320.0,1265.75,-386.0,6,55,149
3068.0,1153.1,-602.0,6,58,152
3276.0,1193.03,-512.0,6,58,152
3494.0,1384.88,-553.0,6,52,128
3190.0,1380.38,-517.0,6,58,152
2939.0,1262.05,-1162.0,4,55,148
3379.0,1286.13,-291.0,4,52,128
3306.0,1375.64,184.0,4,49,125
3760.0,1230.05,-444.0,3,52,128
3180.0,1338.4,-306.0,3,52,128
3591.0,1451.52,-187.0,3,52,128
3103.0,1188.12,-269.0,3,52,128
4211.0,1283.28,26.0,3,52,128
3165.0,986.67,-885.0,2,52,130
3220.0,1316.65,-493.0,2,52,129
3890.0,1203.2,-918.0,2,52,129
3326.0,1401.58,-708.0,2,52,129
3449.0,1429.59,-595.0,2,52,129
3790.0,1437.81,-332.0,2,52,129
3130.0,1315.36,-493.0,2,52,129
3689.0,1362.54,-189.0,2,58,152
3320.0,1424.94,-1006.0,2,52,129
3470.0,1475.95,-1139.0,2,52,129
3602.0,1492.18,-509.0,2,52,129
4037.0,1299.71,-913.0,2,52,129
3098.0,1478.62,26.0,2,52,129
3812.0,1479.71,-806.0,2,52,129
3198.0,1513.81,18.0,2,52,129
4604.0,1424.25,-556.0,2,52,129
3774.0,1689.77,-352.0,2,52,129
3705.0,1656.29,-244.0,2,52,129
3562.0,1595.12,88.0,2,52,129
3753.0,1647.64,-536.0,2,52,129
3726.0,1531.13,-894.0,2,52,129
3457.0,1481.61,-839.0,2,52,129
3699.0,1499.15,-223.0,2,52,129
4154.0,1540.89,-912.0,2,52,129
4325.0,1648.8,-1179.0,2,52,129
4447.0,1525.24,-577.0,2,52,129
3790.0,1639.34,127.0,2,52,129
3694.0,1659.01,-591.0,2,59,154
3247.0,1669.23,264.0,2,53,130
3875.0,1626.75,-643.0,2,53,130
3467.0,1430.95,-388.0,2,53,130
4328.0,1550.83,-327.0,2,53,130
3505.0,1438.27,-1222.0,2,53,131
4246.0,1682.15,-549.0,2,53,131
3385.0,1543.35,-1149.0,2,53,132
4076.0,1695.1,-570.0,2,53,130
3939.0,1711.22,-66.0,2,53,132
4349.0,1688.72,-426.0,2,53,129
4117.0,1493.48,-148.0,2,53,129
3607.0,1496.15,-160.0,2,59,153
4075.0,1765.85,-527.0,2,59,153
4494.0,1513.47,-493.0,2,53,132
3408.0,1537.33,-1349.0,2,59,153
3511.0,1777.54,109.0,2,53,132
3787.0,1725.43,18.0,2,59,153
3589.0,1683.58,-189.0,2,53,132
3935.0,1661.84,-1013.0,2,59,153
3882.0,1761.36,473.0,2,59,153
3585.0,1805.22,-516.0,2,59,153
4077.0,1671.94,-706.0,2,59,153
3955.0,1725.88,-745.0,2,59,153
3574.0,1670.99,-658.0,2,59,153
4306.0,1783.62,-426.0,2,53,132
3610.0,1841.68,272.0,2,59,154
4109.0,1777.18,45.0,2,59,154
3144.0,1513.8,-662.0,2,53,132
3968.0,1776.49,-265.0,2,53,133
4582.0,1893.2,101.0,2,54,134
3942.0,1808.43,74.0,2,59,154
3595.0,1673.98,-590.0,2,59,154
3522.0,1691.35,-992.0,2,59,154
3815.0,1658.58,-209.0,2,59,154
4576.0,1691.43,-411.0,2,54,134
4099.0,1891.71,-323.0,2,59,154
3554.0,1605.68,-557.0,3,59,154
4241.0,1369.43,-619.0,3,59,154
3441.0,1638.54,-449.0,3,59,154
3754.0,1510.59,-451.0,3,59,154
3744.0,1714.07,-16.0,3,54,133
3753.0,1567.86,4.00000000001,3,59,155
4237.0,1648.5,-199.0,3,54,134
3756.0,1589.65,-169.0,3,54,134
3920.0,1669.92,-269.0,3,54,134
3786.0,1660.31,-752.0,3,54,134
3940.0,1623.0,410.0,3,59,155
3646.0,1685.36,301.0,3,54,134
3507.0,1503.07,-319.0,3,54,134
3796.0,1610.12,-19.0,3,54,134
4009.0,1631.76,-469.0,3,59,155
4394.0,1649.38,-219.0,3,64,177
4352.0,1722.01,301.0,3,54,134
3935.0,1532.85,-1024.0,3,59,155
4489.0,1493.49,-516.0,3,54,134
4576.0,1689.6,-193.0,3,54,134
3929.0,1435.34,-756.0,3,54,134
3674.0,1616.81,-186.0,3,54,135
3387.0,1395.87,-785.0,3,54,135
4159.0,1513.64,-678.0,3,64,178
3675.0,1704.88,-19.0,3,59,155
3657.0,1633.86,-589.0,3,54,135
3477.0,1426.04,-299.0,3,54,135
3954.0,1589.65,-119.0,3,60,156
3353.0,1477.07,-442.0,3,59,155
3858.0,1742.12,-759.0,3,54,135
3738.0,1737.46,-326.0,3,59,156
4425.0,1811.97,-962.0,3,54,136
4741.0,1675.94,377.0,3,54,136
3521.0,1490.55,-428.0,3,54,136
3761.0,1742.3,115.0,3,54,136
4267.0,1667.64,-289.0,3,59,155
4057.0,1748.89,287.0,3,54,136
4094.0,1683.98,-852.0,3,59,155
3666.0,1833.82,213.0,3,59,155
4171.0,1745.96,39.0,3,59,155
4303.0,1795.88,291.0,3,54,137
3959.0,1720.02,-311.0,3,54,137
4017.0,1723.65,248.0,3,59,155
3985.0,1675.57,-460.0,3,54,137
4550.0,1532.51,-1126.0,3,59,155
3757.0,1638.33,-49.0,3,54,138
3057.0,1469.89,-1011.0,3,54,138
4725.0,1544.31,-577.0,3,59,156
4261.0,1621.72,-403.0,3,59,156
4137.0,1779.17,-821.0,3,59,156
4124.0,1597.98,-1113.0,3,54,138
4233.0,1709.97,-585.0,3,54,139
4866.0,1839.16,-152.0,3,54,138
5175.0,1717.36,-448.0,3,59,156
4840.0,1708.2,-417.0,3,59,156
4266.0,1882.17,-233.0,3,64,178
4005.0,1609.55,-699.0,3,64,178
4245.0,1649.68,-819.0,3,59,156
3735.0,1587.68,-595.0,3,59,156
4779.0,1689.47,-1045.0,3,59,156
4310.0,1826.45,126.0,3,59,156
4550.0,1583.06,-565.0,3,59,156
4975.0,1647.24,40.0,3,54,139
4260.0,1739.64,-299.0,3,64,178
5029.0,1750.64,11.0,3,54,140
4388.0,1626.33,-776.0,3,54,140
3337.0,1506.57,-1031.0,3,60,157
4001.0,1838.75,-712.0,2,60,157
4177.0,1784.48,-358.0,2,54,141
4482.0,1836.74,-497.0,2,60,157
4420.0,1920.29,61.0,2,60,157
4788.0,1768.44,-586.0,2,60,157
4475.0,1854.51,-584.0,2,60,157
4837.0,1755.58,-247.0,2,60,157
4175.0,1725.77,-2012.0,2,60,157
5150.0,1745.91,-399.0,2,60,157
4925.0,1751.24,-239.0,2,54,141
4286.0,1876.08,-495.0,2,54,141
4307.0,1764.71,-1136.0,2,54,141
4077.0,1817.34,-438.0,2,54,141
3619.0,1732.16,-393.0,2,54,141
4440.0,1686.94,-99.0,2,60,157
4613.0,1858.2,-113.0,2,54,142
4136.0,1753.58,-78.0,2,55,143
4222.0,1884.01,-493.0,2,60,157
4199.0,1928.72,-299.0,2,56,144
4159.0,1675.78,-399.0,2,55,143
4384.0,1743.0,-209.0,2,55,143
4252.0,1887.56,-349.0,2,56,144
5127.0,1662.39,-1379.0,2,60,157
3649.0,1677.29,-488.0,2,60,157
4402.0,1677.67,-299.0,2,56,144
4222.0,1720.22,-1515.0,2,55,143
3416.0,1505.87,-189.0,2,56,144
4406.0,1794.68,-351.0,2,60,157
3977.0,1735.44,16.0,2,56,144
4334.0,1682.99,-1016.0,2,60,157
3862.0,1591.09,-508.0,2,60,157
3590.0,1700.53,22.0,2,61,158
4358.0,1517.77,-432.0,2,61,158
4575.0,1611.86,-319.0,3,61,158
4491.0,1633.67,-438.0,3,56,145
4294.0,1696.46,-322.0,3,61,158
4264.0,1714.5,-436.0,3,61,158
4150.0,1678.82,-182.0,3,56,145
3676.0,1707.76,202.0,3,61,158
3931.0,1524.1,-205.0,3,61,158
4166.0,1519.68,-504.0,3,61,158
3706.0,1479.59,-222.0,3,61,158
4893.0,1610.05,-422.0,3,61,158
4541.0,1547.34,-1233.0,3,61,158
3918.0,1790.67,10.0,3,56,146
4435.0,1868.41,85.0,3,61,158
4069.0,1779.97,-712.0,3,61,158
3866.0,1690.07,-162.0,3,61,158
4356.0,1676.33,-412.0,3,56,146
4821.0,1736.17,-153.0,2,61,159
3949.0,1722.4,-47.0,2,61,159
4457.0,1776.01,-162.0,2,61,159
4850.0,1695.82,-223.0,2,61,160
4346.0,1586.21,-1258.0,2,61,160
3507.0,1613.24,-98.0,2,61,160
4071.0,1810.37,450.0,2,61,160
4568.0,1911.98,-11.0,2,61,160
4162.0,1748.16,28.0,2,61,160
4257.0,1646.34,-386.0,2,61,160
4900.0,1783.18,-206.0,2,61,160
3626.0,1443.02,-379.0,2,61,160
3885.0,1608.77,-79.0,2,62,161
3496.0,1715.59,44.0,2,62,161
4397.0,1807.78,177.0,2,62,161
5080.0,1685.55,-112.0,2,62,161
4850.0,1663.56,-559.0,2,62,161
4504.0,1601.07,-209.0,2,62,161
5245.0,1507.77,-450.0,2,62,161
4371.0,1570.66,-847.0,2,62,161
4054.0,1635.55,-729.0,2,62,161
4151.0,1638.77,-656.0,2,62,161
4074.0,1790.73,217.0,2,62,161
3735.0,1737.28,-549.0,2,62,161
4295.0,1729.31,-653.0,2,62,161
5353.0,1961.58,-270.0,2,62,161
3947.0,1853.07,-51.0,2,62,161
3735.0,1619.49,-409.0,2,62,161
4705.0,1815.31,66.0,2,62,161
4389.0,1944.18,-30.0,2,62,161
4149.0,1804.21,-357.0,3,62,161
4800.0,1598.3,-362.0,3,62,161
4289.0,1676.09,66.0,3,62,161
5131.0,1725.68,14.0,3,62,161
4681.0,1491.43,-700.0,3,62,161
4214.0,1728.07,-549.0,3,62,161
4800.0,1600.11,-139.0,3,62,161
4949.0,1599.97,-261.0,3,62,161
4193.0,1621.42,44.0,3,62,161
6625.0,1590.49,-1095.0,3,62,161
4304.0,1649.19,6.0,3,62,162
4911.0,1813.13,-591.0,3,62,162
4309.0,1455.32,-580.0,3,62,162
3877.0,1563.15,-719.0,3,62,162
4718.0,1598.29,-725.0,3,62,162
4566.0,1766.01,-689.0,3,62,162
3772.0,1547.36,-436.0,3,62,162
3693.0,1458.72,-653.0,3,62,162
4249.0,1624.99,1.00000000001,3,62,162
4147.0,1742.44,-189.0,3,62,162
4684.0,1693.03,-339.0,3,62,162
3416.0,1656.61,-76.0,3,62,162
4438.0,1784.47,-301.0,3,62,162
4380.0,1624.93,-299.0,3,62,162
4750.0,1535.71,-838.0,3,62,162
5775.0,1816.06,60.0,3,62,162
4120.0,1533.1,-185.0,3,62,162
5175.0,1716.81,-587.0,3,62,162
3701.0,1657.27,-1003.0,3,62,162
4056.0,1605.72,-282.0,3,62,162
3992.0,1697.8,-329.0,3,62,162
4223.0,1671.36,-215.0,3,62,162
4936.0,1730.21,-227.0,3,62,162
4684.0,1709.94,-1046.0,3,62,162
4195.0,1736.35,-36.0,3,62,162
5500.0,1715.18,-549.0,3,63,163
4743.0,1751.44,-902.0,3,62,162
4916.0,1655.62,-441.0,3,63,163
5004.0,1605.66,-439.0,3,63,163
4950.0,1767.52,-443.0,3,62,162
4344.0,1725.14,110.0,3,63,163
4208.0,1694.43,-69.0,3,63,163
4044.0,1566.76,-1162.0,3,63,163
4532.0,1566.11,-960.0,3,63,163
4675.0,1745.48,-11.0,3,63,163
4614.0,1606.85,-344.0,3,63,163
3845.0,1468.67,-419.0,3,63,163
3989.0,1455.4,-389.0,3,63,163
3888.0,1570.87,-143.0,3,63,163
4175.0,1493.6,-181.0,3,63,163
4505.0,1740.05,-10.0,3,63,163
4587.0,1663.48,-601.0,3,63,163
4520.0,1440.73,-78.0,3,63,163
4397.0,1431.71,-157.0,3,63,163
4853.0,1496.0,-712.0,4,63,163
4666.0,1287.08,-352.0,4,63,163
3158.0,1280.96,-921.0,4,63,163
3376.0,1368.39,-1274.0,4,63,163
3994.0,1567.12,-289.0,4,73,212
4200.0,1605.12,-462.0,4,63,163
3622.0,1757.94,-56.0,4,73,212
5090.0,1651.37,-352.0,4,63,163
3850.0,1405.13,-589.0,4,63,163
4292.0,1730.99,93.0,4,63,163
5350.0,1560.28,-196.0,4,63,163
4080.0,1647.42,-355.0,4,63,163
4074.0,1609.67,-620.0,4,63,163
3645.0,1700.93,-20.0,4,71,201
3645.0,1638.55,-223.0,4,71,200
3482.0,1589.73,-515.0,4,63,163
3998.0,1518.46,-252.0,4,63,164
3722.0,1374.93,-672.0,4,63,164
4781.0,1744.19,-235.0,4,63,164
4321.0,1581.5,-186.0,4,63,164
3935.0,1688.99,-416.0,4,63,164
5267.0,1803.53,-279.0,4,63,164
4410.0,1662.15,-523.0,4,63,164
4617.0,1786.75,-299.0,4,63,164
4357.0,1689.07,-77.0,4,73,212
4250.0,1726.02,-1236.0,3,63,164
4078.0,1890.03,-441.0,3,63,164
4080.0,1767.34,-470.0,3,63,164
5175.0,1669.9,-135.0,3,63,164
4291.0,1775.42,-553.0,3,63,164
4387.0,1783.23,-329.0,3,63,164
3997.0,1790.84,-599.0,3,63,164
4248.0,1898.16,-529.0,3,63,164
4235.0,1546.63,-140.0,3,63,164
3706.0,1537.71,-562.0,3,63,164
4546.0,1737.07,-143.0,3,63,164
4336.0,1779.96,26.0,3,63,164
3626.0,1608.91,-659.0,3,73,212
4184.0,1738.37,-272.0,3,63,164
3708.0,1577.56,-229.0,3,63,164
4368.0,1537.39,-450.0,3,73,212
3560.0,1523.91,-392.0,3,73,212
3591.0,1575.65,-249.0,3,63,164
3522.0,1427.08,-665.0,3,73,212
4575.0,1650.45,-725.0,3,73,212
3948.0,1699.76,-280.0,3,63,164
3907.0,1688.88,141.0,3,73,212
4407.0,1495.71,-240.0,3,73,212
3550.0,1468.97,-1172.0,3,63,165
3729.0,1591.47,-257.0,3,63,165
4344.0,1647.29,-142.0,3,63,165
4195.0,1681.17,-1119.0,3,63,165
4425.0,1585.38,-1409.0,3,73,212
3721.0,1509.65,-299.0,3,63,165
3738.0,1492.68,-428.0,3,63,165
4415.0,1660.95,-498.0,3,63,166
3835.0,1580.82,-623.0,3,63,166
4725.0,1498.06,-842.0,3,63,166
4652.0,1675.99,-743.0,3,73,212
4438.0,1556.6,-949.0,3,73,212
4421.0,1515.62,-1400.0,3,63,166
3791.0,1453.37,-147.0,3,73,212
4269.0,1598.75,-603.0,3,63,166
3991.0,1588.77,-1552.0,3,73,212
4093.0,1376.11,58.0,3,63,166
3614.0,1451.11,-581.0,3,63,166
3896.0,1523.97,-482.0,3,63,166
3257.0,1381.74,-679.0,3,73,212
3084.0,1404.5,-467.0,3,72,202
3717.0,1309.77,-949.0,3,63,166
3558.0,1470.64,-882.0,3,63,166
3490.0,1199.59,-410.0,3,73,212
4170.0,1394.18,-595.0,3,73,212
3605.0,1330.86,-169.0,3,63,166
3526.0,1327.06,-676.0,3,72,203
3804.0,1319.41,-323.0,3,72,203
4046.0,1446.98,-972.0,3,63,167
5050.0,1439.47,-752.0,3,63,166
3577.0,1553.25,-574.0,3,63,167
3319.0,1471.43,-350.0,3,63,166
3396.0,1474.01,-965.0,2,63,166
3280.0,1309.25,-1370.0,2,63,166
4350.0,1466.12,-956.0,1,63,167
3908.0,1564.25,-122.0,1,63,166
3595.0,1565.24,-141.0,1,63,167
4346.0,1594.62,-595.0,1,63,167
5477.0,1541.27,-403.0,1,63,167
4551.0,1787.96,45.0,1,63,167
4696.0,1727.96,-418.0,1,63,168
4194.0,1610.4,-592.0,1,63,167
6125.0,1636.81,-1963.0,1,63,167
3542.0,1483.08,-271.0,1,63,167
4341.0,1519.61,-612.0,1,63,167
3669.0,1624.99,-168.0,1,63,167
3861.0,1560.94,-1056.0,1,63,167
3610.0,1540.6,-62.0,1,63,167
3914.0,1650.6,-239.0,1,63,168
4225.0,1551.22,-372.0,2,63,168
3787.0,1653.78,-58.0,2,64,169
4900.0,1683.98,-122.0,2,64,169
4536.0,1804.24,-412.0,3,64,169
4614.0,1573.05,-706.0,3,64,169
4313.0,1752.13,-175.0,3,64,168
4785.0,1744.72,-908.0,3,64,168
4882.0,1757.24,-90.0,4,64,169
4002.0,1766.91,-490.0,4,64,169
4174.0,1713.04,-421.0,5,63,168
3947.0,1675.92,-445.0,4,65,170
3604.0,1393.5,-595.0,4,65,170
5153.0,1787.34,-216.0,4,63,168
4288.0,1787.98,-414.0,4,65,170
4125.0,1669.3,-212.0,4,65,170
4351.0,1689.21,-204.0,4,65,170
4114.0,1624.67,-328.0,4,65,170
6092.0,1762.12,21.0,4,63,168
4275.0,1710.43,-366.0,4,63,168
4182.0,1538.52,-141.0,4,65,170
4217.0,1583.18,-420.0,6,64,169
4848.0,1628.6,-155.0,6,64,169
4307.0,1765.57,4.00000000001,7,64,170
4212.0,1641.45,-490.0,7,65,172
4369.0,1634.77,-1115.0,7,65,172
4436.0,1933.02,-32.0,6,64,169
4559.0,1534.53,-962.0,6,64,169
3515.0,1595.01,-593.0,7,65,172
4377.0,1488.96,-376.0,7,64,171
4213.0,1565.76,-815.0,7,66,173
3829.0,1509.05,-430.0,7,66,173
4878.0,1523.79,-750.0,8,65,172
4130.0,1514.56,-439.0,8,64,171
4645.0,1389.51,-408.0,8,66,175
5140.0,1659.77,-345.0,8,66,175
5016.0,1618.02,-315.0,9,64,171
3569.0,1603.23,-305.0,9,68,179
4118.0,1470.4,-788.0,9,66,173
3744.0,1474.99,-902.0,8,64,169
3925.0,1551.37,-572.0,8,64,169
4121.0,1486.91,-782.0,8,64,169
4160.0,1607.83,-549.0,8,64,169
