best,average,min,species,neurons,links
1515.0,259.65,-210.0,1,22,57
1245.0,340.7,-210.0,1,22,57
1870.0,434.1,-155.0,1,22,57
1740.0,665.25,-135.0,1,22,57
1825.0,789.15,-120.0,1,22,57
1915.0,717.1,-60.0,1,22,57
2310.0,844.1,-110.0,1,22,57
2430.0,990.85,-35.0,3,23,58
2390.0,1091.35,95.0,4,23,58
2265.0,1066.7,15.0,4,22,57
2275.0,1178.35,85.0,7,23,58
2355.0,1039.05,70.0,7,23,58
2170.0,1051.0,-85.0,9,23,58
2575.0,1079.1,15.0,8,23,58
2205.0,1148.8,0.0,8,26,62
2160.0,951.9,40.0,9,25,61
2120.0,1036.85,-65.0,9,25,59
1945.0,1016.8,150.0,9,25,59
2390.0,1155.55,90.0,9,23,58
2455.0,1105.4,-210.0,9,26,61
2400.0,1112.45,-35.0,9,25,59
1960.0,1093.85,-135.0,9,25,59
2535.0,1089.7,-35.0,9,23,57
1925.0,1027.1,-115.0,9,24,62
2410.0,1011.35,-150.0,10,25,59
2165.0,997.1,40.0,10,25,61
2080.0,1106.3,-30.0,11,25,61
2415.0,1089.0,-70.0,10,25,60
2195.0,1086.75,-110.0,10,25,60
2270.0,1107.25,45.0,10,25,60
2325.0,1096.3,15.0,10,25,61
2160.0,1027.85,-65.0,11,28,73
2150.0,1040.6,-110.0,11,23,56
2430.0,1104.15,5.0,11,25,61
2415.0,1117.65,-10.0,11,25,61
1985.0,1089.6,-130.0,11,25,61
2170.0,1047.25,-10.0,11,26,62
2635.0,1103.85,110.0,11,25,61
2590.0,1080.9,-85.0,11,25,61
2365.0,963.7,-210.0,10,26,62
2235.0,1073.85,-60.0,10,26,62
2590.0,1058.9,-100.0,11,26,62
2670.0,1011.45,-60.0,10,26,62
2930.0,1079.55,-50.0,10,26,63
2895.0,1076.1,230.0,10,26,63
2345.0,1011.2,55.0,10,25,62
2510.0,1091.75,-40.0,10,26,63
2280.0,1027.85,-35.0,10,28,76
2325.0,979.8,10.0,10,26,63
2190.0,982.85,-165.0,10,25,62
2960.0,1095.5,55.0,10,25,62
2945.0,1119.55,-95.0,10,26,62
2540.0,999.25,140.0,10,25,62
2615.0,1100.8,-60.0,10,26,62
2560.0,1148.0,155.0,10,26,72
2450.0,1009.75,-110.0,10,26,62
2440.0,1138.0,170.0,9,29,87
3340.0,1063.55,-40.0,8,29,87
2210.0,1203.0,130.0,7,25,63
2365.0,1250.7,175.0,7,25,63
2565.0,1204.3,85.0,7,29,88
2715.0,1190.25,0.0,7,29,88
2250.0,1174.2,-5.0,7,29,88
2305.0,1130.5,60.0,7,25,63
2670.0,1291.15,190.0,7,25,63
2640.0,1310.4,-165.0,7,29,88
2675.0,1231.8,205.0,7,29,88
2640.0,1302.45,270.0,7,25,63
2585.0,1275.4,-45.0,7,29,88
2460.0,1202.8,-60.0,7,29,88
2545.0,1242.0,95.0,7,25,63
2695.0,1308.3,-60.0,7,29,88
2435.0,1353.1,80.0,7,29,88
2505.0,1230.9,-15.0,8,29,88
2585.0,1288.75,255.0,7,29,88
2635.0,1261.35,105.0,7,29,88
2455.0,1183.9,5.0,7,29,88
2365.0,1240.65,130.0,7,29,89
2895.0,1251.65,-35.0,7,29,89
2685.0,1177.8,140.0,7,29,89
2955.0,1214.35,20.0,7,29,89
2960.0,1352.85,40.0,7,29,89
2650.0,1212.9,175.0,7,29,89
2255.0,1142.75,90.0,7,25,63
3250.0,1251.1,120.0,7,29,89
2675.0,1257.05,-70.0,7,29,89
3055.0,1256.15,225.0,7,25,63
2555.0,1235.05,195.0,7,29,89
2600.0,1233.7,165.0,7,25,63
3030.0,1163.7,15.0,8,25,63
2425.0,1169.1,195.0,7,29,89
2825.0,1332.05,90.0,6,25,63
3230.0,1209.1,90.0,7,29,89
2730.0,1321.35,135.0,7,29,89
2780.0,1147.7,15.0,7,25,63
2665.0,1252.6,115.0,7,25,63
2705.0,1270.75,90.0,7,29,89
2600.0,1243.4,165.0,7,25,63
2560.0,1135.25,95.0,7,29,89
2535.0,1143.2,20.0,7,25,63
2870.0,1100.55,15.0,7,25,63
2290.0,1164.6,-210.0,7,29,89
2580.0,1176.35,-155.0,7,25,63
2865.0,1243.3,250.0,6,29,89
2895.0,1295.5,185.0,5,29,89
3230.0,1300.95,280.0,5,29,89
3015.0,1331.65,0.0,5,29,89
3485.0,1389.65,185.0,5,25,63
2605.0,1315.55,90.0,5,26,64
2980.0,1485.9,170.0,5,30,91
2900.0,1451.35,370.0,5,26,64
3075.0,1364.3,80.0,5,26,64
2485.0,1369.35,15.0,5,31,91
2695.0,1413.4,175.0,5,30,90
2915.0,1381.9,40.0,5,26,64
3120.0,1486.5,-60.0,5,31,91
2485.0,1348.9,140.0,5,26,64
2855.0,1423.6,330.0,5,32,92
2800.0,1337.15,-95.0,5,26,63
3105.0,1353.3,290.0,5,32,92
2865.0,1319.95,-5.0,5,32,92
3025.0,1462.2,10.0,5,32,92
2760.0,1459.7,-60.0,5,26,63
3175.0,1312.9,15.0,5,32,92
3045.0,1434.75,85.0,5,32,92
2925.0,1475.7,220.0,5,26,63
2770.0,1497.05,165.0,5,32,92
2670.0,1425.1,380.0,5,32,92
2770.0,1452.3,285.0,5,32,92
3260.0,1482.85,230.0,5,32,92
2760.0,1417.85,130.0,5,32,92
2805.0,1413.65,195.0,5,26,63
3070.0,1405.25,55.0,5,32,92
3195.0,1437.3,-75.0,5,26,63
2470.0,1486.9,190.0,6,26,63
2650.0,1482.6,15.0,7,26,63
2570.0,1316.85,-15.0,7,32,92
2460.0,1356.85,100.0,7,26,63
2430.0,1245.85,-135.0,7,32,92
2245.0,1300.2,200.0,7,34,104
2700.0,1289.8,-60.0,7,26,63
2750.0,1338.25,-135.0,8,27,64
2830.0,1362.45,210.0,8,27,64
2410.0,1279.85,15.0,8,27,64
2595.0,1264.6,-135.0,8,27,64
2505.0,1298.9,240.0,8,28,69
2745.0,1371.45,370.0,8,27,64
2745.0,1299.0,205.0,8,32,92
2565.0,1466.35,175.0,8,32,92
2265.0,1331.35,5.0,7,28,69
2695.0,1404.3,-15.0,7,28,69
2580.0,1371.85,340.0,7,27,64
2990.0,1458.3,165.0,7,28,69
2945.0,1392.85,105.0,7,33,93
2645.0,1414.55,265.0,7,33,93
2630.0,1373.15,110.0,7,33,93
2800.0,1449.65,365.0,7,33,93
2640.0,1481.5,220.0,7,33,94
2695.0,1423.15,245.0,7,27,64
2780.0,1460.75,280.0,7,27,64
2440.0,1462.05,470.0,6,37,106
3120.0,1378.3,170.0,6,28,68
2775.0,1381.1,275.0,6,28,68
2735.0,1436.15,165.0,6,37,106
2970.0,1494.1,390.0,6,28,66
3070.0,1531.2,340.0,6,28,66
3025.0,1486.15,240.0,6,28,68
2960.0,1514.95,245.0,6,37,106
2940.0,1483.3,10.0,6,28,66
2940.0,1488.35,530.0,6,28,68
2475.0,1335.4,-15.0,6,28,66
2380.0,1331.95,0.0,6,37,106
2560.0,1395.15,-60.0,7,28,66
2590.0,1407.1,330.0,7,28,66
3020.0,1438.4,425.0,7,28,66
2455.0,1315.25,240.0,7,28,66
2600.0,1358.2,0.0,7,28,66
2360.0,1444.95,130.0,7,28,68
2705.0,1396.15,-155.0,7,37,107
2570.0,1387.15,190.0,7,37,107
2610.0,1367.65,-20.0,7,37,108
2325.0,1348.2,85.0,7,28,68
2590.0,1340.45,380.0,7,28,68
2705.0,1382.35,330.0,7,28,68
2675.0,1484.5,180.0,7,28,68
2360.0,1434.2,240.0,7,45,139
2995.0,1452.6,370.0,7,28,68
2760.0,1478.55,-135.0,7,45,139
3090.0,1372.65,15.0,7,45,139
2920.0,1478.35,360.0,7,37,108
2690.0,1481.2,-15.0,7,28,68
2855.0,1479.45,525.0,7,28,68
2545.0,1409.25,335.0,7,28,68
2865.0,1491.95,180.0,7,28,68
3015.0,1438.65,180.0,7,28,68
2695.0,1475.05,355.0,7,28,68
2940.0,1463.65,315.0,7,28,68
3005.0,1399.65,-35.0,7,29,68
2905.0,1468.6,160.0,7,37,107
3055.0,1567.0,420.0,7,45,140
2740.0,1437.95,320.0,7,28,68
3280.0,1560.1,365.0,7,28,68
3000.0,1567.2,310.0,7,28,68
3075.0,1462.6,285.0,7,45,140
3675.0,1557.5,250.0,7,28,68
3265.0,1537.2,340.0,7,28,69
2820.0,1463.35,-135.0,7,29,67
2730.0,1549.7,325.0,7,28,69
3240.0,1407.5,-210.0,7,45,141
3095.0,1525.15,370.0,7,28,69
2815.0,1519.5,155.0,7,28,69
3235.0,1514.2,290.0,7,37,107
3125.0,1504.2,190.0,8,45,141
2895.0,1513.1,245.0,8,29,70
3020.0,1595.5,355.0,8,29,70
3305.0,1448.6,-135.0,8,45,141
2705.0,1619.9,480.0,8,29,67
2795.0,1509.9,-10.0,8,29,70
2785.0,1590.55,80.0,9,46,142
3025.0,1439.15,285.0,9,29,70
3290.0,1526.55,240.0,9,29,70
3175.0,1520.75,-45.0,9,46,142
2780.0,1521.75,125.0,9,29,70
2605.0,1462.25,-145.0,9,46,142
3055.0,1564.45,-20.0,10,29,67
3390.0,1459.0,-30.0,9,46,142
2820.0,1464.9,205.0,9,37,108
2975.0,1480.15,40.0,9,37,109
2840.0,1488.3,220.0,9,43,135
3120.0,1489.65,-5.0,9,37,109
2805.0,1492.25,245.0,9,46,142
2735.0,1535.65,20.0,9,50,163
2870.0,1503.2,-10.0,9,46,142
2765.0,1481.4,-20.0,9,46,142
2855.0,1448.0,-15.0,9,46,142
3275.0,1544.05,-95.0,9,42,127
2850.0,1389.65,-145.0,9,29,70
2905.0,1422.35,210.0,9,50,164
2900.0,1451.3,380.0,9,43,136
3265.0,1623.6,30.0,10,29,70
3135.0,1573.6,180.0,10,34,93
3240.0,1551.85,-135.0,10,29,68
3105.0,1596.0,105.0,10,29,68
3960.0,1620.8,315.0,10,34,93
2785.0,1597.4,520.0,10,43,136
2945.0,1547.4,90.0,10,29,70
2960.0,1403.9,-15.0,10,47,144
3260.0,1543.35,405.0,9,29,69
3070.0,1664.25,205.0,8,35,93
2960.0,1591.25,445.0,9,35,93
3920.0,1654.05,-45.0,8,29,69
3015.0,1596.6,195.0,8,47,144
2820.0,1586.95,215.0,8,29,69
3055.0,1594.5,-60.0,8,35,94
3265.0,1635.95,205.0,7,35,95
2775.0,1586.95,230.0,7,35,95
2820.0,1517.4,565.0,7,29,69
3055.0,1652.0,20.0,6,48,145
3305.0,1559.0,340.0,6,29,69
3210.0,1602.75,105.0,6,29,69
3270.0,1619.45,240.0,6,29,69
3750.0,1682.7,480.0,6,48,145
3100.0,1683.55,660.0,6,48,145
2930.0,1711.0,425.0,6,29,69
3335.0,1826.2,-15.0,6,35,94
2725.0,1720.35,490.0,6,29,69
2850.0,1702.1,410.0,6,29,69
3040.0,1697.55,0.0,6,29,69
3505.0,1713.6,130.0,6,35,94
2995.0,1718.5,370.0,6,29,69
2935.0,1654.55,345.0,6,50,166
3245.0,1787.1,450.0,6,35,94
3015.0,1624.9,190.0,6,29,69
3210.0,1627.3,-30.0,6,29,69
3445.0,1667.45,390.0,6,29,69
3110.0,1673.75,245.0,6,29,69
3055.0,1675.15,305.0,7,35,95
2955.0,1627.55,445.0,8,35,95
3300.0,1599.0,120.0,8,29,69
3300.0,1502.4,-140.0,8,35,95
3305.0,1572.25,135.0,8,35,96
3130.0,1553.55,280.0,8,29,69
3575.0,1551.2,215.0,8,29,69
3220.0,1571.5,340.0,8,29,69
2670.0,1530.85,370.0,8,50,168
2975.0,1554.9,150.0,8,48,145
2545.0,1517.55,120.0,8,48,145
2990.0,1633.75,415.0,7,29,69
3685.0,1599.2,440.0,7,29,69
3055.0,1539.2,110.0,7,48,145
3505.0,1540.7,200.0,7,29,69
3090.0,1545.4,330.0,7,29,69
3290.0,1525.75,140.0,7,29,69
3305.0,1636.55,470.0,7,29,69
3480.0,1658.25,510.0,7,29,69
3340.0,1593.2,-60.0,7,29,69
3280.0,1712.1,405.0,7,29,68
2985.0,1606.9,260.0,7,55,172
3285.0,1580.6,280.0,7,48,144
2855.0,1626.25,235.0,6,29,68
3295.0,1665.6,135.0,6,29,68
3260.0,1586.55,-110.0,6,29,68
3445.0,1751.55,75.0,6,29,68
3095.0,1753.15,5.0,6,29,68
3345.0,1755.65,340.0,6,29,69
3295.0,1703.55,315.0,6,29,69
3605.0,1590.25,-135.0,6,29,69
3400.0,1594.3,165.0,6,29,69
3520.0,1754.4,380.0,6,29,69
3075.0,1775.4,440.0,6,29,69
3405.0,1647.7,420.0,6,29,69
3030.0,1681.3,430.0,6,29,69
2735.0,1563.85,30.0,6,35,97
3025.0,1763.6,195.0,5,57,175
3010.0,1724.2,620.0,5,29,69
3070.0,1745.6,220.0,5,57,175
3145.0,1663.1,385.0,5,57,175
3000.0,1666.05,165.0,5,35,97
3465.0,1717.35,460.0,5,29,69
2945.0,1765.1,325.0,5,29,69
3125.0,1724.6,390.0,4,47,143
3140.0,1709.7,90.0,4,29,69
2930.0,1781.75,245.0,4,29,69
3335.0,1754.55,-60.0,4,29,68
3020.0,1710.1,485.0,4,29,68
2885.0,1702.4,315.0,4,57,174
3075.0,1767.5,90.0,4,47,143
2915.0,1814.95,435.0,4,57,174
3325.0,1731.15,440.0,4,29,68
2950.0,1676.3,450.0,4,57,176
2755.0,1739.75,375.0,4,57,176
3225.0,1782.45,15.0,4,56,173
2795.0,1630.85,115.0,4,47,143
3510.0,1784.1,165.0,4,29,68
3130.0,1690.2,90.0,4,29,68
3470.0,1767.25,330.0,4,29,68
2995.0,1793.45,405.0,4,48,144
3150.0,1839.25,275.0,4,57,176
3560.0,1834.65,465.0,4,29,68
3400.0,1800.85,460.0,4,29,68
2885.0,1798.5,280.0,3,58,183
2990.0,1836.05,230.0,3,29,68
2880.0,1808.05,565.0,3,58,183
3550.0,1811.35,265.0,3,58,183
3175.0,1827.65,410.0,3,29,68
3245.0,1927.2,755.0,3,58,183
3220.0,1783.25,490.0,3,58,183
3230.0,1742.65,505.0,3,58,184
3135.0,1822.4,145.0,3,58,183
2985.0,1775.5,240.0,3,58,177
3305.0,1772.4,315.0,3,58,183
3230.0,1823.85,560.0,3,58,183
3195.0,1809.75,505.0,3,58,183
2925.0,1820.35,515.0,3,58,183
3315.0,1885.65,555.0,3,29,68
2975.0,1813.35,475.0,3,58,183
3275.0,1839.25,500.0,3,29,68
3315.0,1907.0,895.0,3,58,183
2880.0,1849.05,660.0,3,29,67
3285.0,1904.6,365.0,3,58,183
3055.0,1829.6,500.0,3,58,183
2915.0,1843.0,380.0,3,29,67
3620.0,1830.05,165.0,3,58,183
3270.0,1869.95,125.0,3,29,69
3255.0,1811.25,275.0,3,58,179
2970.0,1818.95,240.0,3,58,184
2900.0,1758.05,355.0,3,59,180
3305.0,1788.6,750.0,3,59,180
2925.0,1806.75,720.0,3,58,183
3080.0,1727.7,120.0,3,58,183
3180.0,1853.3,690.0,3,29,69
3255.0,1801.55,500.0,3,59,179
2955.0,1760.25,620.0,3,59,179
3375.0,1825.2,650.0,3,29,69
3560.0,1826.2,90.0,3,29,69
3400.0,1831.3,795.0,3,29,69
3170.0,1738.35,300.0,3,29,69
2795.0,1844.95,590.0,3,59,179
3280.0,1731.4,90.0,4,29,69
3875.0,1890.95,280.0,4,59,184
3340.0,1784.1,15.0,4,59,179
2965.0,1959.9,595.0,4,64,207
3390.0,1932.15,30.0,4,64,207
2950.0,1894.55,260.0,4,29,69
3130.0,1849.1,280.0,4,64,207
3275.0,1905.45,745.0,4,64,207
3245.0,1877.0,485.0,4,64,207
4040.0,1892.65,240.0,4,64,207
3345.0,1882.4,360.0,4,64,207
3150.0,1863.85,665.0,4,59,183
3325.0,1973.7,60.0,4,29,69
3390.0,1978.65,165.0,4,64,208
3230.0,1916.65,435.0,4,64,208
3065.0,1938.35,595.0,4,64,209
3285.0,2025.55,635.0,4,64,209
3325.0,2004.05,325.0,4,59,183
3100.0,1914.05,515.0,4,30,71
2930.0,1962.9,730.0,4,59,180
3485.0,1879.1,340.0,4,64,209
3070.0,1927.35,340.0,4,64,209
3175.0,2017.25,430.0,4,64,209
3395.0,1913.9,655.0,4,59,182
3225.0,1921.25,760.0,4,64,209
3270.0,1874.05,215.0,4,64,209
3105.0,1937.25,40.0,4,64,209
3065.0,1925.95,585.0,4,30,72
3095.0,1935.55,485.0,4,59,182
3280.0,1954.5,715.0,4,59,182
3240.0,1987.8,585.0,4,30,71
2875.0,1886.75,0.0,4,64,209
3620.0,1858.95,720.0,4,30,72
3370.0,1946.85,610.0,4,59,182
2970.0,1808.75,465.0,4,30,72
3285.0,1807.7,-210.0,4,64,210
2980.0,1953.1,165.0,4,59,182
3175.0,1902.45,495.0,4,30,72
3145.0,1920.0,865.0,4,59,182
3055.0,1874.3,480.0,4,64,210
3175.0,1967.05,685.0,4,30,71
2995.0,1778.65,-60.0,4,64,210
3355.0,1916.8,400.0,4,64,210
3215.0,2055.35,545.0,4,30,72
3465.0,1889.2,435.0,4,31,73
3250.0,1927.4,305.0,4,64,210
3205.0,2018.95,610.0,4,64,210
3410.0,1874.05,380.0,4,60,190
3660.0,1982.4,345.0,4,60,190
3320.0,1906.75,720.0,4,60,190
3145.0,1923.3,255.0,4,64,210
3170.0,1793.65,540.0,4,30,74
3270.0,1876.3,-5.0,4,30,74
3080.0,1994.25,355.0,3,30,75
3645.0,1959.65,240.0,3,30,75
3425.0,1954.9,-210.0,3,60,190
3360.0,1815.25,-50.0,3,30,75
3375.0,1763.85,30.0,3,64,210
3175.0,1869.9,555.0,3,60,190
3325.0,1903.5,385.0,3,30,75
3505.0,1883.35,275.0,3,30,75
3120.0,1846.75,860.0,3,30,75
2900.0,1778.25,545.0,2,60,191
3200.0,1761.85,300.0,2,64,210
3165.0,1917.85,840.0,2,60,192
3645.0,1903.75,785.0,2,64,210
3160.0,1794.55,530.0,2,60,191
2910.0,1790.6,545.0,2,64,210
3030.0,1810.95,675.0,2,60,190
3670.0,1909.35,270.0,2,60,191
2980.0,1922.2,920.0,2,64,210
3390.0,1995.6,545.0,2,60,191
3130.0,1846.05,635.0,2,60,191
2925.0,1948.75,865.0,2,60,191
3085.0,1957.6,885.0,2,60,191
3190.0,1923.8,515.0,2,64,210
3310.0,1919.6,645.0,2,60,191
3020.0,1952.35,670.0,2,60,192
3545.0,1824.8,540.0,2,60,192
3240.0,1994.45,905.0,2,60,192
3305.0,1903.6,270.0,2,64,209
3590.0,1999.15,295.0,2,64,209
3325.0,1897.15,670.0,2,60,192
3415.0,1885.3,415.0,2,60,192
3340.0,1974.8,500.0,2,60,192
3370.0,2037.35,460.0,2,60,192
3185.0,1971.05,485.0,2,60,191
3270.0,2039.9,500.0,2,65,210
3600.0,2049.3,225.0,2,60,192
3655.0,2035.9,810.0,2,60,191
3875.0,1961.5,495.0,2,60,191
3100.0,2021.45,585.0,2,65,210
3710.0,2111.3,595.0,2,60,191
3430.0,2104.8,885.0,2,60,192
3310.0,1975.55,630.0,2,65,210
3365.0,2012.3,530.0,2,60,191
3235.0,1983.2,255.0,2,65,210
3615.0,1976.5,480.0,2,60,192
3400.0,1996.05,520.0,2,60,192
3290.0,1982.55,670.0,2,65,210
3325.0,1887.95,385.0,2,65,210
3700.0,1897.65,205.0,2,60,192
3375.0,1875.0,365.0,2,60,192
3250.0,1887.55,760.0,2,60,192
4055.0,1883.0,560.0,2,60,192
3205.0,1967.75,675.0,2,60,192
3055.0,1879.7,280.0,2,60,192
3700.0,2039.15,315.0,2,65,210
3540.0,1984.05,665.0,2,60,192
3670.0,2030.2,590.0,2,60,192
3830.0,2068.85,305.0,2,60,192
3595.0,2021.15,670.0,2,60,192
3585.0,1961.5,790.0,2,60,193
3400.0,2017.55,530.0,2,65,210
3560.0,1940.7,430.0,2,60,192
3225.0,1963.1,215.0,2,60,192
3615.0,2061.55,50.0,2,65,210
3505.0,1970.45,465.0,2,60,191
3505.0,1925.5,390.0,2,60,192
3660.0,1904.15,255.0,2,60,192
3495.0,1890.0,725.0,2,60,193
3440.0,1924.15,135.0,2,60,192
3190.0,1920.0,15.0,2,60,193
3160.0,1995.6,845.0,2,60,193
3310.0,1913.5,620.0,2,60,193
3160.0,2037.05,845.0,2,60,192
3180.0,1999.05,880.0,2,60,194
3555.0,1866.5,675.0,2,60,192
3395.0,1925.85,480.0,2,60,192
3250.0,1970.35,970.0,2,65,212
3035.0,1917.3,515.0,2,60,192
3310.0,1847.75,180.0,2,65,213
3350.0,1963.9,705.0,2,60,191
3265.0,1890.3,605.0,2,60,192
3190.0,1904.5,585.0,2,60,192
3295.0,2018.55,585.0,2,65,213
3575.0,2000.75,545.0,2,65,213
3115.0,2013.4,485.0,2,60,192
3690.0,2155.1,855.0,2,60,192
3130.0,1950.5,355.0,2,60,192
3470.0,2031.0,245.0,2,65,212
3440.0,1924.05,530.0,2,60,192
3285.0,1968.7,370.0,2,60,192
3065.0,1970.55,475.0,2,65,212
3215.0,2003.25,540.0,2,65,212
3130.0,1864.25,-10.0,2,60,192
3655.0,1993.2,570.0,2,65,212
3780.0,1862.45,355.0,2,65,212
3135.0,1913.8,530.0,2,65,212
3655.0,2012.45,255.0,2,65,212
3465.0,1850.65,60.0,2,65,212
3325.0,1897.55,430.0,2,60,192
3000.0,1907.75,540.0,2,60,192
3410.0,1905.45,400.0,2,65,213
3250.0,1869.15,495.0,2,65,213
3095.0,1759.8,420.0,2,60,192
3630.0,2049.25,710.0,2,65,212
3420.0,1868.3,215.0,1,60,192
3335.0,1910.45,385.0,1,60,192
3725.0,1885.4,615.0,1,60,192
3290.0,1903.7,255.0,1,60,192
3505.0,2020.35,485.0,1,60,192
3390.0,1991.7,525.0,1,60,192
3445.0,1927.3,15.0,1,60,191
2965.0,1835.15,180.0,1,60,191
3220.0,1786.95,165.0,1,60,191
3700.0,1846.6,590.0,1,60,192
3185.0,1896.25,715.0,1,60,191
3795.0,2029.8,505.0,1,60,192
3510.0,1943.75,860.0,1,60,192
3845.0,1983.75,265.0,1,60,191
3205.0,1866.95,315.0,1,60,192
3655.0,1897.25,15.0,1,60,192
3720.0,2012.65,705.0,1,60,192
3680.0,2005.25,55.0,1,60,192
3265.0,1945.0,695.0,1,60,192
3510.0,1935.1,445.0,1,60,192
3830.0,1942.7,590.0,1,60,192
3795.0,2077.8,785.0,1,60,192
3470.0,2051.75,780.0,1,60,192
3590.0,1896.95,575.0,1,60,192
3830.0,1935.2,450.0,1,60,192
3360.0,1966.8,1000.0,1,60,192
3460.0,2087.2,0.0,1,60,192
3455.0,1947.05,-135.0,1,60,192
3290.0,1939.1,695.0,1,60,192
3480.0,2027.8,315.0,1,60,192
3600.0,2134.4,725.0,1,61,193
3255.0,2123.0,660.0,1,61,193
3655.0,2153.25,90.0,1,61,193
3360.0,2064.75,695.0,1,61,193
3325.0,2147.7,790.0,1,61,193
3740.0,2115.1,620.0,1,61,193
3595.0,1968.05,15.0,1,61,193
3605.0,2112.5,740.0,1,61,193
3675.0,2118.75,535.0,1,61,193
3425.0,2135.55,540.0,1,61,193
3435.0,2051.65,595.0,1,61,193
3635.0,2104.15,730.0,1,61,193
3715.0,2100.5,90.0,1,61,193
3545.0,2099.05,240.0,1,61,193
3440.0,2033.25,90.0,1,61,193
3435.0,2151.45,250.0,1,61,193
3095.0,2090.65,450.0,1,61,193
3605.0,2087.45,165.0,1,61,193
3710.0,2179.0,115.0,1,61,193
3395.0,2121.65,70.0,1,61,193
3600.0,2009.8,425.0,1,61,194
3610.0,1919.95,505.0,1,61,194
4105.0,2111.05,90.0,1,61,194
4030.0,2006.25,470.0,1,61,194
3195.0,1981.7,505.0,1,61,194
3400.0,1977.65,645.0,1,61,193
3460.0,2016.1,645.0,1,61,193
3570.0,2053.7,365.0,1,61,195
3450.0,2146.3,580.0,1,61,193
3130.0,2010.55,205.0,2,62,194
3650.0,2010.6,135.0,2,62,195
3500.0,1976.9,400.0,1,63,196
3265.0,2004.05,480.0,1,62,194
3310.0,1893.8,670.0,1,63,196
3585.0,2037.45,395.0,1,63,194
3660.0,2026.85,605.0,1,63,194
3670.0,2055.6,180.0,2,63,197
3260.0,1945.1,0.0,2,63,197
3505.0,1985.65,530.0,3,63,196
3790.0,1959.55,600.0,3,64,196
3420.0,2009.2,215.0,3,64,197
3680.0,2055.4,120.0,3,63,196
3395.0,1940.15,405.0,3,65,197
3765.0,1998.25,15.0,3,63,196
3380.0,2023.05,305.0,4,66,199
3675.0,2056.2,255.0,5,63,197
3325.0,1902.35,75.0,4,65,197
3650.0,1934.7,220.0,5,67,205
3255.0,1893.5,-40.0,5,65,197
3670.0,1948.5,640.0,5,65,197
3280.0,1934.2,430.0,5,67,200
3530.0,1961.0,430.0,5,65,198
3440.0,1957.5,530.0,5,65,198
3250.0,1816.3,190.0,5,63,199
3320.0,1952.9,40.0,6,67,205
3250.0,1822.4,-5.0,6,67,200
3555.0,1945.85,465.0,6,67,204
3270.0,1971.9,635.0,7,67,207
3275.0,1787.8,280.0,6,63,199
3110.0,1890.2,450.0,6,63,199
3275.0,1746.9,420.0,6,63,199
3285.0,1790.95,135.0,6,65,198
3625.0,1977.05,355.0,6,67,206
3395.0,1928.1,70.0,6,65,197
3145.0,1919.5,330.0,7,67,207
3035.0,1818.3,395.0,6,65,198
3120.0,1916.8,355.0,7,65,198
3225.0,1877.45,130.0,7,67,200
3705.0,1970.8,610.0,7,67,200
3210.0,1810.35,315.0,8,63,199
3190.0,1954.4,540.0,8,70,214
3910.0,1999.7,665.0,8,63,199
3770.0,1899.95,580.0,8,70,214
3415.0,1898.5,695.0,8,70,214
3220.0,1903.15,495.0,8,70,215
3035.0,1924.75,70.0,8,70,214
3380.0,1915.7,235.0,10,65,198
3575.0,1939.75,320.0,9,70,214
3620.0,1946.3,605.0,9,70,214
3355.0,1958.3,530.0,9,67,200
3615.0,1989.3,975.0,9,63,199
2875.0,1887.15,660.0,9,68,205
3065.0,1980.8,310.0,8,65,198
3360.0,1928.1,475.0,8,65,198
3060.0,1923.4,135.0,8,69,210
3615.0,1872.8,440.0,8,70,215
3785.0,1983.8,495.0,8,70,214
3455.0,1941.5,140.0,8,63,199
3485.0,1862.4,165.0,8,70,214
3515.0,1878.45,675.0,8,69,210
3185.0,1941.8,560.0,8,69,210
3140.0,1877.35,165.0,6,69,210
3080.0,1854.85,365.0,6,69,211
3185.0,1827.5,165.0,6,71,217
3045.0,1946.2,420.0,6,67,200
3120.0,1896.1,515.0,7,71,215
3280.0,1855.5,335.0,7,70,214
3375.0,1917.45,640.0,7,67,208
3495.0,1888.3,-20.0,7,67,209
3250.0,1916.2,355.0,6,69,211
3355.0,1990.2,435.0,6,67,209
3565.0,1986.7,600.0,6,71,217
3575.0,1943.6,615.0,6,67,209
3210.0,1938.7,515.0,8,67,209
3355.0,1879.35,470.0,7,67,202
3330.0,1884.2,165.0,8,67,209
3165.0,1904.55,360.0,8,67,209
3430.0,1881.1,480.0,8,73,224
3150.0,1925.8,-80.0,8,72,218
3360.0,1928.35,530.0,8,73,225
3275.0,1889.05,385.0,8,73,225
3560.0,1834.2,435.0,8,63,202
3265.0,1824.2,435.0,8,69,213
3675.0,1957.35,355.0,8,69,213
3450.0,1842.3,285.0,8,67,208
3245.0,2005.9,180.0,8,67,208
3210.0,1920.55,-15.0,9,72,223
3275.0,1999.3,710.0,10,73,229
3220.0,1896.8,690.0,10,69,214
3040.0,1832.45,680.0,10,73,228
3115.0,1803.5,285.0,9,72,223
3250.0,1761.8,540.0,9,67,208
3135.0,1761.6,270.0,9,72,223
3015.0,1804.1,-5.0,9,69,214
3085.0,1823.6,385.0,9,73,224
3260.0,1726.2,455.0,9,67,208
2970.0,1698.35,425.0,9,70,215
3350.0,1702.6,530.0,9,67,208
2860.0,1677.25,595.0,9,67,208
3160.0,1729.3,465.0,9,63,204
2780.0,1719.0,500.0,9,67,208
2795.0,1643.1,-15.0,9,67,208
3050.0,1650.45,320.0,9,74,231
2960.0,1669.45,90.0,9,73,224
3370.0,1793.6,585.0,9,73,227
3005.0,1815.45,665.0,9,73,226
2855.0,1780.05,-210.0,9,74,232
3190.0,1655.2,395.0,8,73,226
3305.0,1812.7,535.0,7,73,226
3370.0,1793.15,415.0,7,73,226
2830.0,1713.5,570.0,7,73,226
3480.0,1870.7,535.0,7,63,206
3305.0,1779.25,560.0,7,73,226
3250.0,1792.15,355.0,7,73,226
3370.0,1845.4,295.0,7,73,226
3500.0,1830.45,675.0,7,73,226
3240.0,1799.3,325.0,7,63,205
3450.0,1831.25,375.0,7,67,208
3550.0,1811.0,265.0,7,73,226
4050.0,1844.95,30.0,7,74,227
3125.0,1750.2,330.0,7,74,227
2965.0,1749.45,480.0,7,74,227
3365.0,1837.5,445.0,7,63,205
3065.0,1764.2,115.0,7,63,205
3545.0,1797.8,-60.0,6,74,227
3490.0,1826.9,580.0,6,75,237
3280.0,1797.3,340.0,6,63,205
3890.0,1910.75,405.0,6,74,227
3240.0,1837.65,405.0,6,63,205
3170.0,1789.9,-30.0,7,75,237
3085.0,1867.35,180.0,7,63,205
3275.0,1814.5,525.0,7,74,227
3830.0,1823.9,315.0,7,75,237
3120.0,1733.7,305.0,6,77,247
3390.0,1770.5,330.0,6,74,227
3120.0,1728.15,-30.0,5,74,227
3280.0,1792.7,305.0,5,74,227
3360.0,1734.05,360.0,5,74,227
3200.0,1785.0,800.0,5,74,227
3115.0,1753.95,695.0,5,74,227
2850.0,1709.9,235.0,5,74,227
3575.0,1797.55,240.0,5,74,227
3755.0,1690.6,-85.0,5,77,249
3275.0,1730.4,380.0,5,74,227
2900.0,1686.55,90.0,5,74,227
3225.0,1795.0,105.0,5,63,205
3095.0,1821.25,25.0,5,74,227
3340.0,1857.9,250.0,5,74,227
3500.0,1756.35,165.0,5,74,227
3345.0,1694.45,100.0,5,63,205
3175.0,1783.8,620.0,5,75,236
3565.0,1787.75,240.0,5,74,227
3105.0,1735.75,490.0,5,75,237
3410.0,1733.2,150.0,5,78,249
3205.0,1853.85,455.0,5,77,248
3100.0,1770.75,315.0,5,77,248
3080.0,1820.4,290.0,6,78,249
3015.0,1754.1,525.0,6,78,249
3510.0,1765.75,25.0,6,78,249
3640.0,1857.3,500.0,6,74,226
3735.0,1758.1,100.0,6,78,249
3245.0,1756.7,405.0,6,77,248
2945.0,1657.9,275.0,6,77,248
3085.0,1789.5,185.0,6,74,227
3240.0,1793.45,130.0,6,78,249
3410.0,1783.4,235.0,6,74,227
3030.0,1885.8,490.0,6,74,227
3390.0,1833.85,690.0,6,74,227
2975.0,1768.1,355.0,6,74,227
3170.0,1809.85,530.0,6,74,227
3310.0,1719.5,190.0,6,79,250
3290.0,1669.85,90.0,5,79,250
2655.0,1632.3,-150.0,5,77,249
3205.0,1630.65,195.0,5,79,250
3060.0,1686.05,-130.0,5,77,249
3205.0,1785.25,300.0,5,79,259
2815.0,1605.35,475.0,6,79,259
3110.0,1639.1,315.0,5,79,259
2900.0,1594.05,495.0,5,77,249
2845.0,1647.25,410.0,5,63,206
3385.0,1708.25,395.0,5,79,260
2885.0,1635.6,395.0,5,79,259
2655.0,1694.2,180.0,5,77,250
2695.0,1557.95,165.0,5,77,250
2535.0,1557.75,225.0,4,77,251
3270.0,1617.05,280.0,4,81,264
2995.0,1540.65,410.0,4,78,252
3495.0,1588.9,240.0,4,78,252
2800.0,1603.7,300.0,4,78,252
3645.0,1698.6,320.0,4,63,207
3060.0,1655.85,370.0,4,63,207
3455.0,1634.75,265.0,4,63,207
2585.0,1556.1,265.0,4,78,252
3005.0,1709.95,460.0,4,63,207
2730.0,1528.95,500.0,3,63,207
3060.0,1479.05,200.0,4,63,207
2920.0,1484.7,75.0,4,81,267
2800.0,1497.85,235.0,4,76,251
3375.0,1634.3,430.0,4,63,207
3110.0,1665.05,170.0,4,63,207
3175.0,1653.55,200.0,4,63,207
2830.0,1573.35,500.0,4,76,251
3355.0,1482.95,190.0,4,82,268
3320.0,1622.75,-65.0,4,76,252
3060.0,1425.95,45.0,4,82,268
3130.0,1625.75,-210.0,5,63,207
2920.0,1591.9,5.0,5,76,252
3180.0,1490.05,90.0,5,76,252
3245.0,1680.25,540.0,5,76,252
3015.0,1583.5,25.0,5,63,208
3070.0,1601.2,175.0,5,63,208
2940.0,1667.45,0.0,5,76,252
2670.0,1643.3,390.0,5,63,207
2665.0,1657.95,90.0,5,76,252
2855.0,1744.6,340.0,5,76,252
3640.0,1740.1,165.0,5,76,252
2825.0,1650.55,440.0,5,76,252
2805.0,1731.7,455.0,5,82,272
3250.0,1600.95,180.0,5,82,272
2905.0,1602.2,320.0,5,63,208
2930.0,1688.4,285.0,5,63,207
3270.0,1516.45,145.0,5,76,252
3250.0,1666.35,160.0,5,82,272
2625.0,1623.1,265.0,5,76,253
2880.0,1661.2,295.0,5,82,272
3060.0,1647.9,240.0,5,76,252
3285.0,1620.3,240.0,5,82,272
3215.0,1714.0,290.0,5,82,272
3150.0,1589.45,-135.0,5,82,272
3180.0,1707.35,250.0,5,84,288
2955.0,1743.05,-60.0,5,84,288
2960.0,1528.05,380.0,5,84,288
2910.0,1715.65,345.0,5,82,272
3140.0,1560.75,240.0,5,82,272
3490.0,1620.7,15.0,5,84,288
3165.0,1672.15,0.0,5,82,272
3695.0,1707.55,375.0,5,84,288
3275.0,1708.85,240.0,5,77,255
3370.0,1610.65,360.0,5,84,290
3390.0,1637.0,-135.0,5,84,290
2965.0,1675.2,465.0,5,82,272
3065.0,1724.55,305.0,5,82,272
3025.0,1633.35,205.0,5,84,290
3335.0,1857.1,50.0,5,82,271
3300.0,1813.85,570.0,5,82,271
2865.0,1641.2,160.0,5,82,271
2735.0,1831.05,615.0,4,84,290
3660.0,1857.9,175.0,4,82,271
3105.0,1838.65,420.0,4,84,290
3140.0,1820.55,165.0,4,84,290
3595.0,1809.75,520.0,4,82,271
3045.0,1822.65,730.0,4,82,271
3570.0,1768.8,385.0,4,82,272
3065.0,1849.55,-135.0,4,84,290
3290.0,1872.5,-170.0,4,82,273
2995.0,1886.3,220.0,4,84,290
3255.0,1886.75,15.0,4,82,274
3175.0,1739.2,510.0,4,82,274
3635.0,1848.8,200.0,4,82,274
2915.0,1671.9,120.0,4,77,257
2925.0,1894.4,600.0,4,82,274
3475.0,1713.15,405.0,4,77,257
3220.0,1832.35,260.0,4,77,257
2880.0,1811.15,255.0,4,77,257
3060.0,1827.3,595.0,4,82,274
2985.0,1840.8,535.0,4,64,208
2935.0,1846.15,395.0,4,84,290
3205.0,1885.2,385.0,3,82,274
2840.0,1732.3,395.0,3,82,274
3600.0,1859.6,645.0,3,84,290
3085.0,1872.25,515.0,3,82,274
3230.0,1974.35,85.0,3,64,206
3245.0,1901.3,255.0,3,82,275
2980.0,1925.6,270.0,3,84,290
3275.0,1821.55,145.0,3,82,275
2965.0,1869.6,740.0,3,82,275
3005.0,1884.1,430.0,4,82,276
3255.0,1874.4,700.0,4,64,208
2960.0,1816.2,720.0,4,85,291
3035.0,1969.85,920.0,4,83,290
3245.0,1830.7,-15.0,4,85,291
3155.0,1819.45,355.0,4,85,291
3020.0,1836.55,190.0,4,85,291
3365.0,1968.45,580.0,4,82,276
3025.0,1842.8,85.0,4,82,276
3685.0,1900.7,335.0,4,82,275
3320.0,1929.85,730.0,4,82,275
2965.0,1841.05,540.0,4,85,291
3440.0,1919.5,305.0,3,82,275
3125.0,1924.45,550.0,3,82,275
3205.0,1776.95,165.0,3,82,275
3560.0,1690.95,320.0,3,82,275
2820.0,1779.5,315.0,3,82,275
3285.0,1729.45,150.0,3,64,207
3435.0,1716.2,85.0,3,83,291
3285.0,1857.75,-15.0,3,82,276
3240.0,1945.7,505.0,3,82,275
3300.0,1824.45,695.0,3,82,275
3345.0,1825.35,55.0,3,83,276
3105.0,1738.4,255.0,3,82,275
3205.0,1862.35,595.0,3,82,275
3350.0,1769.7,185.0,3,82,275
3280.0,1822.65,160.0,3,82,275
3120.0,1963.7,735.0,3,83,291
3625.0,1878.5,560.0,3,83,291
3285.0,1911.45,315.0,3,82,275
3265.0,1840.35,480.0,3,82,275
3410.0,1800.2,520.0,3,82,275
3085.0,1733.75,205.0,3,83,291
3755.0,1745.2,390.0,3,82,274
3280.0,1852.05,610.0,3,83,275
3085.0,1767.75,535.0,3,64,208
3195.0,1768.95,555.0,3,82,274
3320.0,1760.3,715.0,3,83,292
2825.0,1827.95,665.0,3,64,208
3735.0,1798.35,355.0,3,83,275
3140.0,1808.9,285.0,3,83,292
3370.0,1769.5,770.0,3,83,292
3230.0,1691.35,-80.0,3,83,276
3240.0,1621.5,595.0,3,83,275
3225.0,1687.0,345.0,3,83,292
