best,average,min,species,neurons,links
1195.5,135.685,-1034.5,1,28,171
1566.5,384.52,-1009.0,1,28,171
2275.5,933.735,-743.5,1,28,171
2573.5,987.055,-559.0,1,28,171
2892.5,1226.12,-178.5,1,28,171
3225.0,1368.28,-1094.0,1,28,171
3845.5,1474.615,-846.0,1,28,171
3702.0,1426.49,-445.0,3,28,171
3855.5,1366.095,-704.0,3,29,171
4235.5,1721.845,-385.5,5,29,173
4875.0,1578.415,-131.5,7,29,173
4345.0,1600.77,-863.5,8,29,173
3249.0,1687.16,-243.0,13,29,172
3589.5,1397.5,-459.0,13,30,173
3546.0,1601.245,-303.5,12,29,170
4295.0,1792.715,-300.5,10,30,174
4419.0,1676.95,-449.5,9,32,174
3413.5,1509.46,-54.0,10,29,173
4384.5,1523.105,-409.0,11,32,174
4138.5,1524.205,-329.5,11,32,174
3805.0,1659.545,-233.5,11,29,173
3826.5,1646.695,-204.5,11,31,180
3927.5,1614.345,-179.0,11,32,176
4274.5,1818.73,-654.0,10,29,172
4074.0,1729.765,-83.5,10,29,173
4310.5,1756.765,-493.5,9,31,180
4048.5,1873.195,-373.5,10,30,170
4534.0,1849.955,135.0,10,31,179
4603.5,1777.715,-423.5,10,31,179
3992.5,1595.715,-853.0,10,31,179
4667.0,1566.74,-319.0,9,31,179
3923.5,1784.16,-204.0,9,30,170
3953.5,1912.345,-542.0,9,30,171
4379.0,1758.32,-458.5,6,31,179
3897.5,1939.83,-878.5,6,34,184
4058.0,1826.245,-219.0,5,34,184
4278.5,1841.175,-1228.0,6,33,175
4141.5,1611.03,-374.0,5,31,179
4030.0,1921.345,-364.0,5,35,185
4484.0,1863.295,-654.0,5,30,170
5157.0,1830.57,-779.0,5,31,179
4596.0,1919.26,-500.0,5,31,174
5446.0,1896.5,-743.5,5,31,179
4608.5,1895.45,-410.0,5,35,185
3693.5,1804.705,-399.5,5,33,176
4701.0,2183.28,-474.0,5,35,185
4810.0,1898.435,-433.5,5,30,172
4351.0,1860.055,-354.0,5,31,179
3756.0,1918.04,-258.5,6,31,179
4890.0,1967.405,-66.5,5,35,185
4591.0,1970.605,-113.0,6,35,185
5025.0,1878.31,-784.0,6,31,179
3873.0,2008.695,86.0,6,31,179
4108.0,1923.065,-638.0,6,31,179
4845.0,1976.25,-25.0,6,30,172
6150.0,2176.42,-244.0,6,30,171
5415.0,2135.245,230.5,6,30,171
5236.5,2057.895,-1929.5,6,30,171
4758.5,2273.37,-413.0,6,30,171
4791.5,2101.01,-139.5,6,30,171
4939.0,2133.54,-744.0,6,31,180
5036.0,2104.435,86.0,6,31,180
4935.0,2088.43,-1.49999999998,6,31,180
5140.0,2113.28,-373.5,6,30,171
4391.0,2052.575,-424.0,6,30,171
5904.5,1945.3,-619.0,6,30,171
4608.5,2087.305,-1057.5,6,30,171
5135.0,1874.01,-184.0,6,31,172
5213.5,2133.86,165.5,5,31,172
5325.0,1916.23,-722.5,5,31,172
4121.0,2092.545,20.5,5,31,171
6080.0,2172.23,26.5,6,31,171
5306.5,1731.315,-478.5,5,31,171
5695.0,2417.13,176.5,5,31,175
5060.0,2118.805,-118.5,5,31,171
4734.0,2138.215,-74.0,5,31,171
5045.0,2148.845,-119.0,5,31,171
5260.0,2175.355,-99.5,5,31,171
4945.0,2164.835,6.5,5,35,187
4964.5,2004.615,-429.0,5,31,172
5197.5,2113.165,-1304.0,5,31,176
4820.5,2362.265,-312.0,5,31,172
4520.5,2240.555,-1324.0,5,35,187
4947.0,2305.205,69.0,6,31,172
4729.5,2198.28,92.0,6,31,172
5060.0,2132.6,205.5,6,31,180
5028.0,2080.855,-209.5,6,31,176
4709.5,2285.835,-66.5,6,31,172
5247.5,2337.61,-88.5,6,31,172
5027.5,2139.77,-63.5,6,31,172
5668.0,2321.065,-699.5,7,31,172
4965.0,2104.8,-113.5,7,31,172
5865.0,2470.08,106.5,7,31,176
5560.0,2332.3,132.5,8,31,172
5185.0,2399.54,166.5,7,31,176
4352.5,2221.16,-604.5,7,37,197
5355.5,2267.53,-54.0,7,31,172
6080.0,2319.705,-198.5,7,37,198
5082.5,2395.98,-3.00000000001,7,37,198
4733.0,2219.465,-213.5,7,31,175
5100.5,2363.255,-544.0,7,37,198
5000.5,2465.04,-18.5,7,35,187
5665.0,2434.31,146.0,7,37,199
5406.5,2182.775,286.0,7,37,199
5712.5,2120.795,-1284.0,7,31,172
5638.5,2466.01,-119.5,7,31,172
5352.5,2187.13,-54.0,7,34,188
5040.0,2255.485,265.5,7,31,172
5130.0,2259.145,-287.5,7,31,172
4415.0,2168.01,86.0,6,31,172
4720.0,2459.47,523.5,6,35,188
5970.0,2355.455,15.0,7,31,174
6740.0,2093.175,178.5,7,31,174
4930.0,2247.37,-54.0,7,41,203
5085.0,2048.145,-403.0,8,31,174
4136.5,1949.225,-969.0,8,42,212
4825.0,2252.955,-54.0,8,31,174
4488.0,2118.545,-868.0,8,31,172
5090.0,2091.03,111.5,8,31,174
5975.0,2060.395,190.5,8,31,174
5263.5,2157.945,91.5,8,42,212
5200.0,2249.095,121.5,8,31,173
5162.5,2311.24,351.5,8,31,173
4678.0,2389.065,390.5,8,31,175
4497.5,2228.43,-143.5,7,40,200
5962.0,2305.105,275.5,7,31,173
4673.5,2379.56,226.5,7,37,198
5685.0,2345.345,-354.0,7,36,189
4683.0,2184.005,-533.5,7,31,173
5285.0,2159.535,121.5,7,37,198
5440.0,2223.73,-54.0,7,31,175
5390.0,2217.39,-198.0,7,31,173
5488.5,2195.035,-207.5,7,31,173
5860.0,2404.89,-54.0,7,31,173
5470.0,2309.43,-434.5,7,31,173
5120.0,2384.435,200.5,7,31,175
5500.0,2311.805,-134.0,7,37,198
5375.0,2392.57,291.5,7,37,198
5335.0,2364.88,297.0,8,41,202
6120.0,2385.27,311.5,8,37,198
5860.0,2010.24,-133.5,9,37,198
4523.5,1934.745,-259.0,9,31,175
4475.0,2064.865,-1119.0,9,31,175
4546.5,1807.87,16.0,9,42,212
4915.0,2014.73,-358.5,8,42,212
4868.0,2154.635,61.0,8,42,212
5700.0,2278.26,-139.0,8,36,189
5532.5,2221.835,51.0,8,31,175
6305.0,2331.08,-3.5,8,36,189
4475.0,1915.84,-163.0,8,31,175
5484.0,2172.125,121.5,8,31,175
4255.0,2008.135,551.5,8,42,212
4453.0,2114.345,-38.0,8,36,189
5640.0,2197.1,-848.5,8,36,189
4885.0,2125.425,-144.0,8,31,175
