best,average,min,species,neurons,links
1642.0,74.84,-758.0,1,28,18
2622.0,764.79,-791.0,1,28,19
2272.0,1105.96,-748.0,1,28,19
3096.0,1436.16,-626.0,1,28,19
2727.0,1506.29,-198.0,1,28,19
3152.0,1728.62,-203.0,1,28,19
3122.0,1608.83,-663.0,1,28,20
3072.0,1525.99,-678.0,3,28,20
2692.0,1215.91,-658.0,4,28,20
2552.0,1496.62,-560.0,4,28,20
2662.0,1561.62,-468.0,4,28,20
2982.0,1532.22,-469.0,6,28,20
2462.0,1290.96,-553.0,8,28,20
2877.0,1461.11,-358.0,10,30,22
2672.0,1587.14,-648.0,10,29,21
2962.0,1678.42,-263.0,11,29,22
3132.0,1648.15,-523.0,7,31,22
2912.0,1652.16,-593.0,10,31,22
2842.0,1670.03,-638.0,9,30,21
3007.0,1647.55,-326.0,9,30,21
2797.0,1729.99,-533.0,11,35,29
2672.0,1580.03,132.0,11,29,23
3097.0,1653.97,-533.0,10,31,22
2622.0,1638.82,-395.0,10,33,29
2752.0,1754.99,-412.0,10,29,23
3022.0,1654.82,-369.0,10,29,23
2807.0,1599.04,-582.0,9,32,29
2752.0,1465.43,-572.0,9,32,28
3047.0,1599.04,-423.0,8,32,29
2657.0,1565.56,-537.0,8,35,29
2672.0,1725.75,42.0,8,32,26
2942.0,1651.11,-743.0,8,32,26
3017.0,1727.02,-233.0,8,31,22
3582.0,1738.63,-213.0,6,31,22
2911.0,1685.8,-248.0,6,30,22
2497.0,1540.08,-399.0,6,30,22
2552.0,1607.76,-63.0,7,31,24
3207.0,1581.58,-663.0,7,33,30
2692.0,1672.91,182.0,7,32,24
2847.0,1671.93,-63.0,7,32,24
2937.0,1727.74,-83.0,7,30,23
2857.0,1691.06,-688.0,7,33,30
2582.0,1745.22,-453.0,7,36,31
2677.0,1735.03,-458.0,7,36,31
2827.0,1709.99,-418.0,7,36,31
2877.0,1724.35,197.0,7,36,31
2997.0,1809.7,222.0,7,36,31
3132.0,1894.17,252.0,7,32,24
2952.0,1758.8,-258.0,7,32,24
2677.0,1712.59,-712.0,7,36,34
2797.0,1817.6,-288.0,7,36,34
2547.0,1854.79,-8.0,7,36,34
2947.0,1788.32,-278.0,8,36,31
2792.0,1767.81,-22.0,8,36,31
2717.0,1800.41,-663.0,8,39,42
3337.0,1959.8,143.0,8,30,26
2862.0,1964.29,482.0,8,36,34
2732.0,1885.43,552.0,9,33,28
2752.0,1852.61,-583.0,9,39,42
2832.0,1837.92,332.0,9,32,25
3027.0,1831.89,27.0,9,32,25
3407.0,1903.19,260.0,9,36,34
3052.0,1743.66,-218.0,9,39,42
2997.0,1869.25,199.0,9,37,40
3112.0,1824.54,-383.0,9,37,40
2717.0,1825.81,362.0,9,37,40
3002.0,1865.24,-185.0,9,33,26
2847.0,1905.83,336.0,9,33,26
3237.0,1844.84,40.0,9,36,34
2947.0,1923.63,107.0,9,31,28
2997.0,1858.21,172.0,9,31,28
3402.0,1989.27,15.0,10,39,42
3162.0,1816.58,-78.0,10,38,44
2862.0,1854.75,-558.0,10,33,25
3007.0,1938.28,787.0,10,31,28
3367.0,1827.8,57.0,10,31,28
3397.0,1953.89,211.0,10,37,40
2892.0,1813.43,397.0,10,39,42
3152.0,1813.5,170.0,10,31,28
3057.0,1753.9,141.0,9,37,41
3292.0,1865.55,-3.0,10,33,26
2937.0,1974.07,277.0,9,39,42
3132.0,1783.0,-558.0,9,31,29
2927.0,1967.3,1007.0,8,31,29
3097.0,1938.97,97.0,8,37,34
3002.0,1872.7,-63.0,8,37,42
2817.0,1911.59,196.0,8,39,42
2792.0,1833.33,692.0,9,32,30
3177.0,1971.55,-8.0,9,37,42
2952.0,1875.3,362.0,9,32,30
3207.0,1834.64,422.0,9,38,35
3332.0,1826.35,517.0,8,32,30
3052.0,1827.72,22.0,9,37,43
2772.0,1836.5,-68.0,9,32,30
3142.0,1937.79,1007.0,9,38,35
3052.0,1917.71,-28.0,9,41,54
3092.0,1894.14,-529.0,9,41,54
3027.0,1823.65,-133.0,9,42,55
2917.0,1944.96,298.0,8,39,45
3147.0,1865.74,330.0,8,39,42
3137.0,1862.72,-198.0,8,33,27
2917.0,1823.41,367.0,8,40,49
3172.0,1914.75,13.0,8,32,29
2982.0,1898.4,-158.0,8,33,27
2817.0,1769.2,-518.0,8,32,29
3137.0,1869.15,-173.0,8,33,27
3222.0,1971.11,792.0,8,41,55
2987.0,1936.78,-657.0,8,32,29
3007.0,1996.9,137.0,8,32,29
3252.0,1965.83,-462.0,8,41,55
3487.0,2023.31,-531.0,8,32,29
2992.0,1931.32,72.0,8,40,44
3497.0,1992.29,172.0,8,41,55
3152.0,1913.42,-377.0,8,32,29
3107.0,1897.24,177.0,7,32,29
2927.0,1790.5,-464.0,7,33,27
3647.0,1981.34,142.0,7,42,56
3362.0,1811.76,-511.0,7,42,56
3437.0,1936.23,-50.0,7,42,56
2902.0,1948.64,-38.0,6,42,56
3152.0,1848.1,452.0,6,42,56
3412.0,1936.69,142.0,6,33,27
3117.0,2012.31,307.0,6,41,56
3062.0,1981.5,282.0,6,42,56
3317.0,2026.85,497.0,5,32,29
3082.0,1976.58,369.0,5,42,56
3062.0,1915.88,87.0,5,32,29
3112.0,1989.74,572.0,5,42,56
3357.0,1958.85,467.0,5,42,56
3072.0,1957.74,407.0,5,33,28
2962.0,1912.78,42.0,5,32,29
3251.0,1980.43,162.0,5,35,41
3226.0,1935.98,592.0,5,35,41
2837.0,1917.38,252.0,5,42,56
3156.0,1973.8,42.0,5,35,41
3352.0,2017.74,-8.0,5,33,30
3102.0,1982.71,580.0,5,33,29
2962.0,2058.86,293.0,6,33,29
3187.0,1916.74,-218.0,6,33,29
3186.0,1975.81,612.0,6,35,42
3157.0,1867.19,-173.0,6,42,56
3432.0,1938.42,-33.0,6,35,42
3177.0,1873.94,627.0,5,33,29
3147.0,1787.61,-525.0,5,42,56
3172.0,2054.85,607.0,5,33,29
3037.0,2018.86,437.0,5,33,31
3112.0,1982.7,357.0,5,42,56
3232.0,2009.64,627.0,5,35,42
3497.0,2049.35,-288.0,5,42,56
3082.0,2063.15,-509.0,5,33,30
3206.0,1974.46,-253.0,5,35,41
3627.0,2055.69,792.0,5,42,56
3522.0,2102.81,-72.0,5,42,56
3272.0,1987.0,222.0,5,33,32
2997.0,2016.68,357.0,5,33,30
3282.0,2007.18,71.0,5,42,55
3067.0,1914.81,612.0,5,42,55
3167.0,2030.47,-223.0,6,33,32
2842.0,1911.56,507.0,7,35,41
2757.0,1872.77,428.0,7,33,32
3337.0,1958.73,173.0,7,33,30
2967.0,1873.98,-153.0,7,42,56
3437.0,2011.37,632.0,5,35,42
3307.0,1949.82,-86.0,6,33,30
2852.0,1947.38,2.0,6,42,56
3137.0,2133.57,-360.0,6,43,73
3172.0,2132.29,360.0,6,47,91
3742.0,2149.32,-98.0,6,35,42
3142.0,1977.51,467.0,6,43,73
3412.0,1967.15,239.0,5,47,92
3397.0,1959.5,40.0,5,43,73
3412.0,2040.56,404.0,5,43,73
3284.0,2060.68,-56.0,5,43,58
3152.0,2029.95,-80.0,5,43,73
3777.0,1964.34,207.0,5,43,73
3432.0,2109.25,762.0,5,43,59
3122.0,1985.02,247.0,5,35,41
3087.0,2007.04,402.0,5,35,41
2912.0,1973.28,52.0,5,43,73
3017.0,2011.65,-758.0,5,43,74
3297.0,2158.49,417.0,5,43,74
3412.0,2148.4,227.0,5,43,74
3092.0,2135.41,287.0,5,44,76
3297.0,2125.41,-228.0,5,43,72
3022.0,2079.23,646.0,5,48,96
3402.0,2052.42,687.0,5,35,41
3082.0,2127.12,762.0,5,35,41
3252.0,2168.83,578.0,5,35,41
3359.0,2067.39,227.0,5,48,96
3296.0,2067.95,152.0,5,35,41
3192.0,2190.47,225.0,5,35,41
3592.0,2040.48,577.0,5,48,96
3162.0,2003.29,267.0,5,43,61
3337.0,1886.92,371.0,5,44,76
3127.0,1919.82,77.0,5,43,72
3322.0,2074.18,-66.0,5,48,96
3042.0,2064.26,49.0,5,44,76
3347.0,2058.23,-67.0,5,48,96
3217.0,2042.97,97.0,5,43,72
3102.0,2122.85,607.0,5,44,76
3512.0,2096.66,283.0,5,48,96
3292.0,2218.57,-135.0,5,48,97
3412.0,2198.78,192.0,5,44,76
3332.0,2079.56,141.0,5,44,76
3312.0,2058.59,632.0,6,48,97
3347.0,1873.34,-308.0,6,45,77
3227.0,1969.15,-508.0,6,45,77
3477.0,2039.13,497.0,6,48,98
3342.0,2007.09,303.0,6,43,74
3152.0,2047.64,512.0,6,43,63
3212.0,2014.16,-158.0,6,48,98
3277.0,2032.68,622.0,6,48,98
3582.0,2152.24,117.0,6,48,98
3352.0,2127.28,897.0,6,48,98
3212.0,1969.57,-123.0,6,48,98
3547.0,2066.74,592.0,6,48,98
3347.0,1996.15,-3.0,6,48,98
3437.0,2134.73,-24.0,6,48,98
3482.0,2005.87,-188.0,6,48,98
3222.0,2064.26,227.0,6,48,98
3781.0,1949.69,372.0,5,48,98
3302.0,1965.54,-53.0,5,36,43
3387.0,2024.54,27.0,5,45,77
3297.0,1983.98,167.0,5,48,98
3148.0,2022.55,-377.0,5,45,77
3052.0,1919.57,-474.0,5,36,44
3472.0,2062.63,27.0,5,48,98
3332.0,2090.78,1062.0,4,45,77
3292.0,2025.55,-460.0,4,48,98
3532.0,2015.95,-119.0,4,45,77
3037.0,2007.49,-558.0,4,45,77
3152.0,2085.92,-352.0,4,43,75
3552.0,2047.37,647.0,4,45,77
3317.0,2107.77,102.0,4,45,76
3587.0,2126.73,192.0,4,45,76
3157.0,2101.14,607.0,4,43,74
3127.0,2122.01,337.0,4,45,76
3062.0,2141.72,-310.0,4,43,75
3247.0,1991.1,292.0,4,43,75
3512.0,2010.47,12.0,4,45,76
3342.0,2077.12,-605.0,5,45,76
3367.0,1912.43,262.0,5,43,76
3467.0,1910.48,767.0,5,45,76
3107.0,1856.66,-38.0,5,43,76
3272.0,1982.19,87.0,5,43,76
3097.0,2085.35,85.0,6,43,76
3332.0,2078.92,532.0,6,49,101
3262.0,2078.3,317.0,6,45,76
3167.0,2131.92,372.0,6,43,76
3287.0,2120.38,482.0,6,43,75
3667.0,2150.5,367.0,6,43,76
3132.0,2055.38,479.0,6,43,76
3482.0,2101.61,532.0,6,43,75
3777.0,2189.21,367.0,6,43,75
3297.0,2082.67,811.0,6,45,79
3372.0,2095.03,483.0,6,49,103
3157.0,2076.83,370.0,6,45,79
3487.0,2173.04,159.0,6,49,103
3157.0,2224.78,-208.0,6,45,79
3182.0,2104.56,713.0,6,48,100
3477.0,2184.15,417.0,6,45,79
3252.0,2163.41,874.0,6,48,100
3057.0,2147.41,634.0,6,43,75
3132.0,2103.18,-104.0,6,47,94
3107.0,2064.96,442.0,6,49,104
3287.0,2159.79,642.0,6,49,104
2912.0,2085.33,730.0,6,43,75
3172.0,2030.44,152.0,6,49,105
3092.0,2091.46,897.0,7,46,80
3212.0,2009.85,-518.0,6,48,100
3217.0,2028.93,236.0,6,49,105
3262.0,2085.35,117.0,6,43,75
3152.0,2153.43,672.0,6,49,105
3642.0,2226.67,693.0,5,47,95
3092.0,2198.11,222.0,5,49,105
3332.0,2264.14,101.0,5,43,75
3212.0,2230.57,-499.0,5,47,95
3237.0,1935.76,462.0,5,50,113
3187.0,2270.27,1077.0,5,43,75
3362.0,2265.82,1057.0,5,49,105
3277.0,2189.6,-293.0,5,49,105
3282.0,2226.63,682.0,5,49,105
3077.0,2278.48,419.0,5,43,75
3042.0,2311.76,607.0,5,47,95
3237.0,2239.19,-28.0,5,43,75
3242.0,2253.62,872.0,5,43,75
3292.0,2289.5,1217.0,5,43,75
3222.0,2207.62,907.0,5,43,75
3282.0,2161.32,807.0,5,43,75
3132.0,2161.5,1192.0,5,48,98
3102.0,2172.4,328.0,5,48,101
3177.0,2171.61,824.0,5,48,98
3317.0,2248.1,932.0,5,43,75
3222.0,2267.49,1467.0,5,48,101
3137.0,2161.75,-483.0,5,48,101
2987.0,2162.95,1112.0,5,49,105
3247.0,2166.31,922.0,6,48,101
3062.0,2075.0,643.0,6,49,105
3117.0,2153.54,467.0,6,50,115
3132.0,2176.6,592.0,6,48,100
3302.0,2245.52,378.0,6,50,115
2987.0,2192.24,1097.0,6,50,115
3202.0,2230.14,897.0,6,52,121
3272.0,2251.33,592.0,6,48,101
3017.0,2146.33,542.0,6,50,115
3102.0,2187.71,712.0,5,50,106
3217.0,2253.54,646.0,5,50,115
3532.0,2332.93,1077.0,5,50,115
3132.0,2181.72,782.0,5,50,115
3562.0,2251.2,992.0,4,48,101
3437.0,2384.82,1257.0,4,50,115
3637.0,2245.37,1007.0,4,50,115
3432.0,2251.88,1007.0,4,50,115
3312.0,2274.67,1096.0,4,49,100
3437.0,2243.96,752.0,4,50,115
3357.0,2217.93,922.0,4,51,116
3232.0,2258.73,552.0,4,51,116
3537.0,2311.36,603.0,4,51,116
3427.0,2278.93,342.0,5,52,120
3611.0,2282.4,807.0,5,48,102
3362.0,2218.65,472.0,5,51,117
3022.0,2116.22,767.0,4,55,140
3267.0,2268.0,697.0,5,52,121
3302.0,2224.05,393.0,5,52,121
3377.0,2300.14,47.0,5,51,117
3537.0,2203.99,582.0,4,48,102
3257.0,2214.57,1097.0,4,55,141
3292.0,2246.35,464.0,4,52,121
3067.0,2258.77,821.0,4,52,121
3717.0,2189.99,-83.0,4,55,141
3337.0,2234.71,-210.0,4,55,140
3467.0,2381.74,852.0,4,52,121
3262.0,2439.61,912.0,4,51,120
3382.0,2306.6,562.0,4,55,141
3297.0,2279.84,732.0,4,55,141
3532.0,2319.71,777.0,4,49,103
3307.0,2312.8,1302.0,4,55,141
3352.0,2308.2,747.0,4,55,141
3662.0,2193.92,650.0,4,49,103
3742.0,2305.34,1022.0,4,49,103
3172.0,2272.59,447.0,4,51,120
3361.0,2261.74,1102.0,4,51,120
3682.0,2228.01,295.0,4,53,123
3457.0,2255.51,796.0,4,49,102
3791.0,2278.76,-273.0,4,53,123
3472.0,2237.45,912.0,4,49,102
3572.0,2118.28,1057.0,4,51,120
3357.0,2118.36,102.0,4,55,141
3192.0,2196.21,852.0,4,49,102
3287.0,2279.7,32.0,4,49,102
3387.0,2219.71,744.0,4,55,141
3552.0,2232.03,1107.0,4,51,120
3472.0,2312.37,1057.0,4,55,141
3377.0,2155.32,522.0,4,53,124
3477.0,2287.19,377.0,4,53,124
3222.0,2261.08,1022.0,4,53,124
3302.0,2341.03,937.0,4,53,124
3292.0,2122.84,897.0,4,53,124
3572.0,2276.29,331.0,4,56,144
3526.0,2291.89,677.0,4,49,102
3477.0,2339.26,903.0,4,53,125
3547.0,2261.22,742.0,4,56,144
3372.0,2196.71,345.0,4,56,144
3212.0,2129.92,592.0,3,53,124
3147.0,2145.33,444.0,3,53,124
3427.0,2325.59,832.0,3,57,146
3592.0,2242.3,214.0,3,53,124
3427.0,2215.85,742.0,3,59,155
3542.0,2305.7,877.0,3,53,124
3716.0,2360.97,1097.0,3,59,155
3557.0,2283.28,667.0,3,59,155
3327.0,2371.22,367.0,3,53,124
3412.0,2331.42,1067.0,3,53,124
3647.0,2315.16,992.0,3,59,155
3672.0,2251.02,-18.0,3,49,102
3391.0,2212.06,497.0,3,59,155
3247.0,2221.89,364.0,3,53,124
3282.0,2171.86,292.0,3,53,124
3292.0,2350.51,1041.0,3,59,155
3407.0,2287.3,-208.0,3,59,155
3382.0,2445.41,112.0,3,59,155
3232.0,2320.49,252.0,2,53,125
3397.0,2285.42,1047.0,2,53,125
3392.0,2352.05,717.0,2,53,124
3407.0,2289.7,892.0,2,53,124
3912.0,2285.42,1012.0,2,49,102
3382.0,2244.07,897.0,2,49,102
3842.0,2361.44,1057.0,2,53,126
3527.0,2282.04,1092.0,2,49,102
3407.0,2170.06,387.0,2,53,125
3727.0,2344.17,1123.0,2,49,102
3737.0,2361.76,482.0,2,49,102
3572.0,2307.76,332.0,2,49,102
3772.0,2326.74,432.0,2,53,125
4012.0,2432.52,987.0,2,49,102
3467.0,2342.0,927.0,2,49,102
3422.0,2345.03,457.0,2,53,125
3602.0,2429.63,1052.0,2,49,102
3487.0,2408.87,992.0,2,53,125
3292.0,2403.13,727.0,2,53,125
3832.0,2368.41,1067.0,2,50,103
3382.0,2376.43,861.0,2,53,125
3777.0,2387.76,760.0,2,49,103
3712.0,2308.58,697.0,2,50,103
3582.0,2253.28,1061.0,2,50,103
3697.0,2342.44,847.0,2,50,103
3797.0,2387.15,607.0,2,54,126
3302.0,2319.53,872.0,2,50,103
3676.0,2251.27,873.0,2,54,126
3612.0,2338.93,1127.0,2,50,103
3852.0,2438.34,977.0,2,50,102
3342.0,2369.49,152.0,2,50,102
3607.0,2437.13,597.0,2,50,102
3677.0,2292.76,282.0,2,50,102
3232.0,2366.49,203.0,2,50,102
3522.0,2363.37,1107.0,2,50,102
3597.0,2346.99,1017.0,2,54,127
3887.0,2366.37,922.0,2,50,102
3567.0,2318.07,877.0,2,54,127
3502.0,2382.45,1177.0,2,50,102
3742.0,2294.53,1002.0,2,54,127
3567.0,2389.54,1097.0,2,54,127
3477.0,2337.26,1297.0,2,50,102
3522.0,2395.79,1242.0,2,50,102
3931.0,2283.32,1122.0,2,50,102
3562.0,2416.98,1147.0,2,50,102
3522.0,2409.52,580.0,2,50,102
3332.0,2332.51,854.0,2,50,102
3517.0,2551.69,1082.0,2,50,103
3931.0,2405.46,879.0,2,50,102
3592.0,2428.46,1117.0,2,50,102
3707.0,2577.18,983.0,2,50,102
4077.0,2575.72,777.0,2,50,102
3972.0,2539.1,398.0,2,51,103
3586.0,2548.4,1187.0,2,50,102
3866.0,2548.18,1196.0,2,50,102
3797.0,2463.78,1372.0,2,50,102
3607.0,2543.6,732.0,2,50,102
4157.0,2445.54,1082.0,2,50,102
3822.0,2536.79,1312.0,2,50,102
3697.0,2578.86,1117.0,1,50,102
3617.0,2569.43,1157.0,1,50,102
3527.0,2453.77,922.0,1,50,103
3921.0,2532.36,1422.0,1,50,102
3712.0,2566.33,1437.0,1,50,102
4162.0,2472.47,660.0,1,50,103
4187.0,2472.31,942.0,1,50,103
3737.0,2517.22,1092.0,1,50,103
3907.0,2573.75,627.0,1,50,103
3766.0,2669.19,1342.0,1,50,103
3972.0,2428.11,1042.0,1,50,103
4107.0,2507.77,1052.0,1,50,103
3807.0,2580.03,1582.0,1,50,103
4282.0,2486.37,427.0,1,50,103
3697.0,2495.9,1060.0,1,50,103
3907.0,2516.75,511.0,1,50,103
3917.0,2478.85,547.0,1,51,104
3922.0,2462.68,1137.0,1,51,104
3651.0,2455.9,863.0,1,50,104
3592.0,2423.35,707.0,1,51,105
3477.0,2367.81,1377.0,1,50,104
3721.0,2445.93,792.0,1,52,107
3607.0,2381.25,611.0,1,52,105
3692.0,2533.43,1107.0,3,50,105
3942.0,2510.06,1307.0,2,50,104
4132.0,2441.4,1092.0,2,50,104
3807.0,2549.24,952.0,2,53,106
3822.0,2407.24,942.0,2,53,106
3801.0,2592.06,1147.0,2,54,107
3977.0,2420.19,755.0,2,53,106
3637.0,2443.9,82.0,2,53,106
4492.0,2498.09,747.0,2,51,107
3872.0,2483.46,687.0,2,51,106
3957.0,2498.94,807.0,2,51,106
4087.0,2554.39,-78.0,2,53,107
3957.0,2549.86,1262.0,2,53,107
4102.0,2606.83,1082.0,2,53,107
4216.0,2633.34,442.0,2,53,107
4351.0,2578.06,1137.0,2,51,106
3961.0,2573.2,1297.0,2,53,109
3687.0,2533.74,137.0,2,53,109
4122.0,2600.41,872.0,2,53,109
3967.0,2552.07,922.0,2,53,109
3967.0,2573.5,1073.0,2,53,109
4202.0,2590.49,895.0,2,54,110
4042.0,2582.2,982.0,2,54,110
3587.0,2534.06,1292.0,2,51,106
3602.0,2634.7,1044.0,3,54,111
3882.0,2636.06,1152.0,3,53,109
3841.0,2541.13,1507.0,3,54,117
3852.0,2548.43,1552.0,3,53,109
3872.0,2468.36,1067.0,3,53,109
3902.0,2570.17,537.0,3,51,106
3792.0,2559.79,1207.0,3,53,109
3647.0,2575.77,1287.0,3,55,119
3827.0,2645.87,1257.0,3,55,119
3836.0,2576.1,1247.0,3,55,119
3882.0,2548.89,957.0,3,55,119
3826.0,2546.32,1080.0,3,51,106
3847.0,2563.85,332.0,3,53,109
3577.0,2581.41,1147.0,3,51,106
3817.0,2546.26,442.0,3,51,106
4107.0,2676.79,912.0,3,51,107
3582.0,2555.17,907.0,3,53,109
4177.0,2684.73,1217.0,3,55,120
3942.0,2548.65,1142.0,3,55,120
4292.0,2589.07,1052.0,3,55,120
4182.0,2669.3,1042.0,3,55,120
3752.0,2516.25,847.0,3,55,120
4326.0,2481.7,82.0,3,53,110
4022.0,2503.75,648.0,3,51,107
3652.0,2607.74,1277.0,4,51,107
4012.0,2514.72,897.0,4,56,121
3937.0,2419.94,1061.0,3,55,120
3617.0,2568.8,1092.0,3,51,107
4152.0,2519.69,892.0,3,55,120
3617.0,2475.06,1295.0,3,51,108
3992.0,2459.36,1077.0,3,51,108
3781.0,2518.02,-113.0,3,51,107
3542.0,2536.73,1592.0,4,55,120
4187.0,2440.92,962.0,4,55,120
3691.0,2306.09,626.0,4,53,112
3712.0,2376.84,632.0,4,51,108
3857.0,2508.63,1432.0,4,54,113
3847.0,2423.51,1212.0,4,55,120
3632.0,2388.83,1207.0,4,55,120
3737.0,2386.67,872.0,4,51,108
3842.0,2329.34,302.0,4,55,120
3887.0,2444.15,827.0,4,51,108
3847.0,2334.09,787.0,4,55,119
3627.0,2449.06,552.0,4,55,114
3957.0,2447.22,732.0,4,55,119
3852.0,2319.99,1137.0,4,51,108
3657.0,2336.42,1115.0,4,55,119
3422.0,2418.55,802.0,4,55,119
3637.0,2350.09,1067.0,4,55,119
3517.0,2369.99,927.0,4,51,109
4042.0,2511.33,912.0,4,51,109
3717.0,2450.2,632.0,5,51,109
3347.0,2364.26,1202.0,5,55,119
3907.0,2455.77,1317.0,4,55,119
4067.0,2502.29,982.0,4,51,109
3687.0,2484.87,797.0,4,51,109
3777.0,2416.74,954.0,4,51,109
3957.0,2512.87,1411.0,4,51,109
3636.0,2439.84,1277.0,4,51,109
3871.0,2325.33,897.0,4,55,119
3587.0,2461.87,1357.0,4,51,109
3672.0,2436.68,1187.0,4,56,120
3892.0,2625.83,1447.0,4,56,120
4092.0,2480.81,1377.0,4,56,120
3557.0,2444.87,487.0,4,55,126
3692.0,2421.43,1142.0,4,57,121
4042.0,2419.05,627.0,4,51,110
3827.0,2443.96,1402.0,4,51,110
3642.0,2314.53,872.0,4,55,127
3852.0,2427.22,566.0,5,57,121
4186.0,2323.51,997.0,5,55,127
3957.0,2142.08,292.0,4,51,110
3502.0,2273.19,797.0,4,51,110
3711.0,2351.72,265.0,4,51,110
3952.0,2491.3,609.0,3,55,126
3941.0,2571.11,470.0,3,56,129
3767.0,2424.86,563.0,3,51,110
4097.0,2480.46,410.0,3,51,110
3907.0,2482.78,1152.0,3,56,129
3662.0,2565.8,1502.0,3,55,128
3567.0,2430.89,1242.0,3,52,111
3551.0,2462.6,602.0,3,52,111
3537.0,2407.63,1172.0,3,52,111
3602.0,2409.14,1074.0,3,52,111
3602.0,2482.15,1027.0,3,52,111
4061.0,2474.68,1027.0,3,56,129
3602.0,2470.13,1087.0,3,57,130
3777.0,2484.88,817.0,3,55,128
3961.0,2400.14,1162.0,3,52,111
3597.0,2478.19,587.0,3,55,130
3637.0,2438.46,1462.0,3,52,113
3547.0,2531.95,1017.0,3,52,111
4027.0,2508.26,-650.0,3,52,113
3527.0,2506.12,742.0,3,55,131
3417.0,2455.75,576.0,4,55,131
3897.0,2362.87,-398.0,4,55,131
3797.0,2386.43,1246.0,4,57,130
4277.0,2301.83,987.0,4,52,113
3867.0,2388.01,862.0,4,52,113
3717.0,2493.37,755.0,4,55,132
3462.0,2422.44,1232.0,4,57,130
3562.0,2452.35,1137.0,4,52,114
3602.0,2416.19,647.0,4,52,114
3992.0,2514.76,942.0,4,55,133
3607.0,2372.21,947.0,4,55,133
3777.0,2349.79,591.0,4,52,114
3607.0,2362.26,1192.0,4,52,114
3287.0,2313.2,1132.0,4,55,133
3822.0,2399.2,795.0,4,58,142
3502.0,2412.65,1347.0,4,52,114
3656.0,2427.66,897.0,4,57,132
3627.0,2460.55,912.0,4,52,114
3431.0,2365.73,715.0,4,58,142
3836.0,2440.85,572.0,4,57,132
3992.0,2473.27,-13.0,4,53,115
3747.0,2483.55,984.0,4,53,115
3722.0,2362.51,-699.0,4,53,115
3961.0,2459.22,1240.0,5,53,115
3697.0,2380.46,122.0,4,53,115
3832.0,2477.75,742.0,4,53,115
3697.0,2427.29,720.0,4,53,115
4027.0,2410.38,978.0,4,58,133
3691.0,2434.29,979.0,3,53,115
3461.0,2437.58,6.0,3,53,115
4092.0,2394.88,-313.0,3,53,114
3907.0,2453.74,1177.0,3,53,115
3692.0,2523.28,1407.0,3,58,133
3832.0,2496.09,1002.0,3,53,115
3821.0,2484.21,902.0,3,58,133
3957.0,2534.24,1012.0,3,53,114
3932.0,2495.86,382.0,3,53,114
4047.0,2495.33,947.0,3,53,114
3606.0,2423.68,1267.0,3,59,134
3987.0,2469.06,422.0,4,54,115
3842.0,2520.16,862.0,4,58,142
3862.0,2346.61,497.0,4,54,115
3761.0,2310.54,582.0,4,62,146
3787.0,2265.03,605.0,3,54,115
3992.0,2359.89,870.0,4,58,142
3457.0,2300.12,296.0,4,54,115
3537.0,2318.31,707.0,4,54,114
4016.0,2427.58,517.0,4,54,114
3702.0,2314.38,177.0,4,54,115
4202.0,2523.95,945.0,3,63,157
3727.0,2290.14,1017.0,4,54,115
3977.0,2362.49,595.0,4,54,116
3751.0,2395.3,1127.0,4,58,142
3827.0,2402.37,1082.0,4,54,116
3532.0,2447.18,288.0,4,54,116
3827.0,2335.38,81.0,4,54,116
3811.0,2341.42,645.0,4,63,157
3457.0,2408.96,480.0,4,63,157
3942.0,2396.5,1031.0,4,63,157
3647.0,2382.12,317.0,4,63,157
4242.0,2368.39,479.0,4,63,157
3822.0,2387.26,-38.0,4,54,115
3952.0,2365.08,152.0,4,59,144
3777.0,2519.29,427.0,4,63,157
3807.0,2493.33,412.0,4,54,115
3747.0,2516.07,912.0,4,63,157
3967.0,2432.21,822.0,5,63,157
3672.0,2319.69,962.0,5,54,114
4027.0,2516.48,303.0,5,63,157
traininig time: 17925.07669
