best,average,min,species,neurons,links
1527.0,611.37,-61.0,1,28,171
1522.0,843.91,28.0,1,28,171
2052.0,1037.7,232.0,1,28,171
2287.0,1292.38,378.0,1,28,170
2277.0,1342.89,514.0,1,28,171
2482.0,1436.48,444.0,3,28,171
2447.0,1387.75,435.0,3,28,170
2347.0,1387.95,542.0,4,29,173
2302.0,1291.72,427.0,3,29,173
2462.0,1334.84,625.0,4,29,173
2322.0,1185.15,315.0,6,29,173
2387.0,1237.29,510.0,6,29,173
2487.0,1272.08,450.0,7,29,173
2072.0,1287.83,-503.0,7,29,173
2245.0,1320.8,516.0,6,29,173
2202.0,1423.17,567.0,7,29,173
2392.0,1366.41,573.0,9,32,174
2372.0,1362.2,-12.0,7,29,173
2267.0,1339.69,565.0,7,31,174
2167.0,1401.22,526.0,7,31,174
2302.0,1460.67,635.0,7,31,174
2237.0,1478.93,369.0,7,31,174
2307.0,1490.08,558.0,7,30,174
2277.0,1576.97,741.0,8,31,174
2337.0,1416.01,157.0,7,31,174
2272.0,1439.89,240.0,7,30,175
2207.0,1514.21,567.0,7,31,174
2267.0,1420.13,256.0,7,30,174
2367.0,1440.76,312.0,7,31,174
2432.0,1412.53,545.0,7,31,174
2257.0,1492.06,547.0,8,31,173
2587.0,1506.98,383.0,8,30,174
2898.0,1528.43,592.0,9,30,174
2927.0,1494.65,516.0,8,30,173
2962.0,1614.84,362.0,10,30,173
2706.0,1471.1,157.0,9,30,173
3107.0,1595.71,530.0,10,30,173
3077.0,1475.05,390.0,11,30,173
2862.0,1421.62,518.0,11,30,173
2562.0,1429.82,563.0,12,30,173
3637.0,1447.79,570.0,12,30,173
2976.0,1511.84,496.0,12,30,173
3027.0,1432.67,466.0,11,30,173
3392.0,1606.52,568.0,11,30,174
2917.0,1516.98,459.0,11,30,173
3427.0,1526.27,577.0,11,30,173
2912.0,1580.63,485.0,11,30,173
2997.0,1577.87,580.0,12,30,173
2712.0,1476.18,627.0,12,30,173
2442.0,1500.38,553.0,11,30,173
2562.0,1474.6,635.0,10,32,182
2647.0,1508.71,642.0,10,30,173
2652.0,1523.17,472.0,10,30,173
2857.0,1530.47,584.0,10,30,173
2982.0,1628.26,541.0,10,32,183
2827.0,1601.49,378.0,10,30,173
2822.0,1535.63,500.0,10,30,173
2822.0,1568.22,-206.0,11,30,172
2737.0,1657.01,474.0,10,30,172
2977.0,1592.02,453.0,10,30,172
2932.0,1616.05,601.0,10,30,172
2777.0,1613.43,510.0,10,30,172
2924.0,1649.13,691.0,10,30,172
2992.0,1593.3,-746.0,10,30,172
2887.0,1671.48,718.0,10,30,172
2852.0,1704.26,677.0,10,30,172
3142.0,1703.8,542.0,10,30,172
3332.0,1705.93,579.0,10,32,185
3047.0,1705.58,413.0,9,30,171
3024.0,1706.55,731.0,8,30,171
3597.0,1851.56,567.0,8,30,171
3142.0,1806.92,662.0,8,34,190
2942.0,1828.93,654.0,8,35,197
3000.0,1759.56,767.0,8,34,191
3107.0,1771.88,-28.0,8,34,191
2967.0,1736.37,618.0,8,30,170
2927.0,1705.09,87.0,8,34,191
2957.0,1756.7,590.0,8,34,191
2839.0,1743.29,297.0,8,30,170
3167.0,1768.26,392.0,7,34,191
2967.0,1784.85,608.0,7,35,198
2925.0,1858.7,320.0,7,34,190
2852.0,1889.35,667.0,7,36,192
3027.0,1818.49,355.0,7,35,191
3217.0,1822.91,472.0,7,35,191
2907.0,1807.39,575.0,7,35,197
3067.0,1827.56,760.0,7,35,197
3097.0,1680.81,781.0,7,30,170
2742.0,1628.77,526.0,7,35,190
3027.0,1791.92,331.0,7,30,170
3097.0,1793.76,632.0,7,30,170
3112.0,1883.16,644.0,7,30,170
2902.0,1786.23,552.0,7,35,197
3067.0,1828.11,-326.0,7,35,197
3162.0,1875.02,612.0,7,35,198
2832.0,1753.18,536.0,7,35,198
3082.0,1820.4,432.0,7,35,198
3257.0,1839.91,756.0,7,35,198
3147.0,1881.16,869.0,7,35,198
2867.0,1804.99,577.0,7,35,198
2902.0,1852.44,727.0,7,35,190
2957.0,1752.87,228.0,7,30,170
3282.0,1775.51,546.0,7,35,198
2867.0,1699.48,-558.0,7,35,198
3217.0,1982.33,408.0,7,30,170
2817.0,1784.08,634.0,7,30,170
2827.0,1912.21,569.0,7,36,199
2837.0,1842.97,582.0,7,35,198
3052.0,1878.89,-658.0,7,31,174
3167.0,1813.96,-175.0,7,35,189
2870.0,1905.1,943.0,7,30,169
3292.0,1852.41,666.0,7,35,197
3167.0,1883.11,764.0,7,30,169
2917.0,1948.99,985.0,7,35,197
3042.0,1817.34,644.0,7,30,169
2712.0,1882.72,389.0,6,31,174
2902.0,1956.43,672.0,6,30,170
3032.0,1947.33,552.0,6,35,197
2922.0,1907.13,472.0,6,30,170
3237.0,1806.36,481.0,6,30,170
2992.0,1647.66,604.0,6,31,174
2802.0,1819.12,619.0,6,31,174
2852.0,1756.6,136.0,5,36,194
3267.0,1777.11,466.0,6,30,171
3062.0,1771.07,647.0,5,30,171
2852.0,1871.63,497.0,5,30,171
2947.0,1751.69,554.0,5,36,194
2807.0,1859.69,562.0,5,30,171
2897.0,1797.27,661.0,5,31,174
3147.0,1844.64,628.0,5,36,194
2797.0,1873.31,425.0,5,30,171
3067.0,1872.79,752.0,5,36,194
3257.0,1860.59,727.0,5,30,171
3497.0,2018.76,1137.0,5,30,171
3352.0,1987.05,702.0,5,30,171
3239.0,1822.33,536.0,5,30,171
3047.0,1932.12,742.0,5,30,171
3022.0,1947.39,566.0,5,31,174
2947.0,1948.48,581.0,6,36,194
3112.0,1859.91,400.0,7,30,171
2922.0,1798.4,578.0,7,30,171
2967.0,1778.2,614.0,8,30,171
3202.0,1707.91,472.0,8,30,171
3017.0,1852.74,638.0,8,30,172
3057.0,1870.98,747.0,8,30,172
2777.0,1797.89,57.0,8,35,188
2917.0,1888.4,697.0,8,33,190
2882.0,1790.68,535.0,8,36,194
3217.0,1847.24,858.0,8,36,194
3012.0,1859.36,229.0,9,31,174
3047.0,1827.09,484.0,9,30,173
2767.0,1806.82,186.0,9,30,173
3162.0,1797.75,-138.0,9,36,194
2957.0,1803.5,714.0,9,30,173
2762.0,1769.32,764.0,9,30,173
2827.0,1740.05,396.0,8,33,175
2958.0,1893.31,782.0,9,30,172
2687.0,1742.72,727.0,9,36,193
2922.0,1823.66,556.0,9,34,191
2936.0,1798.34,-158.0,9,30,172
3072.0,1869.22,767.0,8,36,194
2997.0,1850.06,587.0,8,34,191
3435.0,1814.85,645.0,8,30,172
2957.0,1844.94,-703.0,9,30,172
3047.0,1797.61,398.0,9,30,172
3137.0,1739.59,562.0,9,30,172
2827.0,1727.35,584.0,9,34,191
2787.0,1810.67,575.0,9,30,172
3307.0,1771.0,852.0,9,30,172
3242.0,1773.62,515.0,9,30,172
2812.0,1829.87,660.0,9,30,172
2927.0,1726.8,567.0,9,34,192
2687.0,1852.45,643.0,9,30,172
2922.0,1852.7,560.0,8,30,172
3102.0,1802.55,941.0,7,30,172
3187.0,1898.32,677.0,7,30,172
2882.0,1895.05,545.0,7,38,216
2782.0,1834.46,610.0,7,38,216
3257.0,1912.08,733.0,7,30,173
2982.0,1933.03,166.0,7,36,194
2682.0,1951.79,668.0,7,30,173
2701.0,1906.29,568.0,7,30,174
2942.0,1926.12,871.0,7,37,191
2992.0,1910.21,587.0,7,30,174
2817.0,1986.99,721.0,7,38,215
2882.0,1957.23,697.0,7,30,174
3207.0,1838.81,112.0,7,30,174
3297.0,1892.27,907.0,7,38,215
2907.0,1987.06,906.0,7,39,215
2847.0,1968.89,317.0,7,37,191
3032.0,1974.72,561.0,7,30,173
3117.0,1977.71,769.0,7,37,190
3302.0,2056.65,997.0,7,30,174
3142.0,1999.84,642.0,7,34,191
2887.0,1848.47,792.0,7,37,190
3087.0,2030.7,966.0,7,30,174
2937.0,1958.11,587.0,7,30,174
3157.0,2004.25,690.0,7,30,174
2907.0,1896.16,662.0,7,37,190
2869.0,1928.53,630.0,7,34,191
3097.0,1940.58,564.0,6,42,212
3097.0,2020.31,615.0,6,30,175
3187.0,2053.14,587.0,6,37,190
3257.0,2089.02,860.0,6,42,212
3027.0,1980.32,586.0,6,38,191
3252.0,1935.55,97.0,7,30,175
3197.0,1864.22,582.0,7,30,175
3157.0,1833.02,450.0,7,42,212
3212.0,1905.08,638.0,7,42,212
3417.0,1859.77,443.0,7,31,176
3332.0,1987.82,767.0,7,38,192
2982.0,2014.61,667.0,8,39,216
2907.0,1873.35,679.0,8,42,212
2897.0,1864.62,572.0,8,42,212
2987.0,1835.57,612.0,8,31,176
2994.0,1771.52,560.0,8,31,176
3092.0,1857.83,595.0,8,38,192
2902.0,1893.73,590.0,8,42,212
2882.0,1893.75,261.0,8,31,176
3012.0,1837.79,563.0,8,38,192
2932.0,1873.09,587.0,9,31,176
3202.0,1775.26,472.0,9,31,176
3267.0,1903.74,197.0,9,31,176
3067.0,1934.78,404.0,9,35,192
3057.0,1924.5,-266.0,9,31,176
2737.0,1870.18,669.0,9,40,219
2857.0,1905.59,664.0,9,48,251
3017.0,1976.4,592.0,9,38,192
2987.0,1907.64,212.0,9,31,175
3296.0,1996.67,637.0,9,42,212
traininig time: 4692.88336301
