best,average,min,species,neurons,links
1462.0,136.99,-1233.0,1,20,99
1662.0,548.36,-620.0,1,20,99
2422.0,634.89,-822.0,1,20,99
2322.0,793.45,-637.0,1,20,99
2252.0,859.78,-1028.0,1,20,99
2332.0,1067.16,-953.0,1,21,100
2083.0,916.45,-558.0,3,20,99
2092.0,837.1,-740.0,4,21,100
2869.0,764.29,-817.0,4,21,100
2349.0,1142.14,-1148.0,5,21,101
2442.0,778.69,-753.0,7,21,100
2342.0,919.71,-842.0,7,21,100
2227.0,1044.39,-573.0,7,22,103
2199.0,926.46,-657.0,7,21,100
2357.0,1137.92,-778.0,8,23,103
2227.0,1009.91,-888.0,8,21,100
2257.0,1150.94,-558.0,9,22,103
2192.0,1201.86,-742.0,8,22,103
2325.0,1237.35,-512.0,8,20,98
2147.0,1127.4,-1063.0,8,20,98
2512.0,1259.54,-932.0,8,21,99
2192.0,1124.12,-685.0,8,21,99
2287.0,1291.83,-714.0,8,21,102
2517.0,1184.14,-768.0,8,20,98
2522.0,1119.74,-690.0,8,21,102
2272.0,1171.66,-558.0,8,21,102
2452.0,1292.29,-453.0,8,21,102
2237.0,1204.85,-1063.0,8,21,102
2357.0,1294.91,-721.0,9,23,104
2107.0,1209.82,-784.0,8,20,98
2887.0,1259.0,-923.0,8,20,98
2397.0,1183.99,-563.0,8,20,98
2192.0,1160.85,-807.0,9,20,98
2287.0,1281.4,-687.0,9,21,102
2282.0,925.94,-872.0,9,23,102
2242.0,1346.97,-779.0,9,23,102
2259.0,1323.13,-585.0,10,20,98
2392.0,1203.27,-942.0,10,20,98
2552.0,1190.86,-696.0,10,23,102
2462.0,1263.46,-769.0,11,21,103
2349.0,1314.22,-313.0,11,22,105
2352.0,1044.91,-798.0,10,21,102
2327.0,1256.58,-661.0,11,21,103
2522.0,1236.85,-723.0,11,22,101
2347.0,1225.6,-619.0,11,23,106
2387.0,1271.04,-930.0,12,22,102
2427.0,1258.55,-566.0,13,20,98
2370.0,1276.74,-673.0,12,23,107
2522.0,1314.49,-663.0,12,20,98
2544.0,1318.98,-292.0,12,20,98
2567.0,1247.87,-558.0,12,20,98
2347.0,1282.4,-535.0,13,23,101
2227.0,1256.77,-788.0,13,23,101
2282.0,1218.45,-664.0,13,20,98
2257.0,1140.24,-762.0,13,22,104
2362.0,1135.89,-677.0,14,23,100
2292.0,1243.36,-579.0,14,25,119
2066.0,1197.26,-586.0,13,22,104
2696.0,1110.31,-518.0,14,27,120
2217.0,1036.63,-775.0,13,27,119
2717.0,1301.53,-356.0,14,27,119
2379.0,1252.46,-560.0,11,22,104
2357.0,1144.06,-676.0,11,27,119
2567.0,1207.89,-554.0,10,22,104
2372.0,1281.28,-771.0,10,27,119
2582.0,1348.47,-580.0,10,23,105
2462.0,1286.33,-1058.0,9,23,105
2872.0,1419.63,-597.0,9,23,106
2592.0,1381.24,-783.0,9,23,106
2502.0,1373.29,-633.0,9,23,106
2402.0,1221.87,-563.0,9,23,99
2447.0,1280.74,-600.0,9,23,106
2782.0,1195.13,-558.0,9,23,106
2622.0,1349.99,-463.0,9,23,106
2617.0,1371.78,-533.0,9,23,106
2497.0,1548.29,-338.0,9,23,106
2667.0,1285.68,-556.0,9,20,98
2337.0,1220.43,-692.0,9,20,98
2689.0,1339.68,-609.0,9,23,106
2682.0,1372.53,-667.0,9,23,106
2561.0,1406.13,-723.0,9,23,106
2637.0,1342.53,-711.0,8,23,106
2612.0,1133.66,-785.0,8,23,107
2406.0,1465.31,-492.0,7,20,97
2875.0,1405.15,-548.0,7,20,97
2411.0,1330.67,-668.0,7,20,97
2887.0,1446.51,-533.0,7,24,108
2877.0,1452.45,-593.0,7,24,108
2627.0,1355.74,-658.0,7,24,108
2887.0,1395.47,-563.0,7,24,108
3022.0,1515.72,-438.0,6,20,97
2612.0,1545.53,-85.0,6,20,97
2557.0,1486.07,-491.0,6,20,97
2635.0,1490.55,-438.0,7,20,97
2687.0,1436.2,26.0,7,20,97
3052.0,1478.02,-529.0,7,20,97
2902.0,1380.21,-310.0,7,24,108
2892.0,1503.0,151.0,7,20,97
2752.0,1353.71,-352.0,7,20,97
2882.0,1568.44,-713.0,7,20,97
3037.0,1557.94,-375.0,6,20,97
3057.0,1603.36,-438.0,6,20,97
3047.0,1549.89,-103.0,5,20,97
2807.0,1559.56,-14.0,5,20,97
2667.0,1670.16,167.0,5,20,97
2912.0,1574.45,-235.0,5,20,97
3292.0,1619.18,42.0,5,20,97
2872.0,1531.91,-147.0,6,20,97
2772.0,1530.86,-519.0,6,29,126
2692.0,1517.93,-378.0,6,24,108
2692.0,1455.07,-427.0,6,24,108
2882.0,1511.05,135.0,6,33,147
3008.0,1815.83,-422.0,5,33,147
2997.0,1634.04,-89.0,6,20,96
2977.0,1563.91,-558.0,6,20,96
3507.0,1344.51,-1098.0,6,20,96
2728.0,1525.74,-718.0,5,20,96
2807.0,1523.5,-292.0,5,20,96
2832.0,1548.55,-786.0,5,24,108
3122.0,1596.57,-445.0,5,20,96
3007.0,1645.13,-408.0,5,24,108
3017.0,1496.01,-218.0,5,20,96
3472.0,1749.73,-391.0,5,21,97
3012.0,1681.78,-59.0,5,33,147
3057.0,1590.82,-197.0,5,21,97
3002.0,1504.66,-685.0,5,33,147
2992.0,1546.68,-743.0,5,21,97
2882.0,1543.7,-718.0,5,21,97
3037.0,1488.73,-187.0,5,21,97
3062.0,1548.81,-193.0,5,24,109
3057.0,1649.75,-623.0,5,34,148
3202.0,1736.31,-147.0,5,34,148
2977.0,1667.36,-338.0,5,22,98
2937.0,1580.33,-385.0,5,34,148
2752.0,1511.44,-1048.0,5,22,98
2972.0,1611.49,-483.0,5,34,148
3187.0,1578.57,-408.0,5,22,98
3027.0,1482.4,-883.0,5,34,148
2747.0,1526.64,-258.0,5,34,148
2912.0,1628.84,-340.0,5,22,98
3012.0,1657.74,-94.0,5,34,148
3172.0,1606.35,-108.0,5,34,148
3147.0,1563.44,-173.0,5,22,99
2937.0,1669.12,-293.0,5,22,99
3247.0,1655.47,-833.0,5,34,148
3067.0,1556.29,-373.0,5,34,148
2902.0,1703.17,42.0,5,22,99
3047.0,1682.96,-366.0,5,22,99
3302.0,1614.86,-389.0,5,22,99
3472.0,1614.09,-229.0,5,22,99
3272.0,1669.83,-543.0,5,22,99
3222.0,1527.29,-878.0,5,22,99
3022.0,1660.21,-103.0,5,22,99
3237.0,1691.06,-273.0,5,34,148
2722.0,1735.38,62.0,5,22,99
3142.0,1538.8,-773.0,5,22,99
3087.0,1616.32,-205.0,5,22,99
3177.0,1638.88,-143.0,5,34,148
3212.0,1607.19,-123.0,5,22,99
3142.0,1652.86,-323.0,5,34,148
3087.0,1587.43,-496.0,5,22,100
3137.0,1548.16,-643.0,5,22,99
3082.0,1555.58,-204.0,5,22,99
2911.0,1474.44,-467.0,5,34,148
3672.0,1666.97,-145.0,5,22,99
3312.0,1657.23,-328.0,5,22,100
3007.0,1761.9,223.0,5,22,100
3102.0,1742.03,-329.0,5,22,100
2762.0,1724.74,117.0,5,34,148
3077.0,1682.47,-648.0,5,22,98
2907.0,1674.25,-668.0,6,22,98
3142.0,1606.27,-93.0,5,34,149
3107.0,1820.09,42.0,5,22,98
3255.0,1852.31,-559.0,5,22,98
3037.0,1749.12,-368.0,6,22,99
2972.0,1515.42,-658.0,6,34,149
2917.0,1581.35,-581.0,6,23,100
3012.0,1587.58,-178.0,6,33,150
2852.0,1575.87,-688.0,6,34,150
3122.0,1431.78,-253.0,6,34,151
3092.0,1651.39,-179.0,7,22,100
3127.0,1498.61,-509.0,6,22,100
3057.0,1643.88,50.0,6,22,100
3427.0,1488.21,84.0,6,22,100
2932.0,1383.0,-504.0,6,33,150
3172.0,1744.44,-460.0,6,22,100
3032.0,1608.53,-813.0,6,34,152
3042.0,1622.09,-501.0,6,34,152
3512.0,1663.86,-612.0,6,34,152
2992.0,1813.21,-183.0,6,34,152
3152.0,1625.96,-758.0,6,33,150
3122.0,1756.73,-281.0,7,34,152
3297.0,1726.79,-485.0,7,22,100
2987.0,1632.08,-433.0,7,22,100
2877.0,1628.96,-53.0,7,34,152
3002.0,1732.52,159.0,7,22,100
3182.0,1679.42,228.0,7,22,100
3532.0,1776.09,-258.0,7,22,100
3357.0,1695.65,141.0,7,33,150
3157.0,1709.19,-158.0,7,41,191
3182.0,1815.74,-41.0,6,34,152
3172.0,1730.41,-207.0,6,41,191
3147.0,1808.69,530.0,6,34,152
2947.0,1728.68,-504.0,6,34,152
3235.0,1765.38,-162.0,6,22,100
3047.0,1780.08,-567.0,6,34,152
3302.0,1810.23,-22.0,6,42,193
3092.0,1793.83,-258.0,6,42,193
3297.0,1863.79,-83.0,6,22,100
3422.0,1904.25,-249.0,6,33,150
3312.0,1969.63,-228.0,6,34,152
3162.0,1986.05,-422.0,6,34,152
3177.0,1735.58,5.0,6,34,152
3381.0,1847.87,-9.0,6,33,150
3287.0,1787.0,-98.0,6,22,101
3067.0,1837.11,40.0,6,42,193
3137.0,1710.31,-116.0,6,22,101
3817.0,1771.18,-173.0,6,33,150
2852.0,1613.23,-523.0,7,33,150
3197.0,1661.9,-745.0,6,34,153
3441.0,1657.1,302.0,6,33,150
3387.0,1697.14,411.0,6,33,150
3452.0,1610.36,201.0,6,33,150
3147.0,1578.57,-96.0,6,34,154
3037.0,1601.97,-315.0,6,33,150
3237.0,1790.41,306.0,6,33,150
3047.0,1716.14,-318.0,6,33,150
3132.0,1767.68,248.0,7,34,154
2933.0,1555.79,62.0,6,34,154
3357.0,1666.23,177.0,6,34,154
traininig time: 7549.64551497
