best,average,min,species,neurons,links
977.0,5.09,-808.0,1,22,57
1447.0,365.6,-918.0,1,22,57
1727.0,616.43,-663.0,1,22,57
1737.0,694.59,-553.0,2,22,57
1847.0,706.09,-393.0,2,22,57
2082.0,836.11,-638.0,4,24,59
2342.0,986.6,-562.0,3,23,58
2492.0,1309.23,-144.0,2,24,59
2537.0,1276.96,97.0,2,23,58
2452.0,1435.59,-28.0,2,23,59
2847.0,1483.2,-558.0,3,23,58
2922.0,1690.98,272.0,3,23,58
2922.0,1732.3,131.0,3,23,58
2797.0,1540.24,232.0,3,23,58
3152.0,1581.44,-38.0,3,23,58
3187.0,1634.96,-295.0,3,23,59
3377.0,1776.05,-88.0,3,23,59
3062.0,1849.76,120.0,3,23,59
3042.0,1680.18,-266.0,3,23,59
3237.0,1676.98,-658.0,3,23,59
3307.0,1719.22,-98.0,3,23,61
3197.0,1698.68,-43.0,3,23,61
3047.0,1679.98,-315.0,3,23,60
2847.0,1732.46,-43.0,3,23,61
2897.0,1645.47,18.0,3,23,61
3287.0,1681.86,-514.0,3,23,61
3512.0,1593.41,-123.0,3,23,62
3192.0,1674.83,-113.0,4,23,62
3032.0,1643.62,212.0,4,23,62
2877.0,1672.25,167.0,4,23,62
3047.0,1495.27,-443.0,4,23,62
3062.0,1656.77,-423.0,6,24,60
3222.0,1409.17,15.0,5,25,64
3282.0,1537.51,-558.0,5,24,60
3447.0,1867.0,-596.0,6,25,63
3127.0,1551.75,-388.0,6,24,61
3484.0,1647.72,177.0,7,23,62
3122.0,1622.3,-295.0,7,25,69
3417.0,1764.95,-38.0,7,24,62
3172.0,1644.89,-336.0,7,27,65
3117.0,1603.09,-249.0,8,24,63
3242.0,1680.95,-37.0,8,27,65
3217.0,1807.79,-448.0,8,25,63
2972.0,1760.6,-161.0,9,24,63
3212.0,1587.89,-186.0,9,25,63
3362.0,1738.09,71.0,9,24,63
3232.0,1647.34,-152.0,9,25,63
3187.0,1669.3,109.0,9,27,65
3532.0,1740.69,-208.0,9,25,63
3202.0,1658.14,-139.0,9,25,64
3097.0,1729.14,67.0,9,25,63
3102.0,1824.81,442.0,9,25,64
3002.0,1666.2,-98.0,9,25,63
3282.0,1527.04,-533.0,9,25,64
3092.0,1597.65,-182.0,8,25,64
3072.0,1559.34,-408.0,8,25,64
3232.0,1746.44,-560.0,9,26,65
3217.0,1535.59,-483.0,9,28,75
2982.0,1713.32,71.0,9,25,63
3037.0,1652.14,-404.0,9,25,63
3077.0,1815.14,199.0,9,25,62
3437.0,1735.86,-103.0,9,26,64
3292.0,1591.92,-517.0,9,26,64
3477.0,1767.36,-58.0,9,27,64
3102.0,1715.68,-676.0,9,26,65
2917.0,1753.47,407.0,10,26,65
3107.0,1593.84,-183.0,9,27,66
3122.0,1575.47,-178.0,10,26,65
3047.0,1635.19,-326.0,10,25,62
3057.0,1564.89,-277.0,10,26,65
3077.0,1608.22,-358.0,10,27,65
2782.0,1629.72,-117.0,10,27,65
2947.0,1597.6,-313.0,11,26,65
3247.0,1574.8,-432.0,11,25,62
3062.0,1669.98,-188.0,11,27,65
3167.0,1756.42,-471.0,11,27,65
3367.0,1842.26,222.0,9,27,65
3167.0,1739.92,-18.0,10,27,65
3302.0,1806.1,-3.0,10,25,62
3047.0,1817.02,-213.0,10,28,78
3012.0,1768.44,197.0,10,31,82
3147.0,1851.27,-19.0,10,26,64
3182.0,1869.85,-24.0,10,26,64
3107.0,1893.77,-162.0,10,26,64
3257.0,1731.03,203.0,10,31,82
3227.0,1748.94,-244.0,9,27,65
3372.0,1807.2,-243.0,10,26,64
3477.0,1744.44,-218.0,9,28,79
3032.0,1592.47,32.0,10,28,79
3277.0,1671.13,-413.0,9,27,66
3457.0,1604.81,-58.0,8,27,66
3092.0,1624.14,272.0,8,27,66
3002.0,1727.81,-588.0,8,28,67
3422.0,1769.26,332.0,8,26,64
3422.0,1715.93,-488.0,8,28,67
3437.0,1847.06,-73.0,7,26,65
3197.0,1869.36,-418.0,7,33,96
3007.0,1730.36,-572.0,7,28,67
3087.0,1918.16,417.0,7,28,67
3067.0,1726.32,-243.0,7,28,67
2967.0,1789.9,-63.0,7,28,67
3107.0,1793.48,-208.0,6,28,67
3382.0,1830.41,-371.0,6,28,67
3257.0,1870.64,-68.0,6,28,79
3492.0,1902.52,217.0,6,28,79
3227.0,2046.25,233.0,6,28,79
2982.0,2023.82,-123.0,6,28,67
3412.0,1877.56,-286.0,6,28,80
3322.0,1944.83,572.0,6,28,67
3537.0,1802.64,-196.0,6,28,67
2897.0,1802.05,-138.0,6,28,67
2907.0,1936.56,-368.0,6,28,80
3522.0,1975.34,-120.0,6,28,80
3597.0,2021.64,377.0,6,28,68
3402.0,1769.41,262.0,6,28,68
3242.0,1906.38,-613.0,6,28,68
2817.0,1926.06,302.0,6,28,68
3347.0,1995.11,250.0,6,28,68
2977.0,1894.53,-119.0,6,33,97
2862.0,2003.03,618.0,6,27,77
2847.0,1992.14,-144.0,6,28,81
2992.0,1967.62,242.0,6,28,81
2852.0,1911.76,-48.0,6,33,97
3377.0,1919.9,-23.0,6,28,70
2832.0,1940.3,323.0,6,29,86
3307.0,1913.88,-173.0,6,28,81
3077.0,1866.7,77.0,6,27,77
3202.0,1888.97,204.0,6,29,69
3302.0,1825.43,-17.0,6,29,69
3067.0,1914.28,337.0,6,29,69
2992.0,1921.92,217.0,6,29,86
3447.0,1883.05,292.0,6,29,69
3237.0,1857.05,-13.0,6,29,69
3227.0,1969.53,762.0,7,29,87
3127.0,1859.84,-213.0,7,29,87
3562.0,1793.8,102.0,7,29,69
3062.0,1848.85,437.0,6,29,69
3332.0,1900.73,15.0,6,29,69
3157.0,1828.44,-47.0,6,28,82
3197.0,1887.2,-135.0,6,28,82
3047.0,1862.06,-288.0,6,29,69
3272.0,1968.24,-68.0,6,29,69
3452.0,2085.18,332.0,6,29,69
2927.0,2001.54,447.0,6,29,88
3297.0,1919.51,282.0,6,29,88
3352.0,1997.36,347.0,6,30,70
3112.0,1936.02,159.0,5,30,70
3062.0,1898.44,3.0,6,30,70
3022.0,2005.22,121.0,5,30,70
3097.0,1920.29,-258.0,5,28,82
3097.0,1979.24,212.0,5,35,108
3347.0,1993.25,317.0,5,30,70
3177.0,2010.73,-323.0,5,30,70
3227.0,2039.16,-90.0,6,30,70
3137.0,1880.11,82.0,5,29,89
3502.0,2057.47,542.0,5,30,70
3022.0,1889.67,12.0,5,30,70
3582.0,1928.82,242.0,5,30,70
3252.0,1913.93,47.0,5,30,70
3512.0,1952.7,192.0,5,35,107
3457.0,1913.23,17.0,5,28,82
3427.0,1832.52,168.0,5,35,107
2987.0,2019.31,501.0,5,30,70
3207.0,1889.59,122.0,5,30,70
3192.0,2122.4,127.0,4,29,89
3217.0,1908.62,-658.0,4,35,107
3162.0,2003.58,587.0,4,35,107
3152.0,2014.36,1.0,4,30,70
3122.0,2001.24,-208.0,4,35,107
3102.0,1905.31,-67.0,4,30,70
3037.0,2045.41,308.0,4,35,107
3107.0,1972.37,-213.0,4,30,91
3752.0,2119.59,-288.0,4,35,108
3537.0,1971.73,-40.0,4,30,70
3487.0,2125.29,-14.0,4,31,71
3262.0,2106.67,40.0,4,35,108
3032.0,2182.24,452.0,4,31,71
3487.0,2159.12,531.0,4,35,108
3559.0,2333.4,772.0,3,31,71
3192.0,2098.26,314.0,3,35,108
3182.0,2157.01,-558.0,3,31,71
3252.0,2023.77,-106.0,3,31,71
3542.0,2273.58,42.0,3,31,71
3142.0,2072.64,122.0,3,31,71
3397.0,2210.93,512.0,3,36,110
3327.0,2074.17,2.0,3,36,110
3137.0,2077.85,433.0,4,32,72
3187.0,1922.36,-83.0,4,39,118
2917.0,1829.86,136.0,4,39,118
2952.0,2058.02,97.0,4,30,92
3162.0,2082.54,-629.0,4,39,118
3267.0,2022.87,-123.0,3,37,117
3012.0,2026.0,407.0,3,30,92
3097.0,2034.06,407.0,3,32,72
3437.0,2008.51,-63.0,3,30,92
2977.0,2063.92,377.0,3,37,117
3632.0,2108.43,-288.0,3,30,92
3587.0,2142.54,182.0,3,30,92
3407.0,2021.39,-213.0,3,32,73
3317.0,1925.67,-183.0,3,30,92
3182.0,1962.15,57.0,3,30,92
3312.0,2056.41,-433.0,3,30,92
3142.0,2028.78,422.0,3,32,72
3357.0,2103.98,-158.0,3,32,72
3297.0,2010.39,-188.0,3,30,92
3212.0,1967.73,247.0,3,30,93
3519.0,2071.19,239.0,3,30,93
3672.0,2054.99,77.0,3,30,93
3142.0,2086.26,357.0,3,30,93
3467.0,2210.56,342.0,3,30,94
3352.0,2164.88,567.0,3,30,93
3477.0,2155.59,257.0,3,32,72
3847.0,2216.38,-533.0,3,39,119
3397.0,2172.22,114.0,3,39,119
3277.0,2237.67,396.0,3,30,93
3377.0,2155.52,207.0,3,30,93
3562.0,2240.11,-83.0,3,30,93
3637.0,2341.18,637.0,3,30,93
3442.0,2226.39,442.0,4,30,93
3387.0,2178.81,-313.0,4,41,122
3432.0,2082.38,227.0,4,30,93
3552.0,2262.76,-123.0,4,41,123
3231.0,2270.63,252.0,4,42,124
3567.0,2280.59,387.0,4,42,124
3462.0,2260.66,418.0,4,42,124
3687.0,2477.74,777.0,3,30,92
3627.0,2286.09,809.0,3,42,124
3577.0,2251.35,652.0,3,42,124
3562.0,2344.43,760.0,3,30,94
3317.0,2372.07,967.0,3,30,94
traininig time: 7643.28832197
