best,average,min,species,neurons,links
1082.0,-86.76,-833.0,1,22,6
1102.0,486.92,-868.0,1,22,7
1242.0,680.25,-798.0,1,22,7
1242.0,775.81,-1018.0,1,22,7
1312.0,926.71,-923.0,1,23,8
1312.0,863.48,-1088.0,2,23,8
1502.0,952.41,-1108.0,2,23,8
1502.0,821.16,-1108.0,2,23,8
1502.0,891.33,-838.0,3,23,8
1502.0,909.44,-958.0,3,23,8
1502.0,865.36,-908.0,3,23,8
1502.0,882.27,-838.0,3,23,8
1502.0,737.99,-998.0,3,23,8
1502.0,910.25,-528.0,3,23,8
1502.0,995.75,-868.0,3,23,8
1502.0,887.1,-908.0,3,23,8
1502.0,1007.71,-1123.0,3,23,8
1502.0,969.45,-1063.0,3,23,8
1502.0,964.52,-908.0,3,23,8
1502.0,993.42,-908.0,3,23,8
1502.0,994.8,-908.0,3,23,8
1502.0,985.1,-748.0,3,23,8
1502.0,1062.13,-993.0,4,23,8
1502.0,1017.29,-948.0,4,23,8
1502.0,1072.31,-868.0,4,23,8
1502.0,1025.59,-878.0,4,23,8
1502.0,1134.59,-878.0,5,23,8
1502.0,1036.68,-691.0,5,23,7
1502.0,1164.74,-358.0,5,23,8
1502.0,1082.41,-1078.0,5,23,7
1502.0,1162.3,-913.0,6,23,8
1502.0,1087.46,-436.0,8,23,8
1502.0,1002.95,-995.0,7,24,11
1502.0,1093.75,-228.0,8,24,11
1502.0,767.37,-908.0,8,24,12
1502.0,1009.72,-978.0,9,24,12
1502.0,940.77,-988.0,9,24,12
1502.0,1124.08,-908.0,10,24,12
1502.0,907.05,-908.0,10,24,12
1522.0,1198.87,-848.0,6,25,12
1522.0,1077.47,-868.0,6,25,12
1522.0,1114.27,-808.0,6,25,12
1522.0,1137.92,-698.0,6,25,12
1522.0,1112.87,-993.0,7,25,12
1522.0,1173.3,-608.0,5,25,12
1522.0,1113.28,-1108.0,5,25,12
1522.0,1141.0,-1088.0,5,25,12
1522.0,1168.73,-868.0,5,25,12
1522.0,1230.23,-344.0,6,25,12
1522.0,1149.0,-458.0,6,25,12
1522.0,1173.21,-468.0,6,25,12
1522.0,1115.99,-808.0,6,25,11
1522.0,1104.35,-668.0,6,25,12
1587.0,1103.62,-868.0,6,25,17
1653.0,1123.5,-908.0,6,25,17
1904.0,1181.61,-868.0,6,25,18
1647.0,1207.43,-308.0,6,25,18
1962.0,1137.24,-878.0,6,25,17
1581.0,1188.39,-728.0,7,25,17
1637.0,1135.38,-598.0,7,25,16
1632.0,1126.62,-958.0,7,25,16
1682.0,1287.68,-803.0,7,25,16
1897.0,1284.98,-457.0,7,25,16
1887.0,1304.67,-338.0,7,25,16
1792.0,1230.56,-487.0,8,25,16
1722.0,1173.5,-308.0,8,25,16
1892.0,1211.49,-288.0,8,25,16
1732.0,1124.21,-600.0,8,25,15
1522.0,1092.97,-461.0,8,25,10
1612.0,1202.76,-489.0,8,25,16
1522.0,1210.55,-708.0,9,25,10
1697.0,1103.26,-448.0,9,25,16
1797.0,1231.1,-1108.0,10,25,16
1607.0,1084.24,-1003.0,9,25,16
1972.0,1192.67,-545.0,9,25,16
1947.0,1212.2,-499.0,9,25,15
1732.0,1154.03,-476.0,8,25,15
1837.0,1168.19,-251.0,8,25,15
1987.0,1199.48,-487.0,8,25,15
1892.0,1257.46,-344.0,8,25,15
2152.0,1233.08,42.0,8,25,15
1971.0,1093.72,-503.0,9,25,15
2192.0,1201.53,-222.0,8,25,15
2157.0,1255.73,-470.0,8,25,15
1632.0,1166.22,-453.0,8,25,16
1729.0,1198.01,-578.0,8,23,11
2157.0,1258.02,-593.0,8,25,15
1827.0,1159.31,-279.0,8,25,15
2037.0,1214.19,-273.0,8,25,15
1617.0,1196.23,-583.0,8,25,15
1707.0,1246.45,-433.0,8,25,16
1702.0,1232.02,-158.0,8,25,16
1742.0,1221.97,-918.0,7,23,11
1712.0,1277.13,-103.0,7,25,16
1637.0,1232.07,-1108.0,7,25,16
1623.0,1277.07,-477.0,7,25,16
1697.0,1311.22,-838.0,7,25,16
1711.0,1310.4,182.0,7,23,12
1737.0,1255.37,-289.0,7,23,12
1878.0,1242.94,-808.0,7,23,12
1811.0,1319.79,-128.0,7,25,16
1707.0,1334.41,332.0,7,25,16
1902.0,1278.49,-838.0,7,25,16
1867.0,1316.51,-218.0,7,25,16
1887.0,1309.3,-278.0,7,25,16
1712.0,1320.55,72.0,7,25,16
1927.0,1305.5,-968.0,6,25,16
1706.0,1289.19,332.0,6,23,12
1767.0,1252.19,-248.0,6,25,16
1722.0,1281.14,132.0,6,25,16
1796.0,1141.08,-838.0,6,23,12
1726.0,1335.56,452.0,6,23,12
1947.0,1304.41,47.0,6,23,13
1672.0,1216.62,-668.0,7,25,16
1607.0,1211.63,-143.0,6,23,13
1587.0,1272.56,-908.0,7,25,16
1787.0,1277.7,-118.0,7,25,16
1692.0,1269.26,242.0,7,23,13
1832.0,1186.79,-83.0,7,23,13
1912.0,1134.33,172.0,7,24,14
1945.0,1170.16,-68.0,7,25,16
1888.0,1239.13,-58.0,7,25,16
1750.0,1158.47,-548.0,7,25,16
1852.0,1230.37,-73.0,7,25,16
1882.0,1235.25,-658.0,7,25,16
1812.0,1186.46,-278.0,8,25,16
1902.0,1219.94,-415.0,8,24,15
1987.0,1176.23,-278.0,8,28,32
2027.0,1163.63,-348.0,7,28,32
1952.0,1321.43,-32.0,7,26,24
1952.0,1303.27,-378.0,8,28,32
2342.0,1265.07,312.0,8,28,32
2062.0,1299.55,197.0,8,28,32
2047.0,1250.52,-568.0,9,28,32
2092.0,1259.93,-173.0,9,28,32
1837.0,1225.46,22.0,9,28,32
2067.0,1211.52,-728.0,10,26,24
2232.0,1132.85,-48.0,10,26,24
1977.0,1169.32,-379.0,10,30,36
2132.0,1269.47,221.0,9,26,25
2097.0,1245.58,-168.0,8,30,36
2192.0,1231.27,62.0,9,30,36
2082.0,1284.88,-103.0,9,30,36
2297.0,1254.15,-378.0,8,28,34
2272.0,1335.66,-113.0,8,28,35
2542.0,1369.98,558.0,8,28,35
2192.0,1309.45,-153.0,8,28,35
1997.0,1249.66,-458.0,9,28,35
2012.0,1256.84,192.0,8,29,39
2222.0,1290.54,444.0,8,30,36
2042.0,1291.22,-518.0,7,30,36
1907.0,1281.66,12.0,7,27,21
2402.0,1294.85,-583.0,8,29,40
2137.0,1389.98,542.0,7,29,39
2047.0,1288.16,-368.0,6,29,40
1932.0,1345.8,417.0,6,29,40
2052.0,1324.61,47.0,6,29,40
2077.0,1359.05,470.0,6,29,40
2517.0,1418.77,215.0,6,29,40
2287.0,1373.51,302.0,6,29,40
2162.0,1304.9,437.0,6,29,41
2442.0,1435.04,111.0,6,29,41
2101.0,1421.19,433.0,6,29,41
2552.0,1398.56,276.0,6,29,41
2287.0,1352.62,177.0,6,29,41
2302.0,1335.48,-184.0,6,29,41
2192.0,1323.29,483.0,6,27,22
2137.0,1427.51,420.0,6,29,41
2312.0,1344.17,521.0,6,29,41
2147.0,1303.49,530.0,6,29,41
2462.0,1410.26,543.0,6,29,41
2192.0,1352.15,192.0,6,29,41
2262.0,1393.29,438.0,6,29,41
2012.0,1421.42,515.0,6,27,22
2192.0,1447.69,567.0,6,27,22
2437.0,1376.66,382.0,6,29,41
2127.0,1379.47,537.0,6,26,25
2212.0,1414.95,422.0,6,26,25
2192.0,1406.57,502.0,6,26,25
2332.0,1449.49,387.0,6,29,41
2122.0,1527.84,502.0,6,28,32
2207.0,1438.75,142.0,6,26,26
2392.0,1437.05,107.0,6,27,21
2257.0,1463.62,498.0,6,29,41
2172.0,1515.4,598.0,6,28,32
2042.0,1416.8,342.0,5,26,26
2297.0,1486.8,377.0,5,29,42
2332.0,1536.05,372.0,5,28,33
2472.0,1507.64,475.0,6,29,42
2382.0,1479.72,421.0,6,28,33
2267.0,1513.71,282.0,5,28,33
2282.0,1431.6,207.0,5,28,35
2282.0,1614.31,512.0,5,28,35
2392.0,1516.23,272.0,5,28,22
2327.0,1583.89,460.0,5,29,43
2432.0,1543.96,142.0,5,28,35
2382.0,1475.17,307.0,5,28,35
2282.0,1500.61,457.0,5,28,35
2477.0,1437.03,22.0,5,29,44
2432.0,1465.81,315.0,5,28,35
2432.0,1546.32,485.0,6,28,35
2282.0,1377.9,485.0,6,28,35
2482.0,1311.55,427.0,6,28,35
2332.0,1404.95,555.0,6,28,35
2432.0,1390.01,314.0,6,28,35
2382.0,1420.51,572.0,6,28,35
2232.0,1422.94,542.0,6,28,35
2432.0,1376.81,507.0,6,28,35
2352.0,1426.65,612.0,6,29,44
2332.0,1438.34,471.0,6,28,35
2262.0,1447.49,402.0,7,27,29
2182.0,1299.15,-203.0,7,28,36
2262.0,1287.13,462.0,7,29,44
2152.0,1359.24,537.0,7,29,23
2332.0,1427.72,525.0,7,28,35
2182.0,1370.41,-238.0,7,28,34
2432.0,1346.74,-103.0,7,28,34
2132.0,1284.98,143.0,8,28,34
2238.0,1347.29,106.0,8,29,24
2002.0,1318.92,585.0,8,31,42
2292.0,1368.85,437.0,8,31,43
2237.0,1445.44,444.0,8,31,55
2412.0,1406.27,-238.0,8,31,55
2482.0,1453.94,341.0,8,31,55
2667.0,1441.44,519.0,8,31,55
2332.0,1474.88,557.0,8,31,55
2377.0,1483.1,554.0,8,31,55
2417.0,1441.39,277.0,8,31,55
2377.0,1471.52,617.0,9,31,55
2502.0,1472.68,242.0,9,31,55
2417.0,1422.08,332.0,9,32,44
2737.0,1483.12,482.0,8,32,44
2492.0,1420.81,322.0,8,30,25
2647.0,1443.08,452.0,8,31,55
2472.0,1441.13,316.0,8,31,55
2397.0,1486.38,207.0,8,31,55
2612.0,1556.18,97.0,9,31,55
2472.0,1470.57,340.0,9,32,43
2532.0,1458.16,506.0,9,31,55
2405.0,1380.91,87.0,9,30,25
2617.0,1480.02,568.0,9,31,54
2272.0,1328.17,-68.0,9,31,54
2252.0,1463.07,269.0,9,31,54
2657.0,1526.48,-75.0,9,31,54
2257.0,1426.19,207.0,9,29,46
2192.0,1443.76,417.0,9,32,44
2372.0,1399.25,482.0,9,31,54
2402.0,1431.8,523.0,9,31,54
2372.0,1534.21,373.0,9,31,54
2407.0,1433.38,368.0,9,31,54
2462.0,1500.67,492.0,8,31,54
2342.0,1521.59,-151.0,8,31,54
2432.0,1406.46,76.0,8,31,54
2352.0,1505.99,417.0,8,29,47
2317.0,1497.4,552.0,7,31,53
2542.0,1445.08,-123.0,7,32,44
2582.0,1503.97,-258.0,7,31,58
2392.0,1488.01,294.0,7,30,25
2572.0,1535.34,96.0,6,32,57
2592.0,1535.62,394.0,6,32,44
2672.0,1501.19,10.0,6,32,58
2537.0,1590.8,661.0,6,32,58
2707.0,1591.53,42.0,6,31,58
2737.0,1638.33,182.0,6,32,44
2787.0,1556.27,387.0,6,31,58
2557.0,1628.67,338.0,6,32,59
2642.0,1561.19,167.0,6,31,59
2522.0,1528.05,40.0,6,32,59
2452.0,1475.12,-225.0,6,31,59
2537.0,1605.36,232.0,6,32,59
2592.0,1557.35,-243.0,6,30,25
2597.0,1581.07,322.0,6,31,59
2842.0,1636.35,42.0,6,32,45
2762.0,1633.98,592.0,6,32,45
2617.0,1664.25,11.0,6,32,60
2407.0,1645.02,222.0,6,32,60
2382.0,1546.77,205.0,6,32,60
2597.0,1671.85,223.0,6,32,60
2502.0,1615.27,462.0,6,32,60
2642.0,1622.77,25.0,6,32,60
2637.0,1610.52,57.0,6,32,60
2437.0,1544.91,387.0,6,32,60
2637.0,1681.24,-258.0,6,32,60
2512.0,1510.66,-488.0,6,32,60
2767.0,1607.12,69.0,6,32,60
2632.0,1690.78,-7.0,6,30,39
2657.0,1610.71,111.0,6,32,60
2542.0,1608.0,80.0,6,32,45
2842.0,1750.91,594.0,6,32,60
2692.0,1592.89,539.0,6,32,60
2542.0,1689.18,622.0,6,32,60
2467.0,1607.99,264.0,6,32,60
2767.0,1657.46,461.0,6,32,60
2672.0,1655.76,554.0,6,32,60
2482.0,1596.97,433.0,6,32,60
2727.0,1687.25,601.0,6,32,60
2542.0,1661.55,458.0,6,32,60
2872.0,1667.65,449.0,6,30,39
2597.0,1686.47,491.0,6,32,60
2542.0,1711.6,631.0,6,32,61
2712.0,1729.05,142.0,6,32,60
2782.0,1760.23,806.0,6,30,40
2643.0,1746.71,398.0,6,30,40
2812.0,1685.23,470.0,6,32,46
2512.0,1731.74,568.0,6,32,60
2892.0,1685.99,440.0,6,32,60
2647.0,1766.0,440.0,6,32,60
2677.0,1670.16,632.0,6,32,60
2782.0,1817.2,132.0,6,30,41
2987.0,1818.75,575.0,6,32,60
3287.0,1848.39,91.0,6,32,60
3600.0,1766.03,475.0,6,30,42
2782.0,1908.49,545.0,7,30,42
3182.0,1817.43,-648.0,7,30,42
2862.0,1857.58,418.0,7,30,42
3291.0,1808.92,418.0,7,30,42
3276.0,1935.86,367.0,6,32,60
3016.0,1959.39,480.0,6,30,42
2982.0,1926.0,582.0,6,30,43
3177.0,1823.19,556.0,6,36,76
3436.0,1879.86,345.0,6,30,43
3282.0,1955.55,549.0,6,30,44
3166.0,1995.64,500.0,5,30,44
3182.0,2053.57,490.0,5,30,44
3048.0,2048.84,432.0,5,30,44
3182.0,2073.6,688.0,5,30,45
3252.0,2042.31,687.0,5,32,61
2987.0,2083.73,797.0,5,32,60
3212.0,2022.05,586.0,5,37,78
3767.0,2061.21,741.0,5,37,78
3427.0,1962.94,142.0,5,37,78
3017.0,1985.3,662.0,5,32,60
2912.0,2013.07,739.0,5,32,60
2892.0,1922.71,342.0,5,37,79
3247.0,1948.54,594.0,5,32,61
3282.0,1973.19,217.0,5,32,61
3182.0,2025.13,605.0,5,30,45
3162.0,2048.84,852.0,5,32,61
3177.0,1989.06,312.0,5,30,45
3832.0,2016.76,452.0,5,32,61
3182.0,2040.59,770.0,4,30,45
3492.0,2144.13,539.0,4,32,61
3562.0,2096.64,534.0,4,32,61
3512.0,2021.05,1076.0,4,38,81
3677.0,2059.17,-273.0,4,33,62
3416.0,2116.2,799.0,4,30,45
3612.0,2038.47,-173.0,6,38,81
3282.0,1925.16,571.0,6,30,45
3372.0,1965.18,658.0,6,33,62
3091.0,1950.18,389.0,6,35,69
3366.0,2030.32,662.0,6,30,45
3302.0,2056.17,382.0,6,38,80
3122.0,1903.64,417.0,6,33,62
3422.0,2005.24,647.0,6,33,62
3092.0,1968.37,672.0,6,38,81
3577.0,2002.81,789.0,6,33,62
3972.0,2206.24,632.0,6,33,62
3407.0,2077.31,604.0,6,34,63
3642.0,2089.21,606.0,6,34,63
3557.0,1978.64,570.0,6,34,63
3457.0,2054.57,302.0,6,34,63
3437.0,2115.19,377.0,6,35,64
3292.0,2175.17,832.0,6,35,64
3367.0,2059.05,294.0,6,35,64
3551.0,2207.06,703.0,6,35,65
3672.0,2008.8,277.0,6,38,80
3507.0,1936.88,-418.0,6,38,80
3776.0,2083.24,107.0,6,38,80
3817.0,2110.39,543.0,6,38,80
3357.0,2048.61,-133.0,6,38,80
3322.0,2111.68,-215.0,6,38,82
3656.0,2143.72,432.0,6,38,82
4116.0,2108.1,592.0,6,38,80
3252.0,2142.47,342.0,6,38,80
3407.0,2079.88,815.0,6,36,72
3706.0,2040.52,602.0,6,36,65
3361.0,2169.64,842.0,6,30,49
3527.0,2231.01,620.0,6,38,85
3207.0,2160.11,932.0,6,38,85
3761.0,2085.39,-543.0,5,38,80
3157.0,2196.38,-297.0,5,30,48
3397.0,2177.8,-387.0,5,36,66
3761.0,2133.86,-863.0,4,36,66
3917.0,2166.75,87.0,4,36,66
3312.0,2221.36,-283.0,4,36,72
3816.0,2270.56,593.0,4,36,66
3612.0,2310.95,540.0,5,38,80
3837.0,2037.86,-433.0,5,40,87
3897.0,2016.49,-268.0,6,36,66
4237.0,2026.46,-458.0,6,36,66
3647.0,2075.35,207.0,6,36,66
3387.0,2078.41,247.0,5,38,80
3841.0,2222.18,-358.0,6,36,65
4117.0,2160.78,708.0,6,36,65
3765.0,2201.24,20.0,6,38,80
3586.0,2149.33,587.0,6,38,79
3436.0,2139.59,-758.0,6,38,79
3367.0,2186.8,-368.0,6,36,65
3565.0,2171.3,937.0,6,36,65
3652.0,2080.85,-33.0,6,38,79
3672.0,2042.21,-783.0,6,42,96
3477.0,2189.28,497.0,6,42,96
3751.0,2250.22,-778.0,6,36,65
3802.0,2214.36,703.0,6,38,79
3267.0,2224.3,1140.0,6,38,79
3672.0,2104.47,-453.0,6,42,95
2977.0,2125.23,747.0,6,38,78
3891.0,2144.98,836.0,7,42,95
3371.0,2068.3,-168.0,7,42,95
3592.0,1943.08,-308.0,7,42,95
3505.0,1956.43,-153.0,6,36,65
3517.0,2105.39,-57.0,7,38,78
3482.0,2079.29,-153.0,8,41,90
3317.0,1851.89,142.0,9,41,90
3292.0,1953.02,-47.0,8,38,78
3312.0,2081.81,572.0,9,38,77
3352.0,1959.43,402.0,9,36,73
3257.0,1990.88,615.0,9,41,90
3307.0,1964.19,362.0,9,42,95
3622.0,1972.27,228.0,9,41,90
3601.0,2067.95,-163.0,9,36,73
3566.0,1919.03,-403.0,9,36,73
3206.0,1894.61,-318.0,9,36,73
3152.0,1974.84,52.0,8,38,77
3361.0,1999.27,-453.0,8,36,65
3317.0,1939.47,-415.0,8,38,77
3537.0,2111.29,142.0,8,42,96
3627.0,2149.25,142.0,8,36,65
3162.0,2129.97,-363.0,7,42,96
3862.0,2194.7,751.0,7,41,91
3237.0,2007.09,25.0,7,38,77
3762.0,2152.15,-443.0,8,41,90
3417.0,2152.7,337.0,8,46,114
3452.0,2132.83,207.0,8,38,77
3457.0,2019.86,-296.0,8,46,114
3542.0,2205.83,597.0,8,40,100
3612.0,2216.48,-400.0,8,46,114
4157.0,2255.77,57.0,8,38,78
3402.0,2207.28,75.0,8,38,78
3737.0,2172.06,522.0,9,46,114
3307.0,2151.47,-598.0,9,46,114
3408.0,2117.02,497.0,9,46,114
4052.0,2085.86,-368.0,9,42,100
3627.0,2169.81,-518.0,9,38,79
3802.0,2134.55,-468.0,10,46,114
3712.0,2036.29,-493.0,10,36,65
3267.0,2108.06,-733.0,10,41,90
3701.0,2054.63,-430.0,10,36,65
3657.0,2003.61,197.0,10,36,65
3987.0,2068.44,-193.0,10,46,114
3367.0,2057.4,442.0,10,46,114
3407.0,2075.54,253.0,10,38,80
3277.0,1960.1,-599.0,9,41,90
3072.0,1999.46,212.0,10,41,90
3312.0,2003.24,-256.0,9,44,122
3517.0,2122.95,-228.0,9,38,80
3442.0,1944.66,432.0,9,38,80
3492.0,2039.37,-173.0,9,44,122
3521.0,2082.14,382.0,8,47,115
3422.0,2132.87,257.0,8,36,64
3342.0,2015.33,352.0,8,47,115
3582.0,2144.69,189.0,8,47,115
3552.0,2092.79,-418.0,8,38,80
3567.0,2116.91,595.0,8,44,122
4171.0,2112.23,668.0,8,38,80
3561.0,2060.82,687.0,8,38,80
3937.0,2139.08,-78.0,8,47,116
3302.0,2107.42,603.0,8,47,116
3412.0,2172.77,-728.0,8,38,80
3727.0,2138.54,568.0,8,44,122
3136.0,2034.7,-298.0,8,36,66
3212.0,2061.62,72.0,8,47,116
3687.0,2233.79,741.0,7,44,122
3567.0,2106.01,543.0,7,38,80
3553.0,2076.38,75.0,7,38,80
3532.0,2128.6,279.0,7,38,80
3592.0,2089.58,802.0,7,47,116
3417.0,2104.75,-443.0,7,36,66
3207.0,2195.11,672.0,7,47,116
3467.0,2118.47,-583.0,6,48,117
4087.0,2190.99,-68.0,7,48,117
3851.0,2196.59,675.0,6,48,117
3422.0,2287.64,-160.0,6,48,117
3432.0,2209.7,687.0,6,48,117
4136.0,2166.16,-333.0,6,48,117
3576.0,2165.18,-908.0,6,36,67
4026.0,2272.01,790.0,6,48,117
3542.0,2048.37,-368.0,6,48,117
3797.0,2231.97,662.0,6,48,117
3612.0,2154.59,122.0,6,36,67
3547.0,2156.96,591.0,6,48,117
3491.0,2136.4,457.0,6,49,118
3462.0,2055.44,-753.0,6,45,125
3842.0,2225.81,432.0,6,41,106
3442.0,2013.04,-222.0,6,49,118
3417.0,2109.91,842.0,5,36,68
3556.0,2118.48,-47.0,5,49,118
3292.0,2079.31,657.0,5,41,106
3422.0,1988.16,-812.0,5,49,118
3406.0,2120.96,566.0,5,36,69
3282.0,2036.4,37.0,5,49,119
3522.0,2101.02,-648.0,5,41,108
3932.0,2087.43,152.0,5,41,108
3852.0,2190.65,-118.0,5,36,68
3717.0,2075.8,-359.0,6,50,120
3462.0,2144.24,16.0,6,38,78
3366.0,2133.33,-138.0,6,41,108
4062.0,2151.83,-693.0,6,44,102
3477.0,2140.96,445.0,5,36,69
3957.0,2221.95,-298.0,6,37,70
4132.0,2198.79,-558.0,6,44,102
3802.0,2169.11,-501.0,6,44,102
3607.0,2181.2,497.0,6,44,102
3422.0,2011.55,142.0,6,41,109
3277.0,2107.44,-218.0,6,41,109
3672.0,2166.29,-408.0,6,38,78
4082.0,2083.49,-226.0,5,44,102
3507.0,2256.04,-108.0,5,44,102
3377.0,2167.71,42.0,5,41,109
3467.0,2126.59,-103.0,5,37,70
3931.0,2213.5,-163.0,6,50,121
3712.0,2006.33,618.0,6,41,109
3572.0,2128.36,342.0,6,41,109
3467.0,2135.36,-373.0,6,44,102
3697.0,2134.14,467.0,6,41,109
3821.0,1900.08,588.0,6,41,109
3561.0,2068.11,-148.0,6,41,109
3842.0,2170.67,792.0,6,41,109
3422.0,2036.86,142.0,6,41,108
3856.0,1967.04,-83.0,6,41,109
3722.0,2032.23,388.0,6,37,70
3822.0,2061.6,469.0,6,41,109
3791.0,2076.43,597.0,6,41,109
3707.0,1993.11,520.0,6,41,109
3836.0,2085.09,590.0,6,37,70
3922.0,2206.05,-538.0,6,44,103
3497.0,2149.71,667.0,5,37,70
4162.0,2066.95,-213.0,5,37,70
3596.0,1993.88,-433.0,5,41,110
3832.0,2090.19,528.0,5,44,102
4092.0,2031.58,582.0,5,41,110
3727.0,2184.55,467.0,5,41,110
3562.0,2085.35,-308.0,5,44,102
4042.0,2152.47,-152.0,5,41,110
3747.0,2197.85,-528.0,5,41,110
3647.0,2231.84,147.0,6,41,109
3382.0,2084.79,417.0,6,44,102
3742.0,2083.79,-613.0,6,41,109
3717.0,1935.64,571.0,6,41,109
3886.0,2150.76,651.0,7,44,103
3891.0,2052.87,384.0,7,41,110
3622.0,2152.87,578.0,7,44,103
3567.0,2015.41,605.0,7,41,110
3517.0,2063.51,-518.0,7,41,110
3817.0,1901.29,-338.0,7,41,110
3356.0,1982.49,-325.0,7,52,148
3582.0,1986.5,509.0,7,44,103
3677.0,2032.77,721.0,7,41,110
3757.0,1965.06,-18.0,7,44,103
3841.0,2056.38,-648.0,7,44,103
4107.0,2114.02,671.0,7,44,103
3817.0,2131.1,-219.0,7,41,110
3737.0,2015.6,183.0,6,37,70
3672.0,2011.5,582.0,6,37,70
3652.0,1953.71,620.0,6,41,110
4086.0,1988.05,-473.0,6,41,110
3536.0,1882.84,-458.0,6,41,110
4386.0,2142.81,542.0,6,37,70
3822.0,2028.71,-590.0,6,37,70
3827.0,2211.58,-278.0,5,41,110
4155.0,2194.62,557.0,5,41,110
3622.0,2144.95,-358.0,5,37,70
4042.0,2137.6,586.0,5,41,110
4011.0,2160.5,272.0,5,41,110
3637.0,2136.63,392.0,5,41,110
4222.0,2163.92,765.0,5,41,110
4142.0,2318.2,661.0,5,41,110
3562.0,2103.97,357.0,5,41,110
4007.0,2339.3,842.0,5,41,110
3607.0,2220.02,206.0,5,41,110
4111.0,2156.65,202.0,5,41,110
3667.0,2221.63,453.0,5,37,70
3807.0,2371.43,592.0,5,41,111
3857.0,2276.72,619.0,4,37,70
3647.0,2295.32,517.0,5,37,70
3527.0,2297.82,546.0,5,37,70
3456.0,2140.58,-353.0,5,52,147
3555.0,2251.62,-103.0,5,37,70
3581.0,2285.51,-103.0,5,46,133
4270.0,2245.93,-198.0,5,41,112
3811.0,2333.18,375.0,5,41,113
3832.0,2206.0,-448.0,5,46,133
3587.0,2190.22,-543.0,5,37,72
3632.0,2233.95,-208.0,5,42,114
3796.0,2138.46,-58.0,6,42,115
4270.0,1970.17,-280.0,6,42,115
3590.0,2162.53,-353.0,6,42,115
3851.0,2118.97,-613.0,6,42,115
3775.0,2320.47,347.0,6,52,147
3721.0,2184.85,-723.0,6,48,139
3637.0,2273.41,-578.0,6,48,139
3527.0,2390.34,512.0,6,42,115
3572.0,2306.72,212.0,6,42,115
3657.0,2296.02,357.0,6,42,115
3837.0,2237.93,542.0,6,37,71
3787.0,2299.02,-476.0,6,42,115
3887.0,2218.49,322.0,6,42,115
3600.0,2187.38,2.0,7,52,148
3472.0,2110.92,292.0,7,42,115
3596.0,2307.36,-253.0,7,37,71
3652.0,2095.38,-578.0,7,48,138
3617.0,2071.99,-988.0,7,46,132
3456.0,2179.19,12.0,7,53,149
3542.0,2203.9,-208.0,7,42,115
3776.0,2365.51,667.0,7,42,115
3392.0,2166.55,552.0,7,37,71
3597.0,2263.78,113.0,7,46,135
3852.0,2298.89,-118.0,7,48,138
3612.0,2321.76,566.0,7,48,138
3471.0,2188.66,-143.0,7,42,114
3650.0,2190.08,-721.0,7,54,150
3752.0,2307.61,-193.0,7,49,139
4126.0,2196.12,-58.0,7,42,114
3842.0,2258.64,112.0,7,42,114
3757.0,2219.78,-800.0,7,42,114
4326.0,2311.7,337.0,7,37,70
3681.0,2303.63,-8.0,7,42,115
3752.0,2283.45,23.0,7,42,115
3806.0,2212.69,713.0,7,42,115
3776.0,2298.71,502.0,7,42,115
3462.0,2158.42,137.0,7,46,134
3687.0,2261.6,392.0,7,42,115
3666.0,2289.68,670.0,7,54,153
3522.0,2218.0,-823.0,7,49,140
3387.0,2222.55,657.0,7,49,141
4041.0,2214.69,592.0,7,42,115
3452.0,2167.18,262.0,7,42,115
3407.0,2144.61,-214.0,7,50,141
3697.0,2172.55,580.0,7,42,115
3562.0,2256.22,532.0,7,37,71
3752.0,2180.66,252.0,7,47,134
3478.0,2242.88,267.0,6,50,140
4072.0,2270.8,-563.0,6,50,140
3542.0,2189.67,522.0,5,38,73
3825.0,2210.91,127.0,5,50,141
3782.0,2104.24,82.0,5,37,72
3447.0,2105.63,-242.0,5,37,72
3727.0,2123.62,-339.0,5,50,140
3641.0,2189.3,-218.0,5,37,73
3362.0,2198.63,312.0,5,50,140
traininig time: 14262.506376
