best,average,min,species,neurons,links
1143.0,236.39,-1486.0,1,38,105
1114.0,430.05,-2176.0,1,38,105
1701.0,735.83,-2294.0,1,38,105
1701.0,822.82,-1531.0,1,38,105
2038.0,862.69,-2371.0,1,38,105
2245.0,897.38,-1286.0,1,38,105
2125.0,1103.37,-712.0,1,38,105
1965.0,966.1,-931.0,3,38,105
2175.0,746.84,-1994.0,6,40,107
2027.0,932.07,-1757.0,8,38,105
2111.0,926.7,-1976.0,10,39,107
2056.0,1195.96,-1139.0,9,41,109
2014.0,1016.98,-2199.0,9,39,107
1801.0,1106.6,-834.0,8,40,107
2077.0,1096.93,-1126.0,8,39,106
2027.0,1113.49,-1597.0,8,41,108
1985.0,1159.01,-1090.0,8,41,108
1970.0,1163.28,-534.0,9,39,106
2049.0,1193.85,238.0,8,40,109
1888.0,1128.93,-718.0,8,41,108
2038.0,1124.99,-1175.0,8,41,109
2125.0,1204.92,-886.0,8,39,106
2012.0,1124.04,-1036.0,8,39,106
2098.0,1179.84,-490.0,8,39,106
2114.0,1212.78,-444.0,8,39,106
2049.0,1153.86,-1575.0,8,41,110
2055.0,1169.87,-1365.0,8,41,110
2086.0,1224.46,-712.0,8,40,108
1891.0,1168.78,-386.0,8,40,108
2968.0,1196.86,-562.0,8,41,108
2412.0,1206.94,-440.0,8,40,107
2285.0,1167.16,-212.0,8,41,109
1964.0,1139.23,-1297.0,8,40,107
2164.0,1090.48,-1781.0,8,39,106
2277.0,1159.08,-1390.0,8,40,108
2325.0,1208.45,-57.0,8,41,111
2460.0,1167.01,-281.0,8,39,106
2351.0,1249.1,-1364.0,8,39,106
2138.0,1138.1,-1271.0,9,40,107
2514.0,1213.52,-549.0,9,41,108
1875.0,1146.83,-1110.0,9,42,112
2525.0,1299.53,-131.0,9,43,116
1960.0,1083.47,-1826.0,9,43,116
2102.0,1108.82,-568.0,9,42,112
2012.0,1138.88,-601.0,9,40,108
2165.0,1164.49,-757.0,9,39,106
2275.0,1141.52,-852.0,9,40,108
2473.0,1275.21,-620.0,9,39,106
2148.0,1225.25,-549.0,9,42,112
2282.0,1267.28,440.0,8,41,108
2182.0,1230.25,-315.0,8,42,113
1851.0,1231.44,-336.0,8,42,113
1901.0,1155.94,-373.0,8,39,106
2195.0,1255.55,-930.0,8,42,113
2345.0,1117.59,-781.0,8,39,107
2168.0,1196.46,-149.0,8,39,109
2125.0,1170.34,-595.0,8,43,116
2542.0,1192.36,-31.0,8,41,110
2038.0,1110.33,-962.0,8,39,109
2488.0,1242.82,-1644.0,8,39,107
2338.0,1115.16,-1089.0,7,39,108
1914.0,1140.16,-86.0,7,39,108
2501.0,1205.0,-944.0,7,39,107
2188.0,1171.24,-1012.0,7,39,109
2138.0,1220.03,-494.0,7,42,113
2015.0,1160.13,-749.0,7,39,107
2176.0,1229.55,-1415.0,7,42,113
2519.0,1244.18,-850.0,7,40,109
2353.0,1206.26,-1484.0,7,41,108
2174.0,1232.64,-634.0,7,42,112
2502.0,1275.55,-1107.0,7,42,113
1864.0,1233.34,132.0,7,41,109
1999.0,1203.63,-249.0,7,41,108
2430.0,1265.14,6.0,7,43,116
2380.0,1177.9,-1910.0,7,43,116
2238.0,1190.62,-482.0,7,43,116
1864.0,1191.05,-962.0,7,41,108
2127.0,1288.18,688.0,7,42,112
1962.0,1153.39,-1152.0,7,42,114
2401.0,1276.93,-1194.0,7,42,112
2191.0,1305.8,-531.0,7,41,108
2014.0,1295.8,-162.0,7,39,108
2531.0,1236.18,638.0,7,42,112
2332.0,1275.68,461.0,7,39,108
3095.0,1273.39,-1068.0,7,42,112
2286.0,1245.96,688.0,7,40,110
2695.0,1322.01,325.0,7,42,112
2225.0,1337.82,-549.0,7,39,109
2345.0,1274.61,-196.0,7,41,108
2034.0,1274.16,356.0,7,42,112
2107.0,1254.42,-601.0,7,40,110
2341.0,1264.18,88.0,7,43,113
2137.0,1292.97,532.0,7,43,113
2161.0,1286.05,-1868.0,6,43,113
2727.0,1233.2,66.0,6,41,108
2219.0,1266.19,362.0,6,42,113
2182.0,1329.33,363.0,6,41,107
2502.0,1314.49,-181.0,6,41,111
2069.0,1285.89,243.0,6,42,113
2245.0,1334.11,251.0,6,42,113
2199.0,1319.51,581.0,6,43,113
2845.0,1355.39,566.0,6,41,111
2451.0,1333.3,551.0,6,41,107
2007.0,1263.0,288.0,6,43,113
2581.0,1336.06,-194.0,6,39,110
2423.0,1299.6,-712.0,6,42,113
2717.0,1312.01,469.0,6,43,113
2236.0,1221.48,-326.0,6,41,108
2308.0,1190.49,-499.0,6,41,108
2370.0,1306.52,126.0,6,41,111
1964.0,1319.56,189.0,6,42,113
2293.0,1216.58,51.0,6,41,111
2538.0,1206.58,162.0,6,41,108
2364.0,1260.37,-509.0,6,41,108
2392.0,1260.24,156.0,6,42,113
2727.0,1322.84,288.0,6,41,108
2338.0,1297.85,-797.0,6,42,113
2544.0,1244.1,-1344.0,6,41,111
2161.0,1350.68,488.0,6,43,113
2401.0,1252.74,-991.0,6,42,113
2392.0,1337.38,601.0,6,39,111
2397.0,1245.66,688.0,6,41,111
2474.0,1380.67,503.0,5,39,111
2481.0,1271.43,-1181.0,5,41,111
2602.0,1317.67,-312.0,5,41,111
2565.0,1317.45,-123.0,7,41,111
2472.0,1400.42,701.0,7,39,110
2140.0,1394.59,-176.0,7,43,114
2469.0,1313.48,-1136.0,7,43,114
2893.0,1381.9,-753.0,7,41,111
2350.0,1432.66,601.0,7,44,122
2288.0,1397.64,-849.0,7,44,127
2344.0,1376.41,775.0,7,39,112
2175.0,1397.41,14.0,7,44,127
2267.0,1378.79,319.0,7,39,110
2338.0,1349.32,651.0,7,41,111
2164.0,1350.94,-1778.0,7,41,111
2312.0,1337.08,-268.0,6,44,127
2195.0,1354.2,488.0,6,41,111
2445.0,1345.76,-386.0,6,44,123
2302.0,1367.83,69.0,6,44,127
2208.0,1350.71,-1273.0,6,41,111
2518.0,1391.4,638.0,6,44,123
2288.0,1372.03,569.0,6,41,111
2324.0,1384.64,-844.0,6,39,113
2233.0,1368.32,551.0,6,39,113
2412.0,1400.9,-212.0,6,43,114
2173.0,1257.05,-1389.0,6,43,114
2236.0,1366.73,342.0,6,39,110
2664.0,1327.92,-382.0,6,41,111
2264.0,1336.23,-600.0,6,39,110
2136.0,1286.94,-505.0,6,41,111
2351.0,1341.32,-190.0,6,39,114
2857.0,1416.52,-24.0,6,44,127
2302.0,1373.84,301.0,6,39,115
2288.0,1400.55,573.0,6,41,111
2451.0,1321.29,-1350.0,5,41,111
2587.0,1325.6,213.0,5,41,111
2127.0,1321.89,-329.0,5,43,114
2401.0,1400.44,582.0,5,41,111
2451.0,1403.53,688.0,5,44,122
2291.0,1369.58,551.0,5,44,122
2073.0,1326.15,-388.0,5,44,122
2455.0,1369.07,-979.0,5,44,122
2338.0,1424.72,601.0,5,41,111
2906.0,1413.78,-997.0,5,41,111
2417.0,1359.07,-173.0,5,44,127
2351.0,1356.15,-336.0,5,39,115
2432.0,1398.78,-1020.0,5,44,127
2296.0,1345.62,-281.0,5,43,114
2445.0,1330.58,-349.0,5,41,111
2329.0,1367.51,664.0,5,41,111
2037.0,1321.01,688.0,6,44,122
2051.0,1203.08,-1586.0,5,39,115
2265.0,1273.68,-1020.0,4,44,122
1906.0,1243.17,611.0,4,42,112
2070.0,1335.69,-360.0,4,44,122
2075.0,1325.61,-1071.0,4,44,122
2506.0,1301.24,237.0,4,43,115
2299.0,1438.23,666.0,4,44,122
2769.0,1381.66,-573.0,4,42,112
2479.0,1327.73,-1113.0,4,42,112
3277.0,1419.62,-712.0,4,42,112
2545.0,1361.67,-549.0,5,42,112
2597.0,1358.95,-884.0,4,42,112
2351.0,1362.21,251.0,4,46,130
2300.0,1369.31,57.0,4,46,130
2390.0,1434.26,456.0,4,44,123
2273.0,1367.97,788.0,4,42,112
2232.0,1415.88,598.0,4,44,123
2613.0,1445.85,688.0,4,44,123
2931.0,1358.66,-1123.0,4,44,123
2136.0,1392.56,-1330.0,4,44,129
2645.0,1386.1,-176.0,4,46,130
2545.0,1416.49,688.0,5,46,130
2215.0,1371.86,388.0,5,42,112
2257.0,1446.69,647.0,5,46,130
2606.0,1407.1,-1831.0,5,42,112
2417.0,1337.15,488.0,5,47,138
2401.0,1393.36,-449.0,5,46,131
2551.0,1462.35,688.0,5,46,131
2356.0,1419.28,-68.0,5,47,132
2406.0,1433.88,733.0,5,44,129
2384.0,1446.23,788.0,5,42,112
2599.0,1401.31,-845.0,5,47,138
2238.0,1433.7,538.0,4,42,112
2272.0,1469.24,-865.0,4,42,112
2478.0,1478.92,788.0,4,44,123
2815.0,1565.86,638.0,4,47,132
2320.0,1463.97,519.0,4,47,138
2593.0,1498.43,688.0,4,42,112
2504.0,1472.83,-68.0,4,47,132
2576.0,1450.32,688.0,4,47,133
2175.0,1444.46,200.0,4,47,138
2822.0,1462.24,688.0,4,42,113
2528.0,1363.35,-454.0,4,42,114
2419.0,1398.62,-1071.0,4,47,139
2627.0,1378.59,-244.0,4,44,125
2960.0,1439.83,38.0,4,44,125
2506.0,1409.7,-4.0,4,44,125
2596.0,1495.09,-437.0,4,47,132
2445.0,1518.21,688.0,4,47,132
2453.0,1423.84,372.0,4,47,132
2608.0,1450.3,-280.0,4,44,127
2610.0,1501.28,-1094.0,4,44,127
2347.0,1473.19,-312.0,4,42,113
2360.0,1455.21,-1070.0,4,42,113
2388.0,1347.29,-1014.0,4,47,132
2314.0,1456.97,688.0,4,48,142
2108.0,1396.56,-127.0,4,42,113
3021.0,1478.3,688.0,4,44,127
2338.0,1430.64,638.0,4,42,113
2612.0,1387.13,-663.0,4,44,127
2395.0,1382.37,-1471.0,4,43,114
2431.0,1426.61,792.0,4,45,128
2270.0,1405.74,-172.0,4,48,142
2447.0,1423.46,688.0,4,47,136
2686.0,1473.54,-345.0,4,47,136
2528.0,1404.18,738.0,4,48,142
2449.0,1475.87,-6.99999999999,4,47,136
2325.0,1472.35,738.0,4,47,136
2402.0,1451.93,-490.0,4,43,114
2706.0,1505.33,738.0,4,48,142
2240.0,1373.62,-521.0,4,47,137
2704.0,1418.66,-151.0,4,48,143
2403.0,1503.06,813.0,4,45,128
2381.0,1481.86,151.0,4,47,137
2529.0,1513.67,688.0,4,48,143
2811.0,1469.5,-299.0,4,45,128
2869.0,1427.25,-1965.0,4,44,115
2752.0,1523.27,788.0,4,44,115
2541.0,1433.44,-3.0,4,47,137
2451.0,1557.54,-499.0,4,48,143
2378.0,1450.09,-385.0,4,44,115
2708.0,1544.83,688.0,4,44,115
2501.0,1522.24,588.0,4,44,115
3041.0,1451.05,-965.0,4,47,137
2786.0,1564.64,-494.0,4,45,116
2714.0,1492.47,561.0,4,47,137
2564.0,1478.31,-338.0,4,47,137
2264.0,1397.91,-813.0,4,47,137
2641.0,1496.09,-410.0,4,47,137
2526.0,1472.16,-1349.0,4,45,129
2495.0,1473.27,-1845.0,4,45,129
2684.0,1468.27,638.0,4,47,137
2848.0,1469.68,688.0,4,47,137
2606.0,1409.11,-447.0,4,45,129
2342.0,1465.74,187.0,4,47,137
2294.0,1436.54,788.0,4,45,129
2332.0,1450.45,-511.0,4,47,137
2288.0,1470.36,60.0,4,48,144
2527.0,1497.71,-47.0,4,45,116
2597.0,1539.94,306.0,4,45,130
2468.0,1500.39,788.0,4,45,129
2531.0,1504.17,-581.0,4,45,129
2542.0,1478.09,688.0,4,45,130
2559.0,1483.59,688.0,4,45,130
2591.0,1517.46,688.0,4,45,116
2250.0,1483.07,738.0,4,45,130
2571.0,1496.87,799.0,4,45,131
2608.0,1439.04,-444.0,4,45,116
2441.0,1533.73,688.0,4,45,116
2200.0,1501.17,688.0,3,48,144
2686.0,1499.77,688.0,3,47,137
2183.0,1477.74,788.0,3,45,116
2541.0,1535.84,738.0,3,47,138
2451.0,1477.88,819.0,3,45,116
2273.0,1365.18,688.0,3,47,138
2445.0,1481.47,688.0,3,47,138
2622.0,1485.22,334.0,3,48,144
2232.0,1446.28,-94.0,3,45,116
2779.0,1519.75,688.0,3,45,117
2290.0,1488.09,688.0,3,48,144
2173.0,1444.34,317.0,3,47,139
2438.0,1449.31,588.0,2,47,139
2551.0,1445.22,-944.0,2,45,117
2614.0,1467.78,490.0,2,47,140
2586.0,1422.21,-882.0,2,47,140
2432.0,1469.8,251.0,2,47,140
2468.0,1436.75,-512.0,2,47,140
2424.0,1483.23,799.0,2,47,140
2287.0,1477.71,-346.0,2,47,140
2483.0,1443.9,588.0,2,47,140
2791.0,1511.63,299.0,2,45,117
2588.0,1520.04,-1718.0,2,47,140
2438.0,1478.19,-549.0,2,45,117
2631.0,1424.2,-57.0,2,45,117
2414.0,1458.2,-1386.0,2,47,140
2238.0,1401.41,688.0,1,45,117
2804.0,1442.87,-1752.0,1,45,117
2567.0,1494.99,-312.0,1,45,117
2544.0,1472.64,-521.0,1,45,117
2614.0,1452.68,-199.0,1,45,117
2601.0,1436.76,-671.0,1,45,117
2438.0,1440.36,688.0,1,45,117
2632.0,1435.28,-899.0,1,45,117
2864.0,1495.44,-336.0,1,45,117
2577.0,1393.27,-712.0,1,45,117
2520.0,1490.17,169.0,1,45,117
2401.0,1496.58,688.0,1,45,117
2732.0,1390.62,-985.0,1,45,118
2345.0,1467.25,-1047.0,2,45,118
2390.0,1537.14,688.0,2,46,119
2506.0,1438.41,-1162.0,2,45,118
2238.0,1450.55,688.0,3,45,118
2488.0,1390.93,36.0,5,46,119
2501.0,1508.53,-800.0,5,47,121
2834.0,1523.62,688.0,7,48,123
2339.0,1391.89,-649.0,7,48,123
2640.0,1473.58,738.0,8,46,120
2302.0,1394.14,688.0,8,48,120
2601.0,1334.54,-779.0,7,47,119
2669.0,1368.37,-686.0,9,47,120
2474.0,1315.91,-549.0,8,49,124
2474.0,1401.94,88.0,9,48,120
2393.0,1290.79,-494.0,8,46,119
2745.0,1415.78,414.0,8,48,120
2846.0,1356.11,-1469.0,8,49,125
2548.0,1427.78,688.0,8,49,125
2338.0,1350.54,-1291.0,8,47,120
2228.0,1451.57,688.0,8,47,120
2301.0,1430.53,688.0,8,46,120
2421.0,1415.5,-176.0,8,47,120
2568.0,1420.48,588.0,8,46,119
2377.0,1394.54,-281.0,8,48,120
2227.0,1456.51,688.0,8,49,125
2275.0,1360.47,588.0,8,46,119
2440.0,1385.73,-1930.0,8,46,119
2238.0,1359.15,-1860.0,8,48,120
2782.0,1391.49,-1173.0,8,49,125
2294.0,1295.7,-2317.0,8,47,121
2290.0,1408.94,-19.0,8,46,119
2964.0,1360.19,-1616.0,8,46,119
2497.0,1364.44,-1052.0,8,47,121
2526.0,1424.67,688.0,8,48,121
2750.0,1423.67,-494.0,8,46,119
2225.0,1390.62,688.0,9,48,121
2469.0,1373.77,-1807.0,9,50,129
2514.0,1361.94,-273.0,9,47,122
2251.0,1378.72,427.0,9,49,126
2323.0,1388.27,-544.0,9,49,126
2407.0,1380.16,688.0,9,49,126
2175.0,1272.12,-1462.0,9,46,119
2451.0,1391.2,688.0,9,50,129
3077.0,1363.1,-1181.0,8,48,123
2308.0,1324.81,-584.0,8,48,123
2977.0,1334.6,-1261.0,8,46,119
2175.0,1303.03,-1427.0,8,50,128
2476.0,1374.15,-1501.0,8,48,121
2551.0,1402.46,-999.0,8,48,121
2523.0,1378.58,-1131.0,8,46,120
2819.0,1311.97,-2252.0,8,46,119
2643.0,1461.77,651.0,8,46,119
2238.0,1438.75,-569.0,8,50,129
2240.0,1297.0,688.0,8,48,123
2260.0,1417.88,-1760.0,8,46,119
2575.0,1351.81,564.0,8,50,129
2539.0,1344.36,-442.0,8,46,119
2882.0,1387.01,688.0,8,48,124
2282.0,1339.78,427.0,8,46,119
2171.0,1384.04,677.0,8,48,124
2819.0,1363.71,688.0,8,46,119
2288.0,1329.07,-1176.0,8,50,128
2288.0,1359.69,-1605.0,8,50,129
2420.0,1491.88,688.0,8,49,126
2395.0,1329.35,688.0,8,50,129
2519.0,1361.75,-746.0,8,46,119
2269.0,1289.86,-1036.0,8,46,119
2340.0,1397.9,688.0,7,46,119
2407.0,1353.01,-556.0,6,46,119
2259.0,1276.25,-2206.0,7,46,119
2663.0,1371.93,-1299.0,6,50,130
2488.0,1354.83,-1662.0,6,50,128
2525.0,1348.46,688.0,6,50,130
2355.0,1316.83,-239.0,6,49,126
2556.0,1260.32,-1893.0,6,46,119
2581.0,1358.59,-331.0,6,47,121
2401.0,1382.03,-736.0,6,46,119
2414.0,1272.9,-1908.0,6,49,126
2434.0,1276.94,-954.0,6,46,119
2340.0,1375.92,-881.0,6,49,125
2314.0,1394.79,688.0,5,49,125
2337.0,1344.42,-331.0,5,47,121
2600.0,1340.74,-1021.0,5,49,126
2412.0,1405.18,-529.0,5,49,125
2539.0,1419.93,11.0,5,46,119
2397.0,1430.07,-499.0,5,50,130
2456.0,1343.8,-18.0,5,49,126
2301.0,1391.0,-712.0,5,49,126
2590.0,1450.75,688.0,5,46,119
2475.0,1371.76,688.0,5,46,119
2484.0,1346.53,-641.0,5,46,119
2488.0,1398.21,-955.0,5,47,120
2606.0,1403.71,-243.0,5,47,120
2236.0,1325.54,398.0,6,49,125
2645.0,1379.78,-377.0,5,47,119
2233.0,1378.89,580.0,4,47,119
2356.0,1386.52,-1054.0,4,49,126
2306.0,1269.88,-247.0,2,50,130
2202.0,1225.79,688.0,3,50,130
2364.0,1190.89,-1810.0,3,50,130
2419.0,1223.15,-1871.0,3,50,130
2477.0,1248.65,-2081.0,3,47,123
2387.0,1261.88,688.0,3,50,130
2363.0,1135.83,-1662.0,3,52,142
2390.0,1310.01,688.0,3,50,130
2065.0,1207.98,-449.0,3,50,130
2398.0,1247.78,-1449.0,3,52,142
2131.0,1260.26,688.0,2,52,143
2158.0,1254.3,-1335.0,2,52,142
2312.0,1221.09,-2031.0,2,52,142
1977.0,1249.01,-1286.0,2,53,143
1851.0,1179.7,488.0,2,47,124
2523.0,1224.6,-2252.0,2,47,124
1925.0,1202.62,-1547.0,2,52,143
2050.0,1232.56,-1612.0,2,47,125
2283.0,1249.02,-1794.0,2,52,143
2387.0,1320.33,-679.0,2,47,125
2181.0,1231.19,-2126.0,2,52,143
2314.0,1257.92,-1926.0,2,52,143
2612.0,1290.26,-220.0,2,52,143
2451.0,1291.17,-712.0,2,52,143
2374.0,1367.16,-1286.0,2,47,125
2358.0,1314.43,-712.0,2,52,143
2973.0,1198.42,-2136.0,2,52,143
2386.0,1370.85,-1063.0,2,52,143
2232.0,1337.03,-229.0,2,52,143
2125.0,1306.08,-2008.0,2,52,143
2253.0,1316.82,588.0,2,52,143
2430.0,1320.55,-1756.0,2,52,144
2286.0,1237.81,-1512.0,2,47,124
2027.0,1248.6,-2125.0,2,52,143
2541.0,1369.38,-551.0,2,52,143
2161.0,1294.32,-1286.0,2,47,124
2354.0,1282.3,-699.0,2,47,124
2193.0,1300.22,-1125.0,2,52,143
2412.0,1277.78,-1036.0,2,52,143
2093.0,1292.24,-362.0,2,47,124
1997.0,1272.55,-1989.0,2,52,143
2019.0,1224.42,-846.0,2,52,143
2082.0,1293.89,688.0,2,47,124
2238.0,1321.75,638.0,2,52,143
2075.0,1347.76,688.0,2,47,124
2414.0,1379.39,432.0,2,52,143
2270.0,1250.98,-1757.0,2,52,143
2501.0,1394.08,688.0,2,47,124
2282.0,1340.71,-1920.0,2,52,143
2497.0,1400.22,688.0,2,47,124
2352.0,1331.88,-758.0,2,47,125
2576.0,1270.36,-2001.0,2,53,145
2416.0,1299.24,-712.0,2,47,124
2424.0,1365.71,-836.0,2,52,144
2188.0,1319.68,-368.0,2,53,145
2177.0,1378.05,-562.0,3,47,125
2401.0,1295.75,-972.0,2,52,143
2154.0,1320.5,-937.0,3,52,144
2288.0,1340.31,-786.0,2,47,124
2290.0,1349.61,-1216.0,3,47,124
2286.0,1346.4,-1562.0,3,47,124
2136.0,1364.91,688.0,4,52,144
2379.0,1338.34,-1236.0,5,53,146
2225.0,1358.42,-1237.0,5,47,124
2364.0,1324.7,-1097.0,4,47,125
2272.0,1422.17,751.0,4,47,125
2195.0,1427.85,688.0,4,53,147
2295.0,1266.45,-712.0,4,54,145
2014.0,1364.77,-1308.0,4,52,144
1989.0,1335.84,-177.0,4,52,144
2170.0,1424.24,-742.0,4,52,144
2231.0,1355.3,-712.0,4,52,144
2368.0,1343.46,-1134.0,4,54,145
2351.0,1387.65,-1162.0,4,47,125
2569.0,1297.43,-1162.0,4,52,144
2621.0,1382.33,-712.0,4,47,125
2186.0,1404.8,688.0,4,47,125
2496.0,1392.78,26.0,4,53,148
2514.0,1371.5,-49.0,3,47,126
2414.0,1251.81,-2250.0,3,47,126
2454.0,1375.03,-73.0,3,53,148
2456.0,1384.6,-931.0,3,47,125
2099.0,1352.42,-704.0,3,54,145
2354.0,1298.53,-1068.0,3,54,145
2451.0,1428.57,252.0,3,47,126
2504.0,1412.47,738.0,3,53,148
2414.0,1317.4,-1073.0,3,47,126
2585.0,1329.83,445.0,3,54,149
2506.0,1337.76,-1334.0,3,47,126
2131.0,1427.68,688.0,3,47,126
2371.0,1309.18,-844.0,3,54,145
2310.0,1378.77,-800.0,3,47,126
2322.0,1361.69,-549.0,3,47,126
2288.0,1329.51,688.0,3,47,126
2277.0,1321.78,56.0,3,47,126
2507.0,1334.5,788.0,3,47,126
2764.0,1416.95,-536.0,3,47,126
2335.0,1331.15,-847.0,3,54,149
2583.0,1333.18,-1373.0,3,47,126
2062.0,1363.76,1.0,3,54,145
2308.0,1315.36,-355.0,3,47,126
2477.0,1370.43,-1023.0,3,54,145
2488.0,1373.88,214.0,3,54,149
2420.0,1335.83,-1850.0,3,47,126
2669.0,1431.54,538.0,3,47,126
2691.0,1347.61,-1031.0,3,54,145
2541.0,1402.07,688.0,3,47,126
2327.0,1414.31,-373.0,3,54,145
2440.0,1389.04,-363.0,3,47,126
2444.0,1354.7,-275.0,3,54,145
2651.0,1419.47,-701.0,3,54,145
2906.0,1469.36,688.0,3,47,126
2765.0,1360.47,-1599.0,3,47,126
2649.0,1343.46,-1198.0,3,47,127
2095.0,1338.42,-1372.0,3,54,145
2364.0,1380.95,-6.99999999999,3,54,145
2535.0,1442.04,688.0,3,54,146
2227.0,1355.66,-1931.0,3,54,146
2328.0,1413.82,851.0,3,47,128
2288.0,1348.83,-1361.0,3,54,146
2727.0,1414.95,-1947.0,3,47,127
2132.0,1384.18,688.0,3,47,128
2382.0,1330.09,688.0,3,47,127
2395.0,1417.73,-1388.0,3,47,127
2334.0,1356.36,-712.0,3,54,146
2495.0,1416.48,-2199.0,3,54,146
2456.0,1390.27,738.0,3,48,128
2701.0,1432.55,788.0,3,48,128
2645.0,1413.02,-999.0,3,54,149
2160.0,1324.11,-1612.0,3,47,127
2314.0,1415.79,-356.0,3,48,128
2613.0,1519.84,688.0,3,54,149
2275.0,1358.48,-536.0,3,48,128
2882.0,1503.4,788.0,3,48,129
2456.0,1473.41,688.0,3,54,149
2746.0,1444.48,738.0,3,54,149
2922.0,1410.51,44.0,3,54,149
2367.0,1377.08,-1302.0,3,48,129
2288.0,1415.11,-1302.0,3,48,129
2225.0,1344.2,688.0,3,54,146
2455.0,1398.65,-192.0,3,54,149
2273.0,1497.85,161.0,3,54,149
2342.0,1361.57,-1008.0,3,54,149
2395.0,1392.64,688.0,3,54,149
2340.0,1376.76,-1659.0,3,54,149
2441.0,1459.7,-58.0,3,54,149
2313.0,1324.3,-1099.0,3,54,149
2601.0,1407.38,-131.0,3,54,149
2650.0,1371.41,-1115.0,3,54,150
2422.0,1427.79,688.0,3,54,146
2395.0,1487.98,688.0,4,54,150
2388.0,1363.59,-549.0,4,48,130
2414.0,1424.29,-712.0,4,54,150
2388.0,1410.34,688.0,4,48,130
2566.0,1423.09,-849.0,4,54,150
2800.0,1415.9,-1109.0,4,54,150
2550.0,1374.96,-781.0,4,54,146
2419.0,1498.61,738.0,3,48,131
2451.0,1409.05,638.0,3,54,150
2401.0,1434.83,-712.0,3,54,150
2288.0,1343.75,-814.0,3,54,150
2675.0,1437.99,231.0,3,48,131
2741.0,1441.32,-1252.0,3,54,150
2384.0,1433.02,-215.0,3,54,150
2225.0,1458.14,-752.0,3,48,131
2277.0,1403.36,6.0,4,48,131
2604.0,1439.11,-512.0,4,48,131
2631.0,1443.83,50.0,4,48,131
2581.0,1483.28,-281.0,4,48,131
2891.0,1375.37,-781.0,4,57,168
2401.0,1412.3,688.0,4,57,168
2451.0,1507.53,70.0,4,54,150
2359.0,1485.54,688.0,4,56,159
2131.0,1308.9,-612.0,4,48,131
2656.0,1339.35,-1252.0,4,54,150
2337.0,1405.23,-712.0,4,54,150
2977.0,1302.59,-2181.0,4,57,168
2823.0,1457.95,-66.0,4,54,151
2785.0,1370.13,-1076.0,4,54,151
2789.0,1352.84,-164.0,4,57,169
2339.0,1440.61,688.0,4,58,169
2629.0,1433.8,688.0,4,58,169
2572.0,1414.7,-276.0,4,58,169
2700.0,1422.78,-553.0,5,56,159
2615.0,1429.79,688.0,4,58,169
2469.0,1387.81,-612.0,4,54,151
2245.0,1379.51,406.0,4,48,131
2781.0,1383.54,-403.0,4,56,160
2480.0,1429.85,-59.0,3,56,159
2330.0,1369.14,-736.0,3,58,169
2764.0,1329.39,-1079.0,3,56,159
2356.0,1386.88,-87.0,3,58,169
2277.0,1411.93,-712.0,3,48,131
2443.0,1377.74,-786.0,3,56,159
2558.0,1364.2,-898.0,3,58,170
2362.0,1329.17,469.0,3,58,170
2338.0,1323.05,-1413.0,3,58,170
2412.0,1380.72,-309.0,3,58,172
2563.0,1396.33,738.0,3,57,161
2481.0,1464.76,688.0,3,48,131
2390.0,1394.1,-1634.0,3,58,172
2400.0,1474.4,257.0,3,58,172
2429.0,1385.22,-703.0,3,48,131
2410.0,1218.55,-2940.0,3,58,172
2282.0,1354.88,451.0,3,58,172
3093.0,1426.25,-494.0,3,57,162
2424.0,1410.23,-549.0,3,57,162
2995.0,1472.29,464.0,4,58,172
2499.0,1218.16,-1722.0,4,58,163
2776.0,1322.8,88.0,3,59,164
2218.0,1338.74,77.0,3,59,165
2180.0,1364.99,-531.0,4,59,165
2706.0,1372.07,338.0,4,60,164
2381.0,1326.9,-436.0,4,60,164
2663.0,1359.71,-639.0,5,60,177
2404.0,1285.17,-460.0,5,60,177
2344.0,1297.1,-434.0,5,60,164
2531.0,1412.19,-430.0,5,60,164
2229.0,1292.76,-549.0,5,60,164
2539.0,1350.84,-1300.0,5,60,177
2479.0,1384.84,351.0,5,60,177
2691.0,1327.2,-299.0,5,58,172
2741.0,1461.03,-1368.0,5,59,164
2388.0,1346.77,-287.0,5,60,164
2868.0,1333.45,-148.0,5,60,164
2601.0,1346.29,-433.0,5,60,177
2188.0,1314.65,-495.0,5,60,164
2277.0,1382.21,-1370.0,5,60,164
2401.0,1333.72,-936.0,5,48,131
2183.0,1403.53,-718.0,5,60,164
2733.0,1481.66,-276.0,5,59,164
2506.0,1379.43,130.0,5,61,165
3120.0,1443.68,749.0,5,59,164
2289.0,1448.32,588.0,5,48,131
2506.0,1433.17,551.0,5,48,131
2493.0,1434.48,-957.0,5,61,165
2854.0,1354.13,247.0,5,61,165
2463.0,1339.48,-1672.0,5,48,132
2354.0,1334.01,434.0,5,58,173
2393.0,1365.52,-1239.0,5,58,173
2249.0,1435.9,626.0,5,48,133
2604.0,1349.47,-990.0,5,59,164
2488.0,1362.22,638.0,5,48,133
2536.0,1385.68,534.0,5,48,133
2574.0,1401.23,688.0,5,48,133
2701.0,1377.05,-999.0,6,58,173
2907.0,1272.78,-2026.0,6,61,165
2364.0,1328.93,142.0,6,48,134
2356.0,1310.01,-1726.0,6,61,165
2725.0,1427.71,638.0,6,61,165
2277.0,1364.87,-1624.0,6,58,173
2420.0,1366.82,404.0,6,48,133
2136.0,1227.85,-1321.0,6,58,173
2837.0,1374.38,-418.0,6,61,165
2273.0,1308.18,-768.0,6,61,165
2751.0,1394.97,-286.0,6,61,178
3390.0,1428.22,506.0,6,61,165
2858.0,1341.62,-749.0,6,61,165
3049.0,1249.76,-1401.0,6,63,185
2324.0,1379.29,-534.0,5,61,165
3249.0,1398.51,-877.0,5,61,165
2568.0,1395.22,-1889.0,5,59,164
2811.0,1375.89,-486.0,5,61,165
2322.0,1464.97,538.0,5,61,165
2730.0,1408.8,-563.0,5,61,165
2421.0,1378.65,-1605.0,5,63,185
2609.0,1391.98,614.0,6,61,166
2785.0,1357.52,606.0,6,61,166
2977.0,1440.15,-1134.0,6,48,132
2695.0,1338.15,-1301.0,6,61,166
2803.0,1393.05,-1438.0,6,61,166
2566.0,1336.78,-1328.0,6,61,166
2843.0,1278.78,-715.0,6,61,166
2661.0,1352.53,-1171.0,6,59,164
2409.0,1268.09,-1914.0,6,48,132
2904.0,1335.98,-390.0,6,64,186
2631.0,1339.64,-1449.0,6,64,186
2461.0,1389.32,-492.0,6,61,178
3381.0,1290.01,-1562.0,6,61,166
2869.0,1316.3,-1029.0,6,48,132
2691.0,1408.0,230.0,6,61,166
3208.0,1403.11,-715.0,6,61,166
3008.0,1473.37,321.0,6,61,166
3264.0,1455.02,150.0,6,61,166
4120.0,1339.07,-549.0,5,61,167
2708.0,1261.03,-1463.0,5,61,166
3321.0,1276.55,-1973.0,5,64,186
3596.0,1374.63,-155.0,5,61,166
5125.0,1260.93,-212.0,5,61,166
4147.0,1369.72,-1018.0,5,61,166
3376.0,1319.48,-181.0,5,61,166
3179.0,1468.93,-568.0,5,61,178
3877.0,1426.41,46.0,5,61,166
2887.0,1451.26,-1420.0,5,61,179
3147.0,1370.32,-967.0,5,62,167
4263.0,1455.63,-1231.0,5,62,167
3261.0,1303.47,-1247.0,5,62,168
3545.0,1366.39,-1129.0,5,62,167
4952.0,1475.9,-149.0,5,62,167
5050.0,1430.73,-371.0,5,61,180
4450.0,1475.94,-128.0,5,62,167
3480.0,1295.46,-1190.0,5,61,180
6025.0,1350.53,-662.0,6,62,168
3542.0,1351.69,-1408.0,6,61,180
4482.0,1323.38,-854.0,6,62,168
2974.0,1375.94,-1516.0,6,61,180
2816.0,1384.88,-532.0,6,61,180
3293.0,1419.53,-695.0,6,62,168
3889.0,1367.27,-2060.0,6,62,168
3662.0,1331.86,-1981.0,5,61,180
3239.0,1408.47,-374.0,4,61,180
4088.0,1522.25,-1111.0,4,62,168
3640.0,1417.86,-934.0,4,62,168
3812.0,1389.68,-2025.0,4,61,180
4432.0,1432.23,-1855.0,4,61,179
4082.0,1654.57,-1352.0,4,61,180
5020.0,1444.51,-962.0,4,61,180
2984.0,1401.21,-2019.0,4,64,188
4136.0,1384.24,-1540.0,4,62,168
4462.0,1594.08,-1110.0,4,61,180
4075.0,1601.4,-1886.0,4,61,180
4502.0,1598.73,-712.0,4,61,180
3579.0,1469.06,-1077.0,4,64,188
5045.0,1557.42,-1160.0,4,61,180
4326.0,1842.75,-259.0,4,61,180
3698.0,1472.8,-625.0,4,63,168
3615.0,1525.54,-1531.0,4,63,168
4800.0,1579.1,-363.0,4,61,180
3936.0,1466.47,-225.0,4,63,168
3486.0,1677.69,-181.0,4,61,180
3982.0,1531.64,-907.0,4,61,180
3643.0,1557.14,-2686.0,4,61,180
4521.0,1603.02,-1820.0,4,61,180
3540.0,1466.93,-1771.0,4,63,168
3820.0,1605.8,-554.0,4,63,168
3109.0,1611.48,-62.0,4,64,189
4050.0,1655.88,-1799.0,4,61,181
4383.0,1464.66,-1084.0,4,61,181
3908.0,1797.12,-656.0,4,61,181
3984.0,1592.28,-1154.0,4,63,168
4725.0,1597.82,-481.0,4,61,181
4232.0,1412.68,-1758.0,4,61,181
4457.0,1607.65,-712.0,4,63,168
3974.0,1538.32,-1371.0,4,61,181
4260.0,1816.74,-1268.0,4,61,181
3644.0,1630.86,-386.0,4,61,181
4234.0,1579.6,-1858.0,4,61,181
3746.0,1701.05,56.0,4,61,181
4500.0,1473.08,-618.0,4,61,181
4800.0,1445.43,-712.0,4,61,181
3764.0,1516.49,-618.0,4,61,181
4039.0,1431.68,88.0,3,63,168
3698.0,1384.65,-516.0,3,63,168
3668.0,1355.16,-673.0,3,64,187
4160.0,1382.53,-1344.0,3,63,168
3426.0,1203.83,-1221.0,3,64,187
4104.0,1119.1,-1394.0,3,64,190
4184.0,1228.08,-712.0,3,64,190
2929.0,1273.18,-855.0,3,63,168
3242.0,1298.86,-712.0,3,63,168
3874.0,1509.16,-686.0,3,64,188
4284.0,1474.26,-960.0,3,64,190
3193.0,1483.94,-549.0,3,64,191
3381.0,1310.44,-553.0,3,64,189
3317.0,1474.78,-712.0,3,63,168
3750.0,1552.95,-802.0,3,63,168
4298.0,1499.37,-549.0,3,63,168
3962.0,1484.69,-922.0,3,64,188
3706.0,1539.92,-982.0,3,63,168
3508.0,1651.43,-973.0,3,64,191
4138.0,1635.54,-136.0,3,63,168
3599.0,1536.27,-1378.0,3,63,169
3429.0,1507.22,-1230.0,3,64,191
4240.0,1580.72,-1388.0,3,64,191
3706.0,1748.29,-939.0,3,63,169
4219.0,1612.26,-781.0,3,63,169
3643.0,1634.07,-349.0,3,63,169
3565.0,1660.64,-386.0,3,64,191
3491.0,1542.95,-185.0,4,64,191
3561.0,1519.74,-970.0,4,63,169
3629.0,1637.83,96.0,4,63,169
2883.0,1417.37,-1058.0,4,63,169
3609.0,1602.16,-1736.0,4,63,169
3359.0,1457.92,-1303.0,4,64,191
4262.0,1601.63,-136.0,4,64,191
3394.0,1503.98,-412.0,4,63,169
3984.0,1556.44,-76.0,4,64,191
3994.0,1443.88,-1394.0,4,63,169
4144.0,1502.07,-1186.0,4,63,169
4565.0,1614.02,-1068.0,4,63,169
3243.0,1472.38,-13.0,4,63,170
3922.0,1584.58,-174.0,4,66,201
3666.0,1425.47,-1975.0,4,63,170
3345.0,1487.93,-131.0,4,63,170
3207.0,1638.89,-568.0,4,63,170
3031.0,1456.33,-123.0,4,63,170
3741.0,1405.71,-601.0,4,63,170
3231.0,1552.51,-160.0,4,63,170
4033.0,1628.78,-86.0,4,63,170
3196.0,1414.83,-1068.0,4,63,170
3740.0,1413.6,-1112.0,4,63,171
4682.0,1584.49,-699.0,4,63,171
4098.0,1583.96,-503.0,4,63,171
3533.0,1569.12,99.0,4,63,171
4323.0,1561.01,-549.0,4,63,171
4051.0,1776.95,51.0,4,63,171
4100.0,1769.62,151.0,4,64,190
4088.0,1687.45,-712.0,4,63,171
3615.0,1521.9,-199.0,4,63,171
3492.0,1528.92,-113.0,4,64,172
3625.0,1510.9,-2422.0,4,63,171
4362.0,1670.94,-107.0,4,63,171
4342.0,1609.47,-14.0,4,63,171
3550.0,1626.78,-1112.0,3,63,171
4380.0,1661.68,-1539.0,3,63,171
4294.0,1625.97,-334.0,3,63,171
3658.0,1603.89,218.0,3,63,171
4020.0,1659.63,-1568.0,3,63,171
4902.0,1712.35,-194.0,2,63,172
3944.0,1598.23,-1018.0,2,63,172
3993.0,1666.31,-1236.0,2,63,171
3711.0,1658.32,-1461.0,2,63,173
5406.0,1512.21,-402.0,2,63,173
4005.0,1525.97,-917.0,2,63,173
3855.0,1522.78,-930.0,2,63,172
3505.0,1719.1,-886.0,2,63,172
4207.0,1700.07,-1166.0,2,63,172
3726.0,1525.21,-1496.0,2,63,172
3860.0,1662.13,-549.0,2,63,172
4325.0,1719.93,-1205.0,2,63,172
4382.0,1669.37,-1232.0,2,63,172
3493.0,1581.65,-1056.0,2,63,172
3719.0,1745.18,-90.0,2,63,172
3617.0,1729.45,-386.0,2,64,173
4368.0,1946.52,401.0,2,64,173
4264.0,1786.48,-736.0,2,63,172
3719.0,1822.42,-744.0,2,67,205
4505.0,1601.02,-980.0,2,63,172
4274.0,1782.25,-386.0,2,63,172
3500.0,1730.18,-705.0,2,66,205
4375.0,1626.75,-1076.0,2,63,172
4149.0,1854.84,-1136.0,2,63,172
3761.0,1721.35,-1358.0,2,66,205
4380.0,1732.78,-1231.0,2,63,172
4121.0,1685.46,-933.0,2,66,205
3721.0,1622.97,-399.0,2,63,172
4907.0,1712.29,60.0,2,63,172
4594.0,1788.18,-926.0,2,63,172
4179.0,1746.96,-1627.0,2,63,172
4119.0,1623.21,-1144.0,2,63,173
2997.0,1440.36,-789.0,2,66,205
4565.0,1675.17,-325.0,2,64,173
3831.0,1735.3,-186.0,2,66,206
3914.0,1634.83,-549.0,2,66,206
4745.0,1674.66,-712.0,2,64,173
3520.0,1486.78,-447.0,2,64,173
4650.0,1604.59,-1887.0,2,64,173
4494.0,1726.54,-1141.0,2,66,206
4162.0,1624.59,-72.0,2,64,173
5167.0,1698.04,-993.0,2,64,173
4124.0,1632.84,-286.0,2,66,206
5185.0,1826.9,-277.0,2,64,173
4045.0,1827.8,-580.0,2,64,173
4122.0,1794.61,-1444.0,2,64,173
3884.0,1760.74,-1564.0,2,66,206
4212.0,1749.63,-174.0,2,64,173
4271.0,1622.53,-1548.0,2,64,173
3582.0,1793.12,-712.0,2,66,206
4417.0,1845.19,-199.0,2,64,173
4586.0,1681.89,-1212.0,2,64,173
4205.0,1678.39,-695.0,2,64,173
4318.0,1857.08,51.0,2,64,173
4098.0,1837.99,251.0,2,64,173
4130.0,1882.36,-128.0,2,64,173
4419.0,1897.3,-608.0,2,64,173
3975.0,1973.29,-86.0,2,64,173
4994.0,1862.54,469.0,2,64,173
4577.0,1936.3,-699.0,2,64,173
4786.0,1925.93,57.0,2,64,173
5275.0,1963.48,-299.0,2,64,173
3913.0,1880.98,-416.0,2,66,206
3888.0,1902.55,-299.0,2,64,173
3935.0,1817.09,-712.0,2,66,206
4429.0,1994.22,-1842.0,2,66,206
4033.0,1750.04,-1029.0,2,64,173
4430.0,1956.96,-1614.0,2,64,174
4530.0,1816.1,-1252.0,2,66,206
4597.0,1804.2,-762.0,2,64,174
4141.0,1772.74,-433.0,2,66,206
5441.0,1827.17,-844.0,2,64,174
4165.0,1883.78,-365.0,2,64,174
4191.0,1850.47,123.0,2,64,174
4485.0,1911.74,-362.0,2,64,174
4318.0,1997.98,-391.0,2,64,174
4436.0,1892.94,188.0,2,64,174
5045.0,1736.39,-2110.0,2,64,174
3529.0,1694.29,-335.0,2,64,175
3727.0,1808.12,-836.0,2,64,174
4070.0,1895.56,-1308.0,2,66,206
4389.0,1828.1,-185.0,2,64,174
3880.0,1818.97,-1187.0,2,64,175
4164.0,1835.76,-712.0,2,64,175
4314.0,2009.53,-484.0,2,64,175
4773.0,1733.66,-1535.0,2,65,176
4302.0,1881.32,214.0,2,65,176
3600.0,1771.04,201.0,2,66,207
4385.0,1705.26,-1515.0,2,65,176
4563.0,1786.45,-1567.0,2,65,176
4218.0,1873.98,-148.0,2,65,176
4651.0,1886.7,-1895.0,2,65,176
5125.0,1901.03,-87.0,2,65,175
5411.0,1840.61,183.0,2,65,176
4861.0,2023.01,-362.0,2,65,176
4886.0,2057.35,-322.0,2,65,176
4013.0,1802.88,-909.0,2,65,176
4248.0,1849.23,-1881.0,2,65,176
4340.0,1727.34,-379.0,2,66,177
3987.0,1714.51,161.0,3,66,177
3476.0,1474.08,-1821.0,3,66,208
4808.0,1610.24,-1316.0,3,67,178
4745.0,1636.87,-911.0,4,67,178
4065.0,1954.87,-735.0,3,67,179
4843.0,1949.35,-269.0,3,67,179
4049.0,1863.09,-765.0,3,67,179
4561.0,1788.87,-350.0,3,68,180
4426.0,1752.82,285.0,3,67,179
4307.0,1692.97,-396.0,3,67,179
4589.0,1942.27,-144.0,3,67,179
4194.0,1817.58,-401.0,3,67,179
5650.0,1999.26,282.0,3,67,179
4356.0,1793.7,-1184.0,3,67,179
4121.0,1796.9,-377.0,2,68,218
4750.0,1930.23,-734.0,2,67,179
4446.0,1912.98,574.0,2,67,179
4357.0,1807.53,-1577.0,2,67,180
4061.0,1906.7,-1112.0,2,67,180
4112.0,1921.97,-1759.0,2,67,180
5143.0,1936.56,-972.0,2,67,180
4625.0,1834.03,-503.0,2,67,180
4906.0,2071.58,-387.0,2,67,180
4602.0,1971.82,-1162.0,2,68,220
3997.0,1860.04,-436.0,2,67,180
5321.0,1944.53,-862.0,2,67,180
4757.0,1963.89,214.0,2,67,180
3955.0,1855.87,-712.0,2,67,180
4569.0,1940.08,-1899.0,2,67,180
4975.0,1977.57,464.0,2,67,180
4785.0,1837.89,-1876.0,2,67,180
4362.0,1918.91,-732.0,2,67,180
4950.0,2028.77,426.0,2,68,221
4988.0,2021.56,-999.0,2,68,221
4952.0,1946.11,-281.0,2,67,180
5115.0,2082.07,-439.0,2,68,221
4925.0,1935.55,-1518.0,2,68,221
3963.0,1997.46,-167.0,2,67,180
3861.0,1852.19,-712.0,2,67,180
3787.0,1976.53,-1678.0,2,67,180
4266.0,1853.24,-1144.0,2,68,221
3686.0,1776.52,-1414.0,2,67,180
4615.0,1650.1,14.0,2,69,222
4109.0,1786.6,-668.0,2,67,180
4410.0,1827.65,-718.0,2,67,180
4192.0,2056.9,-509.0,2,68,222
5054.0,1952.43,214.0,2,67,181
4808.0,1959.36,153.0,2,67,180
3925.0,1891.84,238.0,2,67,181
4572.0,1839.22,-408.0,2,68,222
4615.0,1952.81,-629.0,2,67,180
4310.0,1911.94,-1068.0,2,68,223
4686.0,2000.28,533.0,2,67,180
4061.0,1845.35,-33.0,2,68,222
4629.0,1928.81,38.0,2,68,222
4623.0,1989.94,-92.0,2,68,222
4200.0,1790.72,-709.0,2,67,180
4625.0,1880.49,-586.0,2,68,181
4698.0,2094.45,-2238.0,2,67,180
5149.0,2004.43,112.0,2,68,181
4415.0,1978.21,-31.0,2,68,221
4659.0,2014.78,-781.0,2,68,181
4677.0,2124.1,-626.0,3,68,222
4675.0,1626.67,-762.0,3,68,181
3982.0,1785.84,-336.0,3,68,221
