best,average,min,species,neurons,links
1482.0,106.6,-950.0,1,28,171
1847.0,806.06,-412.0,1,28,171
2397.0,906.55,-1043.0,1,28,171
2012.0,941.79,-876.0,2,29,171
2342.0,924.69,-923.0,5,29,172
2627.0,1032.92,-636.0,4,29,172
2482.0,1042.6,-709.0,6,29,172
2542.0,1139.18,-1018.0,7,29,172
2612.0,1184.33,-398.0,6,29,172
2587.0,1242.7,-458.0,7,31,173
2442.0,1142.74,-558.0,6,29,172
2657.0,1185.59,-518.0,7,29,172
2587.0,1239.04,-458.0,9,29,172
2537.0,1129.52,-518.0,7,29,172
2737.0,1323.4,-263.0,8,29,172
2652.0,1291.6,-852.0,8,30,173
2692.0,1242.71,-389.0,7,29,172
2692.0,1468.0,-574.0,8,29,172
2797.0,1371.81,-258.0,8,31,175
2466.0,1316.41,-558.0,8,29,172
2352.0,1215.1,-463.0,9,29,172
2462.0,1211.85,-798.0,10,29,172
2347.0,1326.96,42.0,10,32,178
2702.0,1350.1,-888.0,11,32,178
2667.0,1250.52,-373.0,11,29,171
2502.0,1258.92,-888.0,11,29,172
2572.0,1258.34,-783.0,11,29,172
2537.0,1335.57,-270.0,9,33,182
2717.0,1312.39,-455.0,9,34,180
2897.0,1389.89,72.0,9,29,172
2777.0,1312.8,-703.0,9,34,180
3031.0,1294.61,-254.0,8,34,180
3407.0,1510.13,-718.0,8,31,174
2917.0,1583.92,-369.0,8,34,180
2837.0,1611.1,207.0,8,29,172
2830.0,1538.03,-718.0,8,34,180
3032.0,1574.41,-558.0,7,34,180
2817.0,1504.62,-588.0,7,34,180
2732.0,1510.91,-31.0,7,34,180
2882.0,1425.69,-658.0,7,34,180
2702.0,1472.47,-199.0,7,34,180
2582.0,1457.32,-538.0,8,34,180
2567.0,1454.31,-483.0,9,29,172
2532.0,1383.4,-812.0,10,31,176
2927.0,1473.69,-373.0,10,31,176
2832.0,1485.47,-83.0,10,33,185
2862.0,1539.56,57.0,10,34,180
3327.0,1550.29,-376.0,10,33,185
2542.0,1504.09,42.0,10,31,176
2367.0,1454.81,67.0,10,32,177
2842.0,1449.53,-46.0,10,33,185
2757.0,1483.48,-495.0,8,34,180
3147.0,1441.74,-208.0,8,33,185
3067.0,1458.92,-83.0,8,33,185
2457.0,1475.79,-13.0,8,33,185
2882.0,1504.82,-143.0,8,34,180
2692.0,1518.8,92.0,8,32,178
2727.0,1498.15,-704.0,8,32,178
2962.0,1513.44,-175.0,8,34,180
2856.0,1505.49,-288.0,8,34,180
3067.0,1442.68,-353.0,8,34,180
2757.0,1514.79,-50.0,8,30,173
2907.0,1513.07,-343.0,8,34,181
3047.0,1485.44,-183.0,8,34,181
2592.0,1568.18,-175.0,8,30,173
2902.0,1499.04,-433.0,8,33,185
2762.0,1530.2,-253.0,8,31,173
2697.0,1310.89,-288.0,9,32,178
2637.0,1401.47,-498.0,8,36,197
2537.0,1611.76,-57.0,8,33,185
2792.0,1533.39,-140.0,8,34,181
2527.0,1502.18,-458.0,8,31,174
3342.0,1549.4,-788.0,8,33,186
2847.0,1623.12,-603.0,8,33,186
2632.0,1519.46,-758.0,8,33,186
2742.0,1619.26,-220.0,8,33,186
2732.0,1613.84,-358.0,9,32,178
2927.0,1457.5,-573.0,9,34,182
2782.0,1648.61,-598.0,9,33,186
2957.0,1607.4,-858.0,9,33,186
2817.0,1634.08,-283.0,9,33,186
2592.0,1689.78,127.0,9,33,185
2901.0,1692.51,2.0,9,34,182
2906.0,1624.84,-188.0,9,33,185
2672.0,1572.81,-683.0,9,34,182
2902.0,1546.79,-503.0,10,34,182
2857.0,1729.18,42.0,10,33,185
2937.0,1589.26,97.0,10,33,185
2827.0,1585.69,-365.0,10,33,185
2477.0,1561.58,-633.0,10,35,183
2862.0,1588.44,-409.0,10,33,185
2757.0,1589.38,-323.0,10,33,185
2747.0,1562.39,-288.0,10,33,185
2942.0,1590.38,-48.0,10,33,185
2992.0,1577.63,-73.0,10,33,185
2872.0,1404.13,-758.0,10,33,185
2657.0,1593.04,-558.0,10,33,185
2677.0,1505.23,-61.0,10,33,185
3032.0,1605.74,-658.0,9,30,173
2862.0,1591.22,-288.0,9,33,185
2517.0,1527.09,-43.0,10,30,173
2712.0,1613.86,-683.0,10,32,177
2882.0,1630.03,293.0,10,36,199
2922.0,1397.32,-513.0,10,33,186
2722.0,1514.59,-222.0,7,33,186
2917.0,1485.2,-38.0,8,35,184
3042.0,1543.2,-623.0,8,30,173
2752.0,1583.48,-454.0,8,35,184
2877.0,1525.83,-326.0,8,36,185
2442.0,1530.74,-398.0,8,37,201
2732.0,1571.6,-339.0,8,37,199
2987.0,1617.42,-705.0,8,36,185
2507.0,1404.23,-308.0,7,37,201
2667.0,1535.15,-153.0,7,37,201
2512.0,1398.39,-416.0,7,37,199
2882.0,1612.6,-473.0,7,34,187
2842.0,1671.99,307.0,7,31,174
2557.0,1472.57,-292.0,7,37,201
2837.0,1560.56,-1063.0,6,31,174
2842.0,1659.39,-526.0,7,34,187
2514.0,1600.16,317.0,7,41,222
2562.0,1615.17,77.0,7,37,202
3342.0,1668.53,-122.0,7,34,187
3092.0,1722.23,172.0,7,34,187
2532.0,1602.47,-392.0,6,41,222
2782.0,1675.49,-253.0,6,37,202
2817.0,1692.69,-143.0,6,37,202
2742.0,1693.1,-349.0,6,37,202
2797.0,1751.14,20.0,6,37,202
2977.0,1750.08,-732.0,6,37,202
2757.0,1662.65,-78.0,6,38,201
2622.0,1699.63,-348.0,6,41,222
2520.0,1614.79,-139.0,6,37,202
2677.0,1731.17,-303.0,6,37,202
2682.0,1746.11,-251.0,6,41,222
2857.0,1712.45,-293.0,6,38,199
2692.0,1654.34,-548.0,6,41,222
2852.0,1639.2,-383.0,6,37,201
2842.0,1682.86,-343.0,6,38,200
2822.0,1643.97,-425.0,6,41,222
2872.0,1787.03,-417.0,6,41,222
3322.0,1572.42,-550.0,6,41,222
3117.0,1701.62,-383.0,6,42,223
2852.0,1726.42,-121.0,6,38,202
2767.0,1677.99,-473.0,6,33,178
2957.0,1678.34,-575.0,6,42,223
2957.0,1705.23,-113.0,6,42,223
2602.0,1633.41,-318.0,6,42,223
2922.0,1630.72,-123.0,6,42,223
2787.0,1733.39,-358.0,6,38,202
2936.0,1668.51,-188.0,5,42,223
3252.0,1747.56,-1028.0,5,42,223
2947.0,1764.53,221.0,6,42,223
2712.0,1630.28,-661.0,6,38,202
3097.0,1669.01,-143.0,5,42,223
2797.0,1683.16,-743.0,5,42,223
2627.0,1703.09,-273.0,6,42,223
2602.0,1582.41,-538.0,5,33,179
2762.0,1744.37,392.0,5,42,223
2767.0,1672.59,-533.0,5,33,179
2657.0,1716.62,-703.0,5,42,223
2642.0,1722.02,-463.0,5,38,202
2722.0,1660.01,-308.0,5,42,223
2667.0,1638.79,-466.0,5,42,230
2592.0,1707.05,-207.0,5,33,179
2777.0,1727.24,327.0,5,38,202
2987.0,1827.81,224.0,5,38,202
2757.0,1681.03,-98.0,5,38,202
2747.0,1654.69,-451.0,5,38,202
2512.0,1649.99,-463.0,5,38,202
2557.0,1645.28,-523.0,5,42,223
2602.0,1636.68,-643.0,5,42,223
2562.0,1659.86,-576.0,5,34,180
2517.0,1612.69,-888.0,5,34,180
2667.0,1654.72,-73.0,5,34,180
2597.0,1708.3,-99.0,6,38,202
2712.0,1483.41,-758.0,6,38,203
2677.0,1727.11,102.0,6,34,180
2857.0,1804.09,42.0,6,34,180
3122.0,1782.57,248.0,6,44,225
3321.0,1746.79,252.0,6,44,225
2617.0,1745.9,-103.0,6,44,226
2907.0,1754.46,-253.0,6,44,225
2637.0,1601.04,-468.0,6,38,203
2777.0,1680.47,177.0,6,34,180
2607.0,1643.19,-561.0,6,38,203
3382.0,1806.56,138.0,6,44,225
2772.0,1687.83,-706.0,6,44,225
3276.0,1782.73,137.0,6,44,225
3372.0,1798.84,77.0,6,44,225
2802.0,1789.77,-558.0,6,44,225
2697.0,1806.33,-293.0,6,38,203
2877.0,1715.88,367.0,6,34,181
2637.0,1731.8,47.0,5,49,244
2647.0,1730.33,-99.0,5,44,225
2657.0,1754.1,264.0,5,49,244
2982.0,1688.0,-1098.0,5,44,225
2757.0,1795.56,-399.0,5,44,225
2995.0,1700.09,-755.0,5,44,225
2767.0,1721.48,-114.0,5,44,225
3102.0,1769.41,-443.0,5,44,225
2902.0,1750.14,-288.0,5,34,181
3912.0,1863.82,177.0,5,45,226
2957.0,1664.43,-581.0,5,45,226
2737.0,1823.85,-38.0,5,45,226
2932.0,1652.55,-753.0,5,38,205
2732.0,1835.13,-68.0,5,50,246
2782.0,1742.99,95.0,5,34,182
2752.0,1645.7,-243.0,5,45,226
2407.0,1666.79,-363.0,5,50,246
2667.0,1722.66,-871.0,6,50,246
2602.0,1670.11,-544.0,6,45,226
3112.0,1762.64,781.0,6,45,226
2917.0,1744.36,-294.0,6,50,246
2687.0,1681.88,-365.0,5,50,246
2887.0,1682.6,-288.0,5,45,226
3052.0,1828.77,-137.0,4,45,227
3267.0,1848.89,-608.0,4,50,246
2902.0,1814.79,-581.0,5,38,205
2682.0,1633.15,-353.0,5,38,205
2707.0,1749.17,112.0,5,45,227
2797.0,1757.41,-450.0,5,45,227
2969.0,1671.16,-533.0,5,34,182
2982.0,1681.15,-613.0,5,45,227
2947.0,1818.35,207.0,5,38,205
2982.0,1708.89,-88.0,6,50,246
3257.0,1584.99,-318.0,6,46,229
2692.0,1410.95,-488.0,6,46,229
2672.0,1543.87,-358.0,6,38,205
3377.0,1586.4,-733.0,6,38,205
traininig time: 8110.51140785
