best,average,min,species,neurons,links
1852.0,354.08,-1098.0,1,28,171
2102.0,658.9,-1098.0,1,28,171
2102.0,1045.01,-1098.0,1,29,172
2292.0,918.0,-1098.0,2,29,172
2127.0,1223.0,-682.0,3,28,171
2247.0,1036.36,-713.0,3,30,173
2352.0,1170.06,-536.0,4,30,173
2652.0,1326.38,-635.0,3,30,173
3152.0,1594.69,-498.0,2,30,173
2652.0,1580.0,-1098.0,2,30,173
3152.0,1542.13,-627.0,2,30,173
3152.0,1702.99,-649.0,2,30,173
3152.0,1973.0,-888.0,2,30,173
3152.0,1971.79,-958.0,2,30,173
3152.0,2083.29,-528.0,2,30,173
3152.0,1954.75,-1098.0,2,30,173
3152.0,2011.86,-368.0,2,30,173
3152.0,1952.81,-632.0,2,30,172
3152.0,2049.36,-1098.0,2,30,173
3152.0,1982.14,-552.0,2,30,174
3152.0,1931.34,-1098.0,2,30,173
3152.0,2174.86,-658.0,3,30,173
3152.0,1587.84,-1098.0,3,30,173
3152.0,1765.63,-862.0,3,30,173
3152.0,1862.16,-608.0,3,30,174
3152.0,1918.03,-712.0,4,30,173
3152.0,1699.51,-1098.0,4,30,174
3152.0,1760.23,-563.0,5,30,173
3152.0,1616.94,-893.0,5,30,173
3152.0,1726.27,-563.0,6,30,173
3152.0,1943.89,-547.0,7,30,173
3152.0,1603.43,-1098.0,7,30,173
3152.0,1418.69,-783.0,7,30,173
3152.0,1723.34,-652.0,8,30,171
3152.0,1619.75,-1098.0,8,30,173
3152.0,1828.24,-678.0,10,30,171
3152.0,1811.26,-593.0,9,30,171
3152.0,1816.83,-812.0,10,30,171
3152.0,1796.19,-612.0,12,30,171
3152.0,1811.08,-1098.0,10,30,171
3152.0,2037.03,-1098.0,10,30,171
3152.0,2074.06,-626.0,10,30,171
3152.0,2073.44,-613.0,10,30,171
3152.0,1745.55,-647.0,10,31,173
3352.0,2108.72,-536.0,9,32,173
3352.0,1996.04,-867.0,9,32,173
3352.0,2143.68,-628.0,10,32,173
3234.0,1958.09,-476.0,8,32,173
3352.0,1874.68,-641.0,9,32,173
3152.0,1815.69,-120.0,9,33,174
3152.0,1823.58,-1098.0,9,33,174
3152.0,1704.36,-818.0,9,33,174
3152.0,1797.51,342.0,9,33,174
3152.0,1833.18,-153.0,9,33,174
3152.0,1777.16,-1098.0,8,33,175
3152.0,1827.97,-658.0,8,33,174
3182.0,1978.64,-188.0,8,32,172
3152.0,1999.43,-391.0,8,33,174
3352.0,2042.52,-18.0,8,32,172
3152.0,1896.16,-1098.0,8,33,174
3152.0,1884.43,87.0,7,32,180
3152.0,1950.34,556.0,7,32,180
3152.0,1946.58,-171.0,7,32,180
3152.0,2110.49,448.0,6,32,180
3152.0,1992.75,-173.0,6,32,181
3152.0,2055.18,573.0,6,32,181
3152.0,2026.17,195.0,6,32,179
3152.0,2067.55,580.0,6,32,179
3152.0,1965.68,2.0,6,32,180
3152.0,1983.48,-16.0,6,32,179
3152.0,2193.96,552.0,6,32,179
3152.0,2072.19,515.0,6,32,179
3152.0,2104.44,556.0,6,32,180
3152.0,2070.79,545.0,6,32,179
3152.0,2191.5,-128.0,6,32,179
3152.0,2160.57,598.0,7,32,179
3152.0,1856.62,-888.0,6,32,179
3152.0,2074.07,-78.0,6,32,178
3152.0,2224.59,593.0,6,32,178
3152.0,2212.31,628.0,5,32,172
3152.0,2024.53,-88.0,5,38,193
3152.0,2023.64,556.0,5,38,193
3152.0,1921.89,-558.0,5,38,193
3152.0,2131.59,-458.0,5,38,194
3152.0,2074.91,-117.0,5,38,193
3152.0,2003.13,-93.0,5,38,193
3152.0,1994.32,200.0,5,38,193
3152.0,2069.59,-408.0,4,32,173
3352.0,2107.95,-134.0,4,32,173
3352.0,2161.64,447.0,4,32,173
3152.0,2157.4,-83.0,4,38,193
3152.0,2032.33,-245.0,4,38,193
3152.0,2121.77,-958.0,5,38,193
3152.0,1842.57,-440.0,5,38,193
3152.0,1917.03,-523.0,4,38,193
3152.0,2121.97,-668.0,4,38,192
3152.0,2103.05,562.0,4,38,192
3152.0,2082.09,-828.0,4,38,193
3152.0,1976.36,52.0,4,38,192
3152.0,1992.15,-403.0,3,38,192
3352.0,2288.54,242.0,3,32,173
3352.0,2175.38,-294.0,3,32,173
3352.0,2079.6,-538.0,3,32,173
3152.0,2176.75,42.0,3,32,173
3152.0,2151.62,-888.0,4,38,192
3230.0,1946.83,-1098.0,4,32,173
3152.0,1849.27,-733.0,4,38,192
3152.0,2128.61,22.0,4,38,192
3152.0,2030.13,402.0,4,38,192
3152.0,2008.31,-77.0,4,38,192
3152.0,1927.23,-86.0,4,38,192
3152.0,2109.87,587.0,4,38,192
3352.0,1934.45,-1063.0,4,32,173
3152.0,1983.19,-592.0,4,38,192
3152.0,1975.44,-1098.0,4,38,192
3152.0,2039.94,-483.0,4,38,192
3152.0,2037.71,142.0,5,38,192
3152.0,1850.92,-678.0,4,38,192
3152.0,2059.62,-593.0,4,38,192
3152.0,2035.09,-1098.0,4,38,192
3152.0,2106.16,-1063.0,4,38,192
3152.0,2094.41,-488.0,4,38,193
3152.0,1818.82,-1098.0,4,38,192
3152.0,1926.08,-1098.0,4,38,190
3002.0,1778.56,-453.0,3,32,171
3352.0,1860.87,-718.0,3,32,172
3002.0,2051.7,-133.0,3,32,171
3002.0,1792.5,12.0,3,32,171
3002.0,1838.95,-1098.0,3,32,171
3002.0,1971.01,-578.0,3,32,171
3002.0,1852.39,-688.0,3,32,171
2991.0,1719.8,-1028.0,3,32,171
3028.0,1915.95,-423.0,3,32,171
3002.0,1920.97,-183.0,3,32,171
3344.0,1908.82,-608.0,3,32,171
3002.0,1870.78,-1063.0,3,32,172
3002.0,1954.22,-1098.0,3,32,171
3002.0,1815.87,-423.0,3,32,170
3002.0,1882.05,-898.0,3,32,171
3027.0,2060.84,-518.0,3,32,170
3002.0,1914.71,-1298.0,3,32,170
3382.0,1876.64,-700.0,3,32,170
3352.0,2032.25,-1098.0,2,32,170
3002.0,1860.3,-1098.0,2,32,170
3002.0,2043.82,-1098.0,2,32,170
3002.0,1996.82,-748.0,2,32,170
3085.0,1981.39,-1133.0,2,32,170
3224.0,1857.62,-803.0,2,32,170
3095.0,1898.09,-645.0,2,32,170
3002.0,2101.99,-1168.0,2,32,170
3032.0,1888.87,-258.0,2,32,170
3352.0,1987.18,-1168.0,2,32,170
3002.0,1927.58,-1098.0,2,32,170
3077.0,1905.24,-647.0,2,32,170
3352.0,2033.56,112.0,2,32,170
3352.0,1956.66,-1173.0,2,32,170
3002.0,1934.59,-103.0,2,32,170
3002.0,1959.74,-635.0,2,32,170
3041.0,2015.38,-316.0,2,32,170
3002.0,1805.14,-1098.0,2,32,170
3352.0,2054.99,-558.0,2,32,170
3002.0,1963.28,-564.0,2,32,170
3302.0,2028.2,-353.0,2,32,170
3302.0,2041.7,-573.0,2,32,170
3002.0,1866.02,-1168.0,2,32,170
3002.0,1918.23,-583.0,2,32,171
3002.0,1891.47,-1168.0,2,32,170
3002.0,1861.94,-763.0,2,33,172
3002.0,1931.27,-898.0,2,32,170
3102.0,1891.22,-1098.0,2,32,171
3002.0,2001.96,-1198.0,2,32,171
3302.0,1800.75,-1098.0,2,32,171
3002.0,1782.32,-1098.0,2,32,170
3002.0,2083.12,-288.0,2,32,171
3352.0,1742.07,-1133.0,2,32,171
3092.0,1903.02,-1098.0,2,32,171
3352.0,2023.99,-614.0,2,32,171
3002.0,1795.33,-1098.0,2,33,173
3340.0,1997.17,-386.0,2,33,172
3352.0,1840.5,-1168.0,2,32,171
3002.0,2022.08,-697.0,2,32,171
3282.0,2009.63,-1098.0,2,43,208
3002.0,1933.14,-268.0,2,32,171
3442.0,2268.13,-1098.0,2,43,208
3352.0,2070.0,-468.0,2,32,171
3047.0,1757.67,-606.0,2,32,171
3352.0,2067.93,-261.0,2,32,171
3027.0,2051.24,-624.0,2,43,208
3352.0,1972.7,-728.0,2,32,171
3352.0,2055.37,-575.0,2,32,171
3002.0,2103.44,-268.0,2,32,171
2995.0,1877.43,-616.0,2,43,209
3477.0,2011.82,-552.0,2,43,208
3312.0,2163.64,-413.0,2,43,209
3402.0,2040.53,-628.0,2,32,171
3152.0,1841.73,-768.0,2,32,171
3254.0,1996.45,-686.0,2,32,172
3352.0,2023.46,-853.0,2,32,171
3097.0,2050.61,-218.0,2,44,211
3352.0,2060.11,-1098.0,2,33,172
3347.0,2233.91,-1098.0,2,44,211
3062.0,2017.81,-1098.0,2,43,210
3152.0,2103.96,-518.0,2,33,172
3282.0,2191.59,-743.0,2,43,210
3097.0,1978.13,-538.0,2,43,210
3268.0,2119.31,-398.0,2,33,172
3032.0,2155.23,-288.0,2,43,211
3277.0,2014.63,-618.0,2,43,211
3352.0,1944.4,-638.0,2,33,172
3352.0,2180.65,-548.0,2,33,172
3282.0,2084.13,-582.0,2,43,211
3162.0,2199.84,-484.0,2,43,211
3162.0,2120.76,-460.0,2,43,211
3127.0,2053.11,-1098.0,2,43,211
3126.0,2106.3,-558.0,2,33,171
3347.0,2100.61,-643.0,2,43,211
3352.0,1965.93,-758.0,2,33,171
3302.0,1998.67,-693.0,2,33,171
3302.0,2026.75,-634.0,2,33,171
3377.0,2001.83,-629.0,2,43,212
3028.0,2099.72,-573.0,2,43,211
3352.0,1971.18,-888.0,2,33,171
3242.0,1954.39,-519.0,2,33,170
3352.0,2148.1,-500.0,2,33,171
3162.0,2002.95,-148.0,2,43,212
3352.0,2005.29,-637.0,2,33,171
3097.0,2049.65,-658.0,2,43,212
3337.0,2100.98,-766.0,2,43,212
3002.0,2165.99,-575.0,2,33,170
3082.0,1964.4,-1033.0,2,43,213
traininig time: 4652.39794397
