best,average,min,species,neurons,links
1392.0,271.86,-1098.0,1,44,315
1582.0,679.21,-788.0,1,44,315
2052.0,772.9,-1098.0,1,44,315
2007.0,905.31,-914.0,1,45,316
2347.0,1034.38,-1098.0,2,45,316
2247.0,1015.92,-1063.0,3,45,317
2657.0,1022.98,-837.0,3,45,317
2427.0,1260.58,-178.0,3,46,318
2347.0,1279.53,-488.0,5,45,317
2272.0,1305.61,-485.0,4,45,317
2617.0,1191.27,-615.0,5,46,317
2352.0,1363.7,-198.0,5,46,319
2407.0,1330.22,-609.0,5,45,317
2167.0,1391.09,22.0,5,45,318
2387.0,1329.44,-458.0,7,46,319
2282.0,1232.67,-888.0,7,46,318
2462.0,1511.59,-225.0,7,45,318
2447.0,1438.85,-1098.0,7,45,318
2362.0,1484.33,-528.0,7,46,319
2252.0,1387.01,-863.0,7,46,319
2782.0,1427.26,-1278.0,7,47,320
2597.0,1492.46,-1098.0,8,46,318
2707.0,1332.57,-1098.0,8,47,320
2832.0,1525.31,-1098.0,8,47,320
2617.0,1363.89,-273.0,9,47,320
2437.0,1397.01,-969.0,9,47,321
2247.0,1293.37,-183.0,9,47,322
2332.0,1438.79,-207.0,8,46,319
2862.0,1406.63,46.0,8,47,322
2712.0,1367.14,-147.0,8,47,322
2457.0,1505.18,-62.0,9,46,321
2277.0,1347.16,-210.0,9,46,319
2358.0,1374.01,-38.0,9,47,321
2432.0,1438.86,-654.0,11,46,319
2312.0,1344.95,-652.0,11,46,320
2442.0,1235.46,-1071.0,12,49,330
2497.0,1356.25,-1098.0,11,46,319
2332.0,1435.99,-718.0,12,46,320
2532.0,1408.34,-631.0,12,48,331
2747.0,1335.52,-1098.0,11,48,331
2686.0,1483.77,-141.0,12,48,331
2522.0,1359.92,-1098.0,10,48,331
3237.0,1423.94,-1098.0,10,48,330
3192.0,1479.84,-848.0,10,48,330
2497.0,1499.7,-44.0,10,49,335
2627.0,1488.18,-778.0,10,49,331
2972.0,1490.39,-128.0,9,49,331
2597.0,1519.34,-273.0,9,46,319
3107.0,1626.31,-489.0,9,48,331
2952.0,1663.54,-68.0,9,48,331
2537.0,1485.0,-211.0,9,49,331
2902.0,1488.64,-693.0,9,49,331
2787.0,1472.37,-183.0,9,49,331
2812.0,1569.67,-1098.0,9,48,332
2842.0,1487.16,-815.0,9,52,349
2837.0,1606.21,-510.0,9,49,331
2947.0,1585.81,-1098.0,10,49,331
2882.0,1659.31,-145.0,10,52,349
3127.0,1594.83,-1063.0,9,52,349
2722.0,1596.09,-1098.0,9,52,349
2537.0,1661.21,-128.0,9,48,323
2667.0,1577.06,-1098.0,10,49,331
2817.0,1497.35,-44.0,9,49,331
2852.0,1538.63,-1098.0,9,49,331
2972.0,1650.06,-38.0,9,52,349
2892.0,1602.06,-478.0,9,49,331
3136.0,1630.11,-775.0,8,49,331
2662.0,1546.91,-168.0,8,48,323
3277.0,1668.25,-1063.0,8,49,331
3167.0,1809.94,-272.0,8,45,316
2832.0,1655.52,-1098.0,8,52,350
2772.0,1585.73,-367.0,8,49,331
3192.0,1632.21,-750.0,8,48,323
2562.0,1506.65,-698.0,8,49,331
2667.0,1760.6,-433.0,8,48,322
2937.0,1674.03,-1098.0,8,52,350
2837.0,1607.99,17.0,8,49,331
3262.0,1651.39,-108.0,8,49,331
2822.0,1598.3,-234.0,8,52,350
3037.0,1690.47,-412.0,8,49,331
2717.0,1776.95,100.0,8,52,350
3127.0,1608.55,-820.0,8,52,350
3087.0,1644.3,-593.0,8,48,322
2997.0,1702.26,-888.0,8,52,350
2882.0,1741.86,-394.0,8,49,331
2837.0,1631.52,-558.0,8,48,322
2837.0,1587.07,-1098.0,8,48,322
3087.0,1534.94,-418.0,8,49,331
2707.0,1611.7,-314.0,8,49,331
2842.0,1713.33,-320.0,8,48,323
2972.0,1732.4,-118.0,8,49,331
2892.0,1514.21,-673.0,8,49,331
2792.0,1654.8,-433.0,8,48,323
2967.0,1589.07,-218.0,8,53,351
3232.0,1563.96,-1098.0,8,48,323
3237.0,1767.68,-503.0,8,48,323
2852.0,1791.57,-223.0,8,53,351
3036.0,1590.02,-1098.0,8,48,322
3022.0,1756.72,-653.0,8,48,322
3312.0,1790.89,-288.0,9,48,322
3057.0,1749.25,-250.0,9,48,322
3102.0,1659.88,-998.0,9,48,322
2857.0,1641.83,-222.0,8,52,348
3422.0,1751.96,-303.0,8,48,322
3346.0,1794.99,-483.0,8,48,322
3057.0,1764.76,-184.0,8,48,322
3447.0,1744.13,-713.0,8,53,352
3211.0,1838.58,-5.0,8,48,322
3236.0,1944.86,-248.0,8,48,322
2982.0,1673.71,-183.0,8,53,352
3297.0,1725.13,-125.0,8,48,322
3532.0,1757.01,-363.0,8,53,352
3132.0,1632.13,-463.0,8,48,322
4046.0,1598.26,-551.0,8,49,323
3022.0,1676.46,-434.0,8,49,323
3202.0,1735.6,-648.0,8,49,323
3556.0,1715.32,-1098.0,8,49,323
2982.0,1640.85,-387.0,7,53,352
3352.0,1741.11,-218.0,7,49,323
3107.0,1721.58,-688.0,7,49,323
3172.0,1553.09,-538.0,7,49,323
2912.0,1816.54,580.0,6,49,331
3022.0,1700.42,-748.0,6,49,323
3207.0,1794.1,616.0,6,53,352
3217.0,1719.57,-478.0,6,49,331
3117.0,1739.94,-467.0,7,51,338
2907.0,1682.47,51.0,7,50,338
2957.0,1666.82,-731.0,7,49,331
2907.0,1692.73,-525.0,7,53,352
2852.0,1599.59,137.0,7,53,352
2767.0,1577.36,-1098.0,7,50,325
3062.0,1670.11,-493.0,7,50,325
3332.0,1773.31,-248.0,8,49,331
2972.0,1789.07,-143.0,7,50,332
3027.0,1819.17,-131.0,7,53,349
3182.0,1802.89,-18.0,7,53,352
2881.0,1879.44,-238.0,7,50,338
2977.0,1771.02,-558.0,8,50,326
3042.0,1798.62,-16.0,8,50,326
2937.0,1730.33,-103.0,8,50,331
2972.0,1811.19,-558.0,8,53,351
3287.0,1765.42,-111.0,8,53,351
2852.0,1819.83,184.0,8,54,353
3042.0,1799.94,-608.0,8,50,338
2902.0,1730.07,-678.0,9,54,353
2902.0,1680.08,-418.0,9,51,328
2757.0,1567.01,-677.0,9,54,352
2821.0,1698.3,-635.0,9,57,371
3187.0,1711.66,-539.0,9,54,353
2996.0,1891.15,223.0,9,51,330
3161.0,1807.86,-188.0,9,51,330
3067.0,1816.63,-642.0,9,55,354
2777.0,1660.51,142.0,9,54,352
2952.0,1779.5,-234.0,8,55,355
2887.0,1765.62,-196.0,8,56,369
3112.0,1778.21,-1143.0,8,51,332
3412.0,1724.78,-223.0,8,54,352
3517.0,1613.55,-152.0,8,54,352
2972.0,1847.26,-487.0,8,51,332
2892.0,1719.6,-203.0,8,51,332
3625.0,1767.89,292.0,7,50,330
3057.0,1651.79,-993.0,7,51,332
2892.0,1706.17,-28.0,7,51,332
3052.0,1765.49,-468.0,7,51,332
3131.0,1761.4,-554.0,8,51,332
3272.0,1682.91,-358.0,7,51,332
3642.0,1842.65,-103.0,6,50,330
2987.0,1803.86,-48.0,6,51,332
3347.0,1854.33,5.0,7,54,352
3062.0,1678.76,-179.0,7,58,373
3357.0,1835.24,-38.0,7,51,332
3272.0,1829.82,-222.0,7,51,332
3302.0,1820.06,-215.0,7,51,333
3267.0,1736.56,-36.0,7,51,333
3242.0,1840.81,-113.0,7,52,334
3027.0,1935.24,-33.0,8,64,397
3092.0,1704.14,-118.0,8,52,334
3067.0,1676.24,-1098.0,7,52,334
3302.0,1840.13,-429.0,7,64,397
3051.0,1796.79,-255.0,7,64,397
2937.0,1619.22,-1063.0,7,64,397
3292.0,1765.82,343.0,7,52,335
3207.0,1726.78,-237.0,7,54,353
2977.0,1821.52,-48.0,7,64,398
3027.0,1784.07,-103.0,7,54,353
3212.0,1764.57,-190.0,7,52,334
3117.0,1775.29,-958.0,7,65,399
3132.0,1587.46,-633.0,7,58,374
3007.0,1737.83,-656.0,7,65,400
3172.0,1727.17,-613.0,7,58,374
3501.0,1794.37,-463.0,7,54,353
3112.0,1694.09,-176.0,7,52,334
3037.0,1689.1,-993.0,7,54,353
3067.0,1773.15,-597.0,7,65,400
3241.0,1857.42,-63.0,7,50,330
3157.0,1815.77,-923.0,7,52,333
2887.0,1792.86,-489.0,7,54,353
3372.0,1841.78,-813.0,7,52,333
2937.0,1628.0,-888.0,7,66,401
3067.0,1771.93,-145.0,7,54,353
3157.0,1788.07,-497.0,7,54,353
3272.0,1732.17,-323.0,7,66,400
2747.0,1684.41,-188.0,7,52,334
3007.0,1673.65,-1098.0,7,52,334
3102.0,1667.12,13.0,7,52,334
2997.0,1764.48,-120.0,7,52,334
2937.0,1653.01,-373.0,7,63,398
3537.0,1734.13,-492.0,7,66,400
3021.0,1739.67,-148.0,8,63,398
3507.0,1521.8,-746.0,7,66,400
3297.0,1736.23,-224.0,6,66,400
3312.0,1939.09,-376.0,6,52,334
3087.0,1891.27,-158.0,6,70,422
3157.0,1680.39,37.0,6,66,400
3157.0,1792.76,-109.0,6,50,328
3007.0,1701.87,-888.0,6,63,399
3347.0,1819.88,242.0,6,66,401
3426.0,1839.12,22.0,6,58,375
2852.0,1799.48,49.0,5,70,422
3172.0,1731.25,-643.0,5,66,401
3142.0,1744.28,-1098.0,5,52,336
3192.0,1816.51,17.0,5,66,401
3466.0,1626.43,-223.0,5,58,376
3567.0,1778.68,-553.0,5,66,401
2777.0,1825.59,317.0,5,63,398
3197.0,1860.69,-160.0,5,70,423
3262.0,1741.18,-88.0,5,66,401
3232.0,1864.05,-818.0,5,52,336
2967.0,1720.15,-613.0,5,66,401
3322.0,1677.15,-1098.0,5,58,377
traininig time: 3989.07753396
