best,average,min,species,neurons,links
1389.0,588.23,57.0,1,20,99
1766.0,697.63,-238.0,1,20,98
1480.0,670.89,-468.0,1,20,98
1527.0,813.43,-227.0,3,20,98
1922.0,935.89,37.0,3,20,98
2122.0,936.0,-158.0,4,21,100
1825.0,950.18,-453.0,3,21,100
2017.0,1026.5,170.0,3,21,100
1902.0,1030.98,112.0,4,21,100
1906.0,1087.58,322.0,4,21,100
2461.0,1076.03,258.0,4,22,100
2027.0,1118.05,312.0,4,22,100
2057.0,1158.62,117.0,4,22,100
2112.0,1136.76,-153.0,5,22,100
2372.0,1060.56,356.0,5,22,100
2002.0,1046.29,332.0,5,22,100
2307.0,1141.5,317.0,6,22,101
2212.0,1076.14,-173.0,6,23,103
2087.0,1200.69,215.0,7,23,103
2547.0,1206.76,177.0,7,23,103
2254.0,1099.79,235.0,7,23,106
2392.0,1212.29,-142.0,7,23,103
2292.0,1296.46,508.0,7,21,101
2352.0,1282.29,420.0,7,23,103
2481.0,1256.74,-713.0,7,23,103
2228.0,1213.91,-1098.0,7,23,103
2147.0,1201.18,457.0,7,21,101
2157.0,1267.79,6.0,7,23,106
1992.0,1215.06,227.0,8,23,102
2572.0,1229.09,82.0,8,23,106
2462.0,1223.76,173.0,9,23,107
2152.0,1185.49,-585.0,9,21,100
2107.0,1245.05,-488.0,9,23,106
2097.0,1172.57,213.0,9,23,103
2357.0,1210.36,274.0,9,23,106
2037.0,1169.57,-91.0,9,23,103
2227.0,1245.59,17.0,9,23,103
2207.0,1208.34,-357.0,9,23,103
2229.0,1208.95,-240.0,8,23,103
2302.0,1236.17,298.0,9,23,103
2262.0,1147.33,177.0,9,23,107
2322.0,1166.42,222.0,9,23,103
2682.0,1163.66,459.0,8,23,104
2612.0,1229.63,-876.0,8,23,104
2717.0,1295.4,100.0,8,23,104
2402.0,1285.75,-253.0,8,23,104
2297.0,1330.12,-758.0,8,24,105
2457.0,1379.38,-566.0,8,24,105
2557.0,1374.31,-489.0,8,24,109
2377.0,1468.65,169.0,8,23,107
2782.0,1476.17,547.0,8,24,105
2697.0,1445.14,138.0,8,25,109
2337.0,1447.3,-98.0,8,24,105
2547.0,1458.72,423.0,8,23,107
2483.0,1446.27,397.0,8,23,104
2600.0,1435.22,22.0,8,26,110
2552.0,1438.47,285.0,8,24,105
2822.0,1379.81,437.0,8,26,111
2647.0,1324.38,315.0,9,26,114
2360.0,1312.72,41.0,9,24,105
2318.0,1364.41,309.0,9,26,110
2582.0,1388.05,462.0,9,26,114
2338.0,1360.72,72.0,9,24,106
2563.0,1352.63,-812.0,10,26,110
2317.0,1321.49,408.0,10,26,111
2455.0,1312.73,-334.0,10,24,106
2877.0,1355.14,17.0,10,24,106
2323.0,1335.84,-801.0,10,24,106
2827.0,1299.8,463.0,10,24,106
2269.0,1224.34,-1098.0,10,26,111
2485.0,1287.37,257.0,10,26,111
2827.0,1391.39,477.0,10,26,110
2412.0,1358.98,237.0,10,26,110
2497.0,1287.21,82.0,10,24,106
2567.0,1371.64,438.0,11,24,106
2583.0,1269.04,-212.0,11,24,107
2449.0,1318.78,-129.0,11,26,111
2462.0,1367.6,406.0,11,24,107
2282.0,1405.78,591.0,11,24,107
2565.0,1341.66,397.0,10,26,111
2577.0,1319.31,-114.0,10,24,108
2537.0,1295.65,-60.0,10,24,108
2817.0,1346.22,-91.0,10,24,108
2527.0,1373.45,433.0,10,26,111
2322.0,1345.08,328.0,10,24,108
2532.0,1383.7,-618.0,10,29,129
2417.0,1394.25,152.0,10,24,107
2272.0,1380.07,542.0,10,26,112
2355.0,1388.24,555.0,10,24,107
2131.0,1330.13,391.0,10,24,108
2377.0,1411.34,330.0,10,24,108
2287.0,1345.19,421.0,10,27,114
2557.0,1334.63,424.0,9,24,108
2543.0,1310.71,55.0,9,24,108
2472.0,1353.26,348.0,9,26,117
2544.0,1309.35,-238.0,8,27,114
2519.0,1436.67,361.0,8,24,109
2497.0,1402.54,548.0,8,24,110
2482.0,1404.94,-448.0,8,28,116
2842.0,1436.44,620.0,8,28,116
2392.0,1368.66,400.0,8,27,117
2232.0,1421.72,532.0,8,28,116
2587.0,1402.44,-688.0,7,28,117
2592.0,1399.07,104.0,6,24,110
2597.0,1434.48,177.0,6,24,110
2412.0,1417.42,1.0,6,27,118
2772.0,1450.87,461.0,6,24,110
2447.0,1458.99,264.0,6,24,111
2328.0,1364.63,51.0,6,28,117
2606.0,1442.27,282.0,6,27,119
2259.0,1422.89,28.0,5,24,111
2582.0,1367.17,402.0,5,24,112
2977.0,1302.83,275.0,5,28,117
2592.0,1414.74,524.0,6,24,111
2552.0,1291.4,155.0,6,24,111
2712.0,1347.65,482.0,5,28,117
2372.0,1304.51,116.0,6,28,117
2461.0,1329.33,457.0,5,24,111
2687.0,1356.17,501.0,4,29,130
2532.0,1404.91,558.0,4,28,116
2187.0,1431.34,435.0,4,28,117
2186.0,1367.63,318.0,4,28,117
2467.0,1483.23,-268.0,4,28,117
2587.0,1418.71,42.0,5,28,117
2151.0,1338.56,-797.0,4,29,130
2557.0,1427.51,337.0,4,28,117
2687.0,1449.56,215.0,4,28,117
2387.0,1422.23,314.0,4,29,118
2911.0,1500.75,552.0,4,29,119
2577.0,1471.48,82.0,4,29,118
2742.0,1485.43,470.0,4,29,118
2553.0,1500.17,390.0,4,29,118
2787.0,1503.71,453.0,4,29,118
3017.0,1425.65,237.0,4,29,118
2647.0,1495.32,512.0,4,29,118
2542.0,1524.33,487.0,4,29,118
2646.0,1480.72,452.0,4,29,118
2716.0,1507.06,-718.0,4,29,118
2577.0,1448.54,521.0,4,29,118
2647.0,1480.03,172.0,4,29,118
2872.0,1504.34,-721.0,4,29,118
2701.0,1469.21,47.0,4,29,118
3033.0,1539.94,534.0,4,29,118
2539.0,1475.38,398.0,4,29,118
2607.0,1412.47,-587.0,4,29,118
2683.0,1459.34,242.0,4,29,118
2597.0,1530.67,592.0,4,29,118
2487.0,1457.44,298.0,4,29,118
2853.0,1566.13,480.0,4,30,119
2632.0,1493.74,-77.0,5,29,118
2637.0,1293.47,32.0,5,29,118
3280.0,1375.24,48.0,5,29,118
2847.0,1367.15,-413.0,6,29,118
2617.0,1330.03,-64.0,6,29,118
2547.0,1352.85,-502.0,6,29,118
2487.0,1337.26,279.0,6,29,118
2507.0,1383.97,311.0,6,29,118
2598.0,1417.09,-249.0,6,29,118
2427.0,1470.32,-440.0,6,29,118
2982.0,1468.67,537.0,6,29,118
2532.0,1531.91,-56.0,6,29,118
2464.0,1521.82,-763.0,6,29,118
2842.0,1453.17,404.0,6,29,118
2725.0,1440.31,321.0,6,29,118
2559.0,1462.24,631.0,6,29,118
2527.0,1504.12,-96.0,6,29,131
2446.0,1349.1,-626.0,6,29,119
2742.0,1457.02,408.0,6,29,119
2662.0,1470.11,504.0,6,29,119
2747.0,1473.81,447.0,6,29,119
2916.0,1498.17,186.0,6,29,119
2412.0,1421.24,-98.0,6,29,119
2423.0,1409.69,93.0,6,36,146
3012.0,1409.87,470.0,6,29,119
2537.0,1390.31,-1188.0,5,29,119
2489.0,1341.35,-53.0,5,29,119
2932.0,1416.6,-68.0,5,29,120
2829.0,1411.08,-451.0,5,29,119
2341.0,1459.59,-415.0,5,29,120
2649.0,1485.06,-324.0,5,29,120
2477.0,1412.12,-158.0,5,29,119
2712.0,1385.66,-600.0,5,29,119
2457.0,1519.78,380.0,5,28,120
2299.0,1456.61,-9.0,5,29,119
2817.0,1499.66,-3.0,5,29,119
2582.0,1456.38,254.0,5,29,119
2462.0,1496.91,471.0,5,29,119
2677.0,1487.74,488.0,5,35,148
2557.0,1542.37,659.0,5,28,120
2523.0,1440.48,-664.0,5,29,119
2782.0,1532.14,381.0,5,29,119
2717.0,1646.13,-48.0,5,29,119
2377.0,1671.52,683.0,5,29,120
2488.0,1542.96,620.0,5,29,120
2354.0,1558.37,292.0,5,29,120
2512.0,1540.82,289.0,5,29,120
2847.0,1527.04,320.0,5,29,120
2836.0,1552.49,390.0,5,29,120
2480.0,1487.97,-728.0,5,35,148
2550.0,1483.26,367.0,5,29,120
2557.0,1513.59,468.0,5,29,120
2447.0,1522.32,464.0,5,29,120
2594.0,1533.97,601.0,5,29,120
2877.0,1558.82,422.0,5,35,149
2677.0,1590.87,572.0,5,29,120
2792.0,1575.32,-183.0,5,29,120
2547.0,1614.01,482.0,5,29,121
2857.0,1615.58,567.0,5,29,121
2509.0,1556.98,622.0,5,29,121
2527.0,1515.7,457.0,5,28,121
2487.0,1590.1,191.0,5,29,121
2601.0,1595.72,488.0,5,35,149
2482.0,1632.91,625.0,6,29,121
2512.0,1440.96,-291.0,6,29,121
2397.0,1567.02,612.0,6,28,121
2574.0,1520.08,516.0,6,29,121
2617.0,1585.18,622.0,6,30,123
2722.0,1545.36,632.0,6,30,123
2517.0,1639.15,603.0,6,30,123
2612.0,1508.14,29.0,5,30,123
2787.0,1548.93,-727.0,5,30,123
2447.0,1513.57,127.0,5,30,123
2582.0,1589.16,371.0,5,30,123
3027.0,1604.79,403.0,5,30,123
2652.0,1591.13,592.0,5,30,123
2734.0,1474.16,393.0,5,30,123
2872.0,1588.77,715.0,5,30,123
2462.0,1615.34,625.0,5,36,150
2922.0,1520.5,-117.0,5,29,122
2842.0,1496.58,405.0,5,30,123
traininig time: 4437.83492017
