best,average,min,species,neurons,links
1482.0,120.74,-1098.0,1,44,315
1627.0,704.98,-1098.0,1,44,315
2257.0,960.97,-693.0,1,44,314
2322.0,1084.35,-208.0,1,44,314
2757.0,1048.16,-558.0,4,45,316
2447.0,1129.33,-632.0,4,45,316
2317.0,1232.39,-508.0,4,45,316
2317.0,1137.14,-648.0,5,45,316
2837.0,1283.07,-758.0,5,45,316
2537.0,1366.59,-653.0,5,45,316
2617.0,1208.09,-585.0,5,45,315
2392.0,1316.8,-333.0,6,45,315
2812.0,1242.08,-841.0,6,45,315
2402.0,1406.46,-641.0,7,45,315
2537.0,1303.63,-558.0,7,45,315
2452.0,1274.31,-618.0,9,46,318
2462.0,1370.36,-986.0,9,45,315
2297.0,1345.76,-749.0,7,45,315
2582.0,1383.71,-553.0,7,45,315
2252.0,1363.75,-788.0,7,45,315
2542.0,1445.26,-848.0,7,45,315
2422.0,1270.27,-758.0,7,45,317
2522.0,1444.78,-684.0,7,46,318
2452.0,1447.97,-933.0,7,46,320
2517.0,1399.02,-418.0,7,45,315
2487.0,1376.48,-558.0,7,45,315
2317.0,1455.95,-578.0,8,46,317
2532.0,1402.98,-778.0,8,47,318
2432.0,1363.59,-738.0,8,46,321
2257.0,1486.26,-627.0,8,45,317
2592.0,1505.09,-609.0,9,45,316
2307.0,1455.47,-819.0,9,45,317
2287.0,1342.18,-448.0,10,47,318
2472.0,1336.13,-588.0,9,45,316
2402.0,1292.8,-679.0,10,45,316
2607.0,1372.46,-703.0,10,47,318
2532.0,1507.6,-511.0,10,47,318
2495.0,1490.13,-823.0,7,45,316
2722.0,1581.85,-558.0,8,45,316
2912.0,1667.63,-598.0,7,46,324
2602.0,1620.36,-403.0,8,47,318
2952.0,1682.36,-58.0,8,47,319
2762.0,1545.23,-368.0,8,47,322
2887.0,1574.27,-503.0,10,45,316
2722.0,1481.15,-1062.0,11,47,319
2737.0,1556.92,-698.0,10,45,316
2817.0,1543.38,-670.0,9,45,316
2892.0,1464.82,-326.0,11,45,316
2567.0,1507.0,-646.0,10,46,325
2627.0,1534.65,-586.0,9,45,316
2762.0,1658.32,-663.0,9,46,325
2817.0,1650.26,-853.0,9,45,316
2977.0,1670.24,-368.0,9,46,325
2842.0,1598.16,-1061.0,10,46,325
2647.0,1602.68,-528.0,10,47,319
2837.0,1641.92,-745.0,10,45,316
2627.0,1702.86,-829.0,10,51,331
2512.0,1576.81,-1005.0,10,45,316
2867.0,1643.74,-721.0,10,45,316
2732.0,1780.85,292.0,10,46,325
2837.0,1713.41,-610.0,10,46,325
2797.0,1525.55,-818.0,10,45,315
2762.0,1565.95,-744.0,10,52,333
2812.0,1663.9,-830.0,10,46,325
2832.0,1529.03,-753.0,10,45,315
2542.0,1656.68,-689.0,10,45,315
2672.0,1571.77,-857.0,9,46,326
2907.0,1697.23,-493.0,10,52,333
3192.0,1481.52,-736.0,9,46,326
2742.0,1609.86,-948.0,9,46,325
2737.0,1550.04,-613.0,9,46,325
2747.0,1667.98,-993.0,9,52,333
2892.0,1598.84,-732.0,10,52,333
2842.0,1572.07,-646.0,10,45,315
2772.0,1459.04,-993.0,10,45,315
2682.0,1509.14,-558.0,10,52,333
2892.0,1705.13,-693.0,10,45,315
2727.0,1724.72,-65.0,10,52,333
2822.0,1660.44,-558.0,9,45,315
2747.0,1534.18,-741.0,9,52,333
2662.0,1617.5,-1098.0,9,52,333
3037.0,1506.77,-558.0,9,45,315
2867.0,1596.93,-533.0,9,52,333
2682.0,1639.08,-363.0,9,45,315
2712.0,1635.97,-434.0,9,45,315
2877.0,1493.51,-458.0,9,45,316
3077.0,1585.28,-663.0,9,52,333
3037.0,1634.32,-918.0,9,52,333
3167.0,1687.43,-898.0,9,45,316
2787.0,1698.91,-722.0,9,47,324
3012.0,1545.34,-758.0,9,52,334
2747.0,1598.41,-827.0,9,45,316
2877.0,1568.36,-608.0,9,45,316
2902.0,1677.54,-258.0,8,52,334
2952.0,1670.15,242.0,7,52,334
2807.0,1694.51,-301.0,7,45,316
2757.0,1681.16,-358.0,7,52,334
2677.0,1706.79,-243.0,7,45,316
2807.0,1831.44,-83.0,7,45,316
2907.0,1820.53,-409.0,6,45,316
2592.0,1755.76,243.0,6,52,335
2902.0,1652.66,-558.0,6,52,335
2757.0,1784.58,-473.0,6,52,335
2843.0,1826.5,-315.0,6,51,350
2807.0,1682.09,-336.0,6,52,335
2752.0,1762.3,-687.0,6,51,350
2632.0,1775.55,-253.0,6,45,317
2767.0,1729.12,-549.0,6,45,318
2877.0,1668.31,-564.0,6,52,335
2897.0,1723.48,-133.0,6,52,336
2677.0,1753.39,-488.0,6,52,336
3027.0,1702.04,-1074.0,6,45,320
3227.0,1772.71,-765.0,6,52,351
2862.0,1719.39,12.0,6,52,337
2977.0,1827.44,-264.0,6,45,320
2902.0,1700.71,-432.0,6,52,337
2822.0,1652.46,-558.0,6,51,350
2827.0,1673.96,-458.0,6,51,350
2837.0,1819.19,-243.0,6,52,337
2772.0,1732.21,-248.0,6,45,320
2897.0,1826.65,-367.0,6,52,337
2902.0,1897.91,357.0,6,52,338
2712.0,1719.05,-498.0,6,51,350
2692.0,1801.4,-752.0,6,45,320
2942.0,1654.22,-298.0,6,52,338
2752.0,1729.69,62.0,6,51,350
2897.0,1760.12,-108.0,6,52,338
2927.0,1707.8,-340.0,6,51,350
2697.0,1750.59,-358.0,6,51,350
2737.0,1800.29,-531.0,6,45,320
2982.0,1740.06,-750.0,6,52,338
2727.0,1857.34,-398.0,6,51,350
2717.0,1797.07,-553.0,7,47,327
2987.0,1739.82,-93.0,6,51,350
2802.0,1681.45,-448.0,6,51,350
2942.0,1700.27,-818.0,6,52,338
3007.0,1849.53,-488.0,6,46,321
3227.0,1759.18,-465.0,6,51,350
3067.0,1608.43,-683.0,5,51,350
2922.0,1746.26,-558.0,5,51,350
2882.0,1717.48,-396.0,5,51,350
2707.0,1784.09,-263.0,5,51,350
2757.0,1804.73,-11.0,5,51,350
2772.0,1782.63,-563.0,5,51,350
2757.0,1801.7,192.0,5,51,350
3042.0,1584.26,-678.0,5,51,350
2847.0,1741.63,-528.0,5,51,350
2702.0,1863.83,-235.0,5,51,350
2762.0,1740.38,-138.0,5,47,323
2950.0,1788.76,-400.0,5,47,323
2727.0,1797.44,-78.0,5,47,323
2617.0,1646.42,-208.0,5,47,330
2957.0,1793.73,-33.0,5,47,331
3072.0,1885.25,-103.0,5,51,350
2907.0,1748.08,-339.0,5,51,350
2987.0,1907.91,43.0,5,53,339
2743.0,1879.47,-583.0,5,51,350
2917.0,1832.3,-791.0,5,53,339
2807.0,1700.27,-728.0,5,47,323
3077.0,1951.59,-158.0,6,53,340
3057.0,1724.39,-498.0,5,47,323
2832.0,2032.98,-515.0,5,47,323
2782.0,1900.24,148.0,5,51,350
2832.0,1758.92,-783.0,5,51,350
3042.0,1900.74,-613.0,5,47,331
2887.0,1769.0,-843.0,4,51,350
2702.0,1909.81,-703.0,4,51,350
2772.0,1785.75,-688.0,3,53,340
3157.0,1893.74,-540.0,3,53,339
2732.0,1911.67,-788.0,3,51,350
2987.0,1922.12,-612.0,3,53,339
2787.0,1781.16,-808.0,3,53,339
3017.0,1900.41,-527.0,3,53,339
2772.0,1871.38,-558.0,4,53,339
2862.0,1798.72,-588.0,4,53,339
3532.0,1812.44,-358.0,4,51,350
3337.0,1867.73,-688.0,4,47,331
2912.0,1685.84,-773.0,4,47,332
2857.0,1870.94,-778.0,4,54,362
2872.0,1749.6,-564.0,4,54,362
2757.0,1850.15,-454.0,4,47,332
2952.0,1765.8,-914.0,4,54,362
2797.0,1800.08,-670.0,4,53,340
2897.0,1715.25,-575.0,4,54,361
2722.0,1850.61,-743.0,4,53,340
2992.0,1950.91,-261.0,4,53,340
2907.0,1830.83,-546.0,4,53,340
3027.0,1775.47,-604.0,4,47,332
2872.0,1676.32,-665.0,4,53,340
2862.0,1836.66,-362.0,4,47,332
3132.0,1969.59,-70.0,4,47,332
3232.0,2000.69,477.0,5,47,332
3027.0,1964.17,-353.0,4,47,332
2937.0,1895.6,-485.0,4,55,363
2947.0,2031.76,-558.0,4,47,332
2922.0,1988.76,-558.0,4,55,363
3232.0,1948.02,-719.0,4,55,363
2957.0,1913.81,-438.0,4,47,333
3502.0,1870.42,-529.0,4,47,333
3477.0,1987.44,512.0,4,47,333
2967.0,1916.09,-613.0,4,55,363
3037.0,1882.9,-758.0,4,47,334
3382.0,1936.01,-839.0,4,47,334
3087.0,1887.47,-238.0,4,51,350
2982.0,1957.74,-682.0,4,55,364
3102.0,1959.71,-712.0,4,47,335
2982.0,1867.0,-458.0,5,48,336
2982.0,1837.13,-535.0,5,55,364
2772.0,1786.46,87.0,5,48,336
3077.0,1751.91,-523.0,6,48,336
2982.0,1718.42,-558.0,6,48,336
3557.0,1860.31,-346.0,6,53,342
3082.0,1877.72,-346.0,6,48,335
3247.0,1799.23,-358.0,6,58,387
2932.0,1731.66,-558.0,6,53,342
2997.0,1931.76,45.0,6,53,342
3507.0,1906.69,-443.0,5,48,336
3142.0,1901.17,-803.0,5,48,336
2987.0,1918.99,217.0,6,48,336
3147.0,1776.51,-689.0,6,48,336
3762.0,1896.01,42.0,6,49,337
3352.0,1989.74,-858.0,6,49,337
3347.0,1970.46,132.0,6,49,337
3192.0,1988.27,302.0,6,49,337
3851.0,1951.35,-744.0,7,49,337
3007.0,1902.34,-148.0,6,53,342
3277.0,1906.79,-533.0,6,56,364
3402.0,1973.95,-983.0,6,49,337
3102.0,2018.71,-558.0,6,58,387
3072.0,1988.31,-133.0,6,49,337
traininig time: 5429.55201697
