best,average,min,species,neurons,links
890.0,48.91,-1322.0,1,18,45
839.0,332.11,-562.0,1,18,45
1138.0,403.31,-722.0,1,18,45
1293.0,521.18,-397.0,1,18,45
1924.0,645.89,-432.0,1,18,45
1743.0,701.28,-346.0,1,18,45
1643.0,771.19,-281.0,1,18,45
1511.0,718.5,-477.0,2,18,45
1638.0,673.09,-292.0,3,19,46
1718.0,766.02,-257.0,5,20,47
1491.0,699.91,-257.0,9,21,48
1504.0,665.52,-1782.0,9,18,45
1329.0,700.4,-746.0,10,22,50
1554.0,830.1,-277.0,9,18,45
2128.0,759.74,-172.0,9,22,50
2092.0,820.48,-533.0,9,22,50
2243.0,890.86,-352.0,9,22,50
2413.0,860.85,-617.0,9,22,50
1636.0,878.32,-82.0,9,18,45
1732.0,748.74,-172.0,10,20,47
2836.0,842.41,-138.0,10,21,52
2354.0,787.75,-746.0,10,22,50
1713.0,741.97,-902.0,10,23,52
1630.0,808.6,-134.0,9,22,50
2268.0,841.85,-136.0,9,20,46
1980.0,850.25,-352.0,9,23,52
1778.0,843.06,-291.0,8,22,50
1741.0,725.12,-488.0,8,20,46
1804.0,837.42,-52.0,8,22,50
1898.0,886.99,-87.0,8,22,50
2209.0,871.44,-432.0,8,22,50
2093.0,842.36,-451.0,8,22,50
2168.0,893.79,-252.0,8,22,50
2299.0,931.42,-52.0,8,22,50
2298.0,916.57,-257.0,8,22,50
1853.0,915.31,78.0,8,20,45
2590.0,989.2,33.0,8,22,50
2148.0,896.75,-212.0,8,22,50
2435.0,875.97,-52.0,8,22,51
2889.0,851.85,-191.0,9,22,51
2654.0,910.66,33.0,9,22,51
2107.0,911.37,-293.0,9,22,51
2444.0,914.09,-314.0,9,22,51
2023.0,881.03,-482.0,9,20,51
1798.0,861.8,-307.0,9,24,53
2239.0,863.38,-108.0,9,22,51
2115.0,903.89,-167.0,9,21,46
2296.0,883.63,-91.0,9,24,53
2728.0,915.87,-52.0,9,22,51
2272.0,928.23,-599.0,9,24,54
2507.0,906.46,-52.0,9,24,54
2250.0,898.16,-227.0,9,22,51
2089.0,810.08,-527.0,9,25,55
2078.0,866.88,-237.0,9,22,53
2026.0,864.59,-477.0,9,25,55
2736.0,918.48,178.0,10,25,55
2111.0,914.11,-482.0,10,28,72
2227.0,883.01,-17.0,10,25,55
2197.0,874.44,-217.0,10,28,72
3399.0,1052.4,-247.0,10,28,72
2516.0,998.95,-52.0,9,22,52
2006.0,953.94,183.0,9,28,72
2199.0,1000.09,-2.0,9,22,52
2165.0,965.56,-52.0,9,28,72
2246.0,925.25,-302.0,9,25,54
2101.0,1039.38,-107.0,9,22,52
2302.0,1050.0,123.0,9,28,72
2240.0,1000.65,-52.0,9,22,52
2239.0,988.84,-52.0,9,25,54
2268.0,1021.07,-902.0,9,25,54
2904.0,1157.12,-51.0,9,22,53
2360.0,1161.32,-42.0,8,28,71
2068.0,1025.04,-130.0,8,21,53
2539.0,1082.47,102.0,8,22,53
2453.0,1020.34,33.0,8,28,71
2959.0,990.89,-197.0,8,28,71
3456.0,1051.06,-52.0,8,28,71
2069.0,996.18,-287.0,8,22,53
2072.0,1065.43,-52.0,7,22,53
2519.0,1131.62,-52.0,7,22,53
2017.0,1110.75,288.0,7,29,73
2829.0,1129.97,-52.0,7,25,53
2525.0,1122.73,298.0,7,29,73
2837.0,1157.3,-427.0,7,22,53
3309.0,1165.3,228.0,7,22,52
3082.0,1230.33,417.0,7,22,52
2361.0,1172.2,-112.0,7,25,53
2583.0,1118.51,-459.0,7,22,52
2694.0,1106.66,-399.0,7,25,53
2617.0,1137.94,48.0,7,22,52
2799.0,1136.15,205.0,7,22,52
2719.0,1151.21,-52.0,7,29,73
2828.0,1235.44,-52.0,7,22,53
2431.0,1139.19,-247.0,7,22,53
2907.0,1258.18,153.0,7,22,53
2489.0,1174.66,21.0,7,25,53
2749.0,1195.39,-419.0,7,22,54
2491.0,1147.5,165.0,7,29,73
2305.0,1213.35,323.0,7,22,54
3029.0,1134.89,83.0,7,30,74
2234.0,1118.11,-197.0,7,30,74
2633.0,1124.3,-72.0,7,22,54
2433.0,1149.16,129.0,7,22,54
3108.0,1219.92,-522.0,7,22,54
3006.0,1259.22,-222.0,7,30,74
2604.0,1210.09,333.0,7,30,74
3057.0,1341.98,59.0,7,22,55
2433.0,1274.04,149.0,7,22,55
2995.0,1278.01,-177.0,7,30,74
2519.0,1255.05,123.0,7,30,74
3209.0,1323.04,13.0,7,22,55
3073.0,1341.39,242.0,7,30,74
3261.0,1265.94,-352.0,7,22,55
3082.0,1265.56,22.0,7,30,74
2622.0,1248.08,-257.0,7,30,74
2785.0,1230.5,63.0,7,22,55
3389.0,1228.44,123.0,7,22,55
2236.0,1255.87,88.0,7,22,55
2159.0,1216.18,-132.0,7,30,74
2535.0,1213.94,-271.0,7,30,74
2898.0,1223.74,258.0,7,22,55
2434.0,1190.93,298.0,7,22,55
2589.0,1343.88,-312.0,5,30,75
3017.0,1132.81,-135.0,5,30,75
2728.0,1285.02,-127.0,5,22,56
2473.0,1273.0,-149.0,5,22,56
2759.0,1294.7,-212.0,5,22,56
2588.0,1284.18,-247.0,5,22,56
2516.0,1374.41,123.0,5,22,56
3059.0,1280.9,-127.0,5,22,56
2669.0,1340.24,-52.0,5,30,75
3173.0,1312.77,-142.0,5,22,56
2755.0,1306.62,-727.0,5,22,56
2774.0,1352.88,-22.0,4,30,75
4147.0,1369.41,53.0,4,22,56
2833.0,1294.27,53.0,4,22,56
2777.0,1339.41,158.0,4,30,75
2904.0,1298.52,-167.0,4,30,75
2514.0,1354.03,-2.0,4,30,75
2440.0,1313.17,88.0,4,30,75
3489.0,1372.84,-25.0,4,22,57
2752.0,1330.56,-850.0,4,30,75
2838.0,1254.65,-427.0,4,22,57
2448.0,1316.47,123.0,4,30,75
2478.0,1283.33,138.0,4,30,75
2548.0,1265.98,183.0,4,22,57
3280.0,1340.67,298.0,4,22,57
2543.0,1287.08,123.0,4,30,75
2376.0,1211.91,-332.0,4,24,56
2948.0,1225.31,-852.0,4,30,75
3287.0,1334.0,238.0,4,22,56
2870.0,1327.23,24.0,4,30,75
2570.0,1270.86,78.0,4,22,57
2959.0,1254.78,73.0,4,30,75
2839.0,1284.58,158.0,4,30,75
3273.0,1352.78,-177.0,4,30,75
2935.0,1335.12,168.0,4,22,58
2940.0,1300.98,-17.0,4,22,58
2965.0,1343.08,-17.0,4,22,58
2698.0,1281.47,119.0,4,22,58
2714.0,1267.94,-139.0,4,22,58
2699.0,1302.39,-332.0,4,30,75
2877.0,1262.02,-72.0,4,22,57
2892.0,1263.91,105.0,4,30,75
3279.0,1296.43,-52.0,3,30,75
3251.0,1496.56,343.0,3,22,58
3408.0,1423.51,-37.0,3,30,75
3299.0,1452.45,301.0,3,30,75
3224.0,1444.77,298.0,3,22,59
2757.0,1375.36,368.0,3,30,76
2920.0,1354.8,228.0,3,30,76
3013.0,1450.77,358.0,3,22,59
3219.0,1532.59,343.0,3,22,59
3625.0,1390.55,239.0,3,30,77
2714.0,1459.5,648.0,3,22,59
2793.0,1535.02,240.0,3,30,77
2942.0,1450.2,542.0,3,22,59
3086.0,1514.66,438.0,3,30,77
2609.0,1339.86,464.0,3,30,77
2850.0,1439.61,143.0,3,30,77
2463.0,1300.87,123.0,3,22,59
2943.0,1338.62,-72.0,3,23,61
3454.0,1519.84,343.0,3,23,61
4084.0,1471.86,-97.0,3,23,61
3393.0,1485.2,-52.0,3,23,61
3341.0,1683.37,263.0,3,30,77
3033.0,1486.48,333.0,3,26,60
2954.0,1534.71,198.0,3,30,78
3227.0,1453.29,123.0,3,30,78
3394.0,1582.48,263.0,3,30,78
3694.0,1442.14,-322.0,3,30,79
3009.0,1413.02,298.0,3,23,62
3159.0,1518.23,123.0,3,30,77
2999.0,1508.78,33.0,3,30,78
3159.0,1512.43,193.0,3,23,62
3119.0,1480.82,203.0,3,30,77
3083.0,1675.87,518.0,3,23,62
3195.0,1582.84,-52.0,3,30,77
3180.0,1576.98,398.0,3,30,77
3079.0,1469.43,-222.0,3,30,77
2957.0,1570.16,438.0,3,30,77
3349.0,1530.78,168.0,3,31,78
3544.0,1549.65,-167.0,3,23,61
3780.0,1628.8,-172.0,3,23,61
3449.0,1645.04,288.0,3,30,77
3280.0,1572.83,278.0,3,30,77
3074.0,1515.3,473.0,3,23,61
2924.0,1467.78,228.0,3,26,62
3244.0,1588.57,-52.0,3,23,61
2847.0,1446.47,333.0,4,23,61
3085.0,1354.27,298.0,4,23,62
3422.0,1476.75,88.0,4,30,77
3370.0,1489.96,298.0,4,30,77
2995.0,1394.51,-191.0,4,30,77
2598.0,1422.75,-52.0,4,23,62
3019.0,1630.58,-57.0,4,23,62
3684.0,1602.95,433.0,4,23,62
2925.0,1466.15,-306.0,4,30,77
3125.0,1547.67,1.13686837722e-12,4,23,62
3241.0,1593.51,-330.0,4,30,77
3242.0,1557.25,397.0,4,30,77
3350.0,1580.63,-72.0,4,30,77
3149.0,1607.36,485.0,4,30,77
3946.0,1574.21,648.0,4,30,77
2894.0,1700.89,383.0,4,23,62
3668.0,1629.97,228.0,4,23,62
3121.0,1632.29,138.0,4,23,62
3459.0,1677.49,298.0,4,30,77
3095.0,1630.49,223.0,4,30,77
3111.0,1578.46,5.00000000001,4,23,62
3023.0,1674.89,468.0,4,23,62
2799.0,1603.27,403.0,4,30,77
2881.0,1596.72,88.0,4,23,62
3475.0,1687.24,328.0,4,23,62
3646.0,1580.46,83.0,4,33,96
2768.0,1619.81,-234.0,4,33,96
3294.0,1659.96,348.0,4,30,77
3759.0,1770.97,237.0,4,23,62
3634.0,1812.71,303.0,3,23,62
3676.0,1774.73,338.0,3,23,62
3314.0,1790.33,-8.99999999999,3,33,96
3400.0,1705.08,168.0,3,23,62
3369.0,1747.15,-192.0,3,33,96
3001.0,1628.98,-149.0,3,30,77
3354.0,1634.3,98.0,3,33,96
3860.0,1807.67,380.0,3,23,63
3408.0,1596.42,19.0,3,23,63
3485.0,1791.28,343.0,3,23,63
3968.0,1704.34,108.0,3,23,63
3386.0,1790.37,123.0,3,31,77
3669.0,1668.85,-15.0,3,23,63
3723.0,1746.9,-277.0,3,23,63
3091.0,1733.57,572.0,3,33,97
3216.0,1719.86,193.0,3,33,97
3023.0,1694.48,487.0,3,33,98
3085.0,1660.91,368.0,3,33,97
3110.0,1648.72,-902.0,3,33,98
2804.0,1705.52,458.0,3,23,63
3805.0,1704.38,144.0,3,33,97
2872.0,1765.29,-17.0,3,23,63
3340.0,1656.34,513.0,3,33,97
2938.0,1770.01,79.0,3,33,97
3249.0,1693.65,-107.0,3,33,97
3079.0,1739.17,468.0,3,31,77
3259.0,1741.84,298.0,3,33,97
3518.0,1798.02,228.0,3,33,97
3592.0,1827.71,343.0,3,33,97
3104.0,1766.46,273.0,3,33,97
3600.0,1818.13,471.0,3,31,77
3384.0,1806.99,542.0,3,23,63
3770.0,1774.53,326.0,3,31,77
3523.0,1766.58,218.0,3,33,97
2934.0,1669.97,78.0,3,23,63
3474.0,1733.39,-260.0,3,23,64
3235.0,1745.22,-17.0,3,31,78
3224.0,1810.42,63.0,2,33,97
3239.0,1546.68,123.0,2,33,97
3635.0,1715.2,210.0,2,33,97
2992.0,1473.04,163.0,2,33,97
2992.0,1546.91,-387.0,2,33,97
3444.0,1679.87,-513.0,2,33,97
3541.0,1610.07,-488.0,2,33,97
3619.0,1664.39,170.0,2,33,98
2913.0,1692.47,228.0,2,33,97
3354.0,1713.4,401.0,2,33,97
3583.0,1642.99,-725.0,2,33,97
3224.0,1809.32,368.0,2,23,64
2958.0,1612.74,13.0,2,33,97
3228.0,1430.87,-199.0,2,33,97
3949.0,1604.06,167.0,2,33,97
3374.0,1670.54,-17.0,2,33,97
3545.0,1687.01,343.0,2,33,97
3605.0,1659.78,228.0,2,33,97
3410.0,1640.36,168.0,2,24,65
3684.0,1609.87,234.0,2,24,65
3863.0,1680.01,123.0,2,33,98
3310.0,1695.17,58.0,2,33,98
3033.0,1584.2,153.0,2,33,98
3560.0,1700.11,-52.0,2,33,98
3875.0,1767.8,298.0,2,33,98
3660.0,1655.34,123.0,2,33,98
3771.0,1660.67,-61.0,2,33,98
2935.0,1629.02,-52.0,2,33,98
2978.0,1647.43,188.0,2,24,65
3137.0,1587.1,123.0,2,33,98
3364.0,1546.71,-337.0,2,33,98
2914.0,1589.65,-52.0,2,24,65
3165.0,1578.05,-17.0,2,33,98
3359.0,1560.56,105.0,2,33,98
3214.0,1590.41,-52.0,2,33,98
3120.0,1679.49,158.0,2,33,98
3164.0,1746.26,123.0,2,33,98
3170.0,1654.54,-192.0,2,33,98
3200.0,1631.83,-62.0,2,33,98
3480.0,1687.52,442.0,2,33,98
3585.0,1832.72,123.0,2,33,98
3295.0,1627.61,-332.0,2,33,98
3505.0,1652.11,147.0,2,24,65
3469.0,1666.14,123.0,2,33,98
3080.0,1705.25,193.0,2,33,97
2882.0,1579.4,102.0,2,24,65
3362.0,1658.8,-289.0,2,33,97
3276.0,1633.85,123.0,2,24,66
3243.0,1666.46,18.0,2,24,66
3393.0,1744.56,-52.0,2,24,65
3404.0,1634.9,-819.0,2,33,97
3597.0,1705.57,-52.0,2,33,97
2909.0,1628.73,171.0,2,33,97
3549.0,1695.74,193.0,2,33,97
3885.0,1664.85,158.0,2,33,97
3313.0,1827.72,336.0,2,24,65
3708.0,1802.96,-127.0,2,33,97
3599.0,1811.68,577.0,2,24,64
3450.0,1915.39,246.0,2,33,97
3343.0,1716.39,453.0,2,33,97
3460.0,1915.7,128.0,2,33,97
3545.0,1893.14,123.0,2,33,97
3714.0,1856.88,271.0,2,24,65
4170.0,1863.31,273.0,2,24,66
3424.0,1804.64,80.0,2,33,98
3614.0,1784.22,238.0,2,33,98
3938.0,1825.24,333.0,1,24,66
3231.0,1752.38,-12.0,1,24,66
3169.0,1803.73,-22.0,1,24,67
3293.0,1638.97,-135.0,1,24,66
3267.0,1677.62,-52.0,1,24,66
3129.0,1729.93,123.0,1,24,66
3484.0,1618.87,298.0,1,24,67
3422.0,1762.82,-82.0,1,24,67
3133.0,1792.01,263.0,1,24,66
3406.0,1694.18,-72.0,1,24,67
3744.0,1767.71,573.0,1,24,66
3616.0,1823.75,425.0,1,24,67
3664.0,1810.24,190.0,1,24,66
3807.0,1781.24,71.0,1,25,67
3362.0,1734.24,123.0,1,25,67
3494.0,1726.35,122.0,1,24,66
3472.0,1801.69,333.0,1,25,67
3304.0,1716.65,48.0,1,25,67
3378.0,1734.43,-557.0,1,25,67
3534.0,1799.0,-52.0,1,25,67
3082.0,1864.97,-52.0,1,25,67
3997.0,1848.23,123.0,1,24,66
3485.0,1797.29,-39.0,1,24,66
3850.0,1606.2,-219.0,1,24,66
3912.0,1805.12,-289.0,1,24,66
3656.0,1860.6,63.0,1,24,66
3822.0,1759.22,-257.0,1,24,66
3554.0,1698.25,-165.0,1,24,66
3865.0,1930.16,162.0,1,24,66
3242.0,1762.27,473.0,1,25,67
3726.0,1842.49,-26.0,1,24,67
3325.0,1780.65,298.0,1,25,67
4355.0,1897.01,-61.0,1,24,68
3493.0,1750.45,168.0,2,25,67
3532.0,1564.48,-277.0,1,25,69
3265.0,1585.16,51.0,2,24,68
3355.0,1638.5,368.0,2,24,68
3709.0,1692.33,193.0,1,24,68
3465.0,1739.85,30.0,3,24,68
3915.0,1760.1,476.0,4,27,71
2844.0,1607.02,-52.0,3,28,72
3834.0,1729.52,219.0,3,27,72
3679.0,1667.85,368.0,3,27,72
3546.0,1701.84,-83.0,3,28,72
3170.0,1704.67,301.0,3,28,72
3472.0,1648.87,335.0,3,27,72
3481.0,1671.07,403.0,3,28,72
3703.0,1685.35,-257.0,3,27,72
3049.0,1571.35,-137.0,3,24,70
3497.0,1795.27,208.0,3,28,72
3585.0,1793.59,-1067.0,3,27,72
3286.0,1750.57,327.0,3,28,72
3756.0,1749.67,67.0,4,27,72
3681.0,1723.05,-904.0,4,27,72
3368.0,1817.57,113.0,4,30,80
3389.0,1737.18,-432.0,4,27,72
3526.0,1663.67,171.0,4,31,81
3609.0,1663.86,33.0,4,27,72
3930.0,1769.59,53.0,5,24,70
3869.0,1826.63,643.0,5,24,70
3384.0,1706.4,365.0,5,27,72
3950.0,1726.7,123.0,5,28,73
3661.0,1817.25,368.0,5,28,73
3523.0,1721.09,29.0,5,28,73
3559.0,1766.53,88.0,5,31,81
3637.0,1775.14,-377.0,5,27,72
3509.0,1728.58,493.0,5,28,73
3720.0,1744.27,-184.0,5,33,84
3622.0,1840.92,473.0,5,33,84
3788.0,1734.46,282.0,5,28,73
2994.0,1712.48,538.0,5,27,72
3132.0,1618.6,-469.0,5,28,73
3256.0,1565.29,-277.0,5,28,73
3008.0,1573.79,-117.0,5,27,72
3761.0,1680.08,-652.0,5,28,73
3939.0,1753.33,298.0,5,33,84
4194.0,1741.97,494.0,5,28,73
3584.0,1742.19,278.0,5,31,82
3937.0,1714.46,348.0,5,33,84
3280.0,1684.73,271.0,5,31,82
3602.0,1770.07,343.0,5,25,72
3646.0,1697.0,-78.0,5,27,72
3673.0,1651.43,226.0,5,27,72
4026.0,1611.76,-612.0,5,31,82
3384.0,1809.21,293.0,5,25,72
3680.0,1810.82,-349.0,5,28,73
3258.0,1819.47,258.0,5,28,73
3284.0,1768.43,-170.0,5,28,73
3474.0,1832.74,-662.0,5,28,74
3431.0,1634.34,-52.0,5,31,82
3337.0,1707.49,-47.0,5,28,73
3613.0,1669.13,-52.0,5,28,73
3278.0,1698.47,-764.0,5,33,84
3887.0,1699.64,370.0,5,31,82
3974.0,1718.97,87.0,5,31,82
3412.0,1649.72,18.0,5,28,73
3072.0,1664.9,-417.0,5,28,73
3798.0,1650.21,88.0,5,28,74
3716.0,1639.34,211.0,6,28,73
3791.0,1686.52,438.0,6,28,74
3625.0,1695.45,43.0,6,28,73
3502.0,1690.29,-504.0,6,28,74
4094.0,1748.66,48.0,6,28,75
3094.0,1574.44,-493.0,7,29,81
3004.0,1556.75,-457.0,7,29,81
3056.0,1605.29,-352.0,7,31,83
4770.0,1574.2,-595.0,7,31,83
3341.0,1650.5,304.0,6,28,75
3678.0,1658.37,158.0,6,28,75
3277.0,1720.16,228.0,6,31,83
3374.0,1774.2,153.0,6,29,82
3873.0,1708.18,-182.0,6,34,85
4350.0,1831.87,-1057.0,6,34,85
3619.0,1732.67,-477.0,6,34,85
3236.0,1717.75,473.0,6,25,73
3394.0,1664.84,-1102.0,6,29,82
5083.0,1835.81,228.0,6,29,82
3672.0,1687.9,331.0,6,29,82
3307.0,1678.42,368.0,6,29,82
3170.0,1697.69,313.0,6,26,74
3719.0,1699.34,313.0,6,28,75
3252.0,1708.32,-1499.0,6,31,83
4049.0,1598.61,208.0,6,26,74
3264.0,1690.5,140.0,6,26,74
3206.0,1574.78,-52.0,6,34,87
3762.0,1614.64,-352.0,6,28,75
3223.0,1469.57,83.0,6,28,75
4777.0,1579.53,-37.0,6,34,87
3713.0,1726.02,-452.0,5,29,83
3095.0,1668.24,718.0,5,29,83
3322.0,1747.49,588.0,5,28,76
3097.0,1652.02,-162.0,5,29,83
2860.0,1596.48,298.0,5,29,83
2994.0,1556.56,-13.0,5,28,76
3436.0,1597.22,123.0,5,34,87
3791.0,1585.78,91.0,5,31,83
2961.0,1605.84,88.0,6,29,83
3462.0,1507.73,218.0,6,29,83
3124.0,1445.46,93.0,6,27,76
3107.0,1598.64,88.0,6,30,84
4546.0,1687.57,279.0,6,30,84
3504.0,1585.84,298.0,6,31,91
3430.0,1561.25,-317.0,6,27,76
3749.0,1632.48,228.0,6,27,76
3374.0,1590.47,658.0,6,30,85
3855.0,1568.82,180.0,6,30,85
2813.0,1636.42,583.0,6,30,85
3413.0,1496.68,-394.0,6,31,92
3044.0,1614.53,-96.0,6,27,76
2754.0,1561.88,-343.0,6,30,85
3429.0,1629.1,-52.0,6,30,85
2878.0,1526.54,162.0,6,30,85
3831.0,1589.82,-302.0,6,31,92
3419.0,1550.82,-227.0,6,30,85
3423.0,1468.39,158.0,5,30,85
3415.0,1627.86,403.0,5,31,93
3275.0,1632.58,333.0,5,30,84
3569.0,1632.51,-92.0,6,31,82
3823.0,1634.74,123.0,6,34,95
