best,average,min,species,neurons,links
490.0,70.55,-160.0,1,22,57
545.0,94.2,-170.0,1,22,57
860.0,159.15,-125.0,1,22,57
545.0,135.15,-190.0,1,22,57
885.0,164.3,-180.0,1,22,57
605.0,172.45,-210.0,1,22,57
740.0,153.55,-145.0,1,22,57
755.0,188.1,-105.0,3,22,57
875.0,205.6,-95.0,8,24,59
775.0,173.45,-120.0,12,23,57
800.0,196.5,-140.0,10,24,60
655.0,200.9,-125.0,11,24,59
850.0,250.7,-135.0,10,24,60
1050.0,232.05,-125.0,11,23,57
1100.0,260.15,-80.0,7,23,57
850.0,291.9,-110.0,6,23,57
1075.0,307.85,-120.0,5,24,60
1175.0,352.1,-115.0,5,25,65
1425.0,491.8,-125.0,5,24,60
1500.0,633.15,-105.0,5,24,60
1650.0,645.85,0.0,5,24,60
1500.0,645.45,-95.0,5,24,60
1625.0,745.8,0.0,6,26,65
1550.0,750.4,0.0,6,24,60
1575.0,658.65,0.0,5,24,60
1550.0,789.8,-15.0,5,26,65
1625.0,810.4,0.0,6,26,65
1600.0,812.95,0.0,5,24,61
1850.0,822.95,-75.0,5,23,57
1800.0,874.35,-10.0,5,23,57
1700.0,872.15,-50.0,5,25,64
1550.0,859.0,0.0,5,26,65
1650.0,837.7,0.0,6,25,63
1975.0,884.9,-120.0,6,23,57
1925.0,976.8,-45.0,6,26,65
1925.0,969.25,0.0,5,23,57
1725.0,988.75,0.0,5,23,57
1975.0,1047.0,0.0,5,26,65
1825.0,1007.0,0.0,6,25,61
1875.0,1032.0,0.0,6,26,66
1900.0,1044.25,0.0,6,23,57
2225.0,1009.25,0.0,6,26,65
2025.0,1011.0,0.0,7,26,66
1950.0,1040.0,0.0,6,26,66
2125.0,1054.25,0.0,6,26,65
2275.0,1220.0,0.0,6,26,65
1975.0,1077.25,0.0,7,26,65
2000.0,1076.0,0.0,8,28,74
1975.0,1175.75,0.0,8,28,75
2150.0,1164.0,0.0,7,26,65
2075.0,1107.75,0.0,7,28,75
2025.0,1166.5,0.0,7,28,75
2000.0,1195.0,125.0,7,27,67
2175.0,1168.25,0.0,8,27,67
2425.0,1122.75,0.0,8,27,67
1900.0,1184.75,0.0,8,26,66
2075.0,1154.75,75.0,9,27,67
2475.0,1144.5,0.0,9,27,67
2200.0,1098.75,0.0,9,27,71
2025.0,1091.25,0.0,10,27,67
2125.0,1114.5,0.0,10,29,70
2250.0,1073.5,0.0,10,27,67
2000.0,1175.4,0.0,10,27,67
2100.0,1222.75,0.0,10,29,69
2175.0,1129.25,50.0,10,27,67
2075.0,1198.25,0.0,11,34,89
2175.0,1148.75,75.0,12,29,69
2300.0,1108.75,150.0,12,29,69
1975.0,1165.5,150.0,12,27,71
2075.0,1165.75,0.0,12,29,69
2100.0,1146.25,0.0,12,29,69
2075.0,1128.75,100.0,12,29,69
2225.0,1097.25,0.0,11,29,69
2275.0,1196.5,125.0,11,29,69
2225.0,1184.0,50.0,10,34,89
2000.0,1145.0,0.0,11,29,69
2100.0,1194.25,0.0,9,29,69
2200.0,1234.25,0.0,9,29,69
2300.0,1150.75,0.0,9,29,69
2050.0,1096.0,0.0,9,31,80
2275.0,1222.5,0.0,9,29,69
1950.0,1189.5,0.0,9,29,69
2450.0,1106.75,0.0,9,29,69
2175.0,1214.25,75.0,8,29,70
2125.0,1168.0,0.0,8,29,70
2175.0,1284.25,0.0,7,34,89
2575.0,1298.4,190.0,7,34,89
2425.0,1375.25,150.0,7,34,89
2275.0,1460.5,100.0,7,34,89
2150.0,1320.5,0.0,8,34,89
2100.0,1355.0,0.0,7,34,89
2200.0,1232.0,0.0,8,29,70
2275.0,1321.25,225.0,8,29,70
2175.0,1259.0,125.0,7,34,89
2400.0,1281.0,125.0,7,29,70
2275.0,1280.0,75.0,7,29,70
2050.0,1259.5,50.0,7,40,106
2150.0,1354.25,125.0,7,29,71
2400.0,1270.0,0.0,7,29,71
2250.0,1209.5,0.0,7,32,86
2125.0,1248.5,100.0,7,29,71
2425.0,1298.5,400.0,7,33,87
2175.0,1245.75,75.0,7,29,71
2375.0,1319.0,75.0,7,33,87
2200.0,1356.25,325.0,7,29,71
2050.0,1315.25,0.0,8,33,87
2125.0,1354.25,0.0,8,38,101
2375.0,1400.75,50.0,8,28,77
2225.0,1363.25,0.0,8,34,88
2075.0,1414.25,100.0,8,34,88
2300.0,1374.25,300.0,8,34,88
2200.0,1486.25,100.0,8,34,88
2075.0,1395.25,150.0,8,38,102
2125.0,1351.75,75.0,8,33,87
2325.0,1349.75,125.0,8,28,77
2275.0,1358.5,250.0,8,34,88
2100.0,1408.75,150.0,8,28,77
2150.0,1415.5,125.0,8,38,102
2125.0,1432.75,550.0,8,33,89
2350.0,1436.25,200.0,8,40,113
2325.0,1459.0,250.0,8,34,88
2125.0,1415.75,0.0,8,29,71
2125.0,1368.25,275.0,8,42,109
2050.0,1367.0,725.0,8,33,92
2300.0,1413.75,150.0,8,40,113
2150.0,1367.0,0.0,8,40,113
2275.0,1353.5,400.0,8,33,89
2275.0,1411.5,575.0,8,34,87
2475.0,1445.0,0.0,8,34,87
2250.0,1330.75,0.0,8,34,92
2550.0,1380.5,0.0,8,28,77
2275.0,1377.25,0.0,8,34,92
2375.0,1390.75,100.0,8,34,87
2325.0,1379.75,350.0,8,33,88
2175.0,1385.25,0.0,8,34,92
2300.0,1453.5,500.0,8,28,77
2125.0,1403.25,0.0,8,34,92
2250.0,1268.25,150.0,9,28,77
2250.0,1320.5,0.0,9,29,72
2225.0,1326.05,0.0,8,34,91
2000.0,1396.75,350.0,8,34,87
2300.0,1358.75,0.0,8,34,91
2000.0,1345.0,0.0,8,35,94
2050.0,1315.25,0.0,8,34,88
2250.0,1408.25,50.0,8,43,110
2275.0,1367.25,0.0,8,34,89
2275.0,1289.75,0.0,8,39,107
2375.0,1428.25,400.0,8,34,91
2375.0,1398.75,300.0,8,40,115
2350.0,1357.75,150.0,8,40,115
2100.0,1289.75,0.0,8,34,88
2250.0,1509.0,400.0,8,39,107
2200.0,1342.25,50.0,8,34,90
2500.0,1358.75,0.0,7,39,107
2275.0,1421.75,75.0,7,40,115
2375.0,1418.5,375.0,7,43,112
2350.0,1329.0,450.0,7,34,92
2100.0,1355.75,525.0,7,34,92
2525.0,1444.25,225.0,7,34,92
2350.0,1397.25,300.0,7,40,115
2550.0,1467.25,350.0,7,34,92
2300.0,1357.75,200.0,7,43,113
2450.0,1388.0,75.0,7,28,76
2225.0,1319.0,275.0,7,34,92
2275.0,1496.5,75.0,7,28,75
2225.0,1353.25,0.0,7,34,88
2400.0,1386.75,0.0,7,39,108
2150.0,1398.25,0.0,7,42,118
2300.0,1468.75,75.0,7,34,93
2025.0,1347.75,0.0,7,34,87
2150.0,1417.25,225.0,7,39,108
2025.0,1308.25,0.0,8,28,77
2125.0,1315.25,0.0,7,45,123
2400.0,1368.0,550.0,8,42,119
2075.0,1368.25,0.0,7,39,108
2125.0,1401.25,125.0,7,45,123
2175.0,1397.5,100.0,6,34,93
2350.0,1427.75,150.0,6,34,93
2375.0,1462.5,550.0,6,34,88
2400.0,1475.25,175.0,6,28,77
2300.0,1476.75,125.0,6,28,77
2125.0,1401.75,600.0,6,39,108
2475.0,1427.75,75.0,5,35,89
2350.0,1453.25,125.0,5,42,120
2250.0,1441.5,0.0,5,34,94
2350.0,1513.25,0.0,5,35,89
2450.0,1423.5,100.0,5,34,94
2250.0,1478.5,0.0,5,35,89
2450.0,1538.5,250.0,5,38,105
2200.0,1513.75,150.0,6,39,109
2300.0,1585.75,0.0,5,39,106
2550.0,1564.75,0.0,5,35,89
2400.0,1658.0,0.0,5,39,106
2150.0,1438.25,0.0,5,39,106
2400.0,1490.0,50.0,5,39,109
2175.0,1381.0,0.0,5,39,106
2325.0,1447.5,0.0,5,39,105
2275.0,1485.5,0.0,6,39,106
2250.0,1505.0,0.0,5,45,128
2425.0,1549.75,75.0,5,46,129
2525.0,1597.0,0.0,5,39,109
2375.0,1481.25,50.0,6,42,120
2750.0,1517.25,0.0,6,46,129
2500.0,1499.75,0.0,7,35,89
2350.0,1465.75,0.0,6,39,109
2475.0,1538.75,0.0,6,46,134
2325.0,1485.25,0.0,6,50,151
2300.0,1469.75,0.0,6,46,129
2300.0,1511.25,0.0,6,46,134
2350.0,1497.75,300.0,6,50,151
2225.0,1435.25,0.0,6,46,134
2400.0,1554.0,500.0,6,46,129
2400.0,1463.75,0.0,6,42,121
2350.0,1424.0,0.0,6,46,129
2500.0,1519.25,0.0,6,42,121
2250.0,1497.25,75.0,6,39,106
2275.0,1341.25,0.0,6,39,106
2175.0,1455.25,50.0,6,42,121
2300.0,1477.0,0.0,6,42,121
2425.0,1490.75,50.0,6,50,152
2300.0,1522.5,0.0,7,50,152
