best,average,min,species,neurons,links
1842.0,268.32,-800.0,1,28,171
1837.0,699.65,-758.0,1,28,171
1922.0,842.46,-553.0,1,28,171
2127.0,1023.22,-1050.0,1,28,171
2552.0,1096.46,-958.0,1,28,171
2177.0,1248.66,-843.0,1,28,171
2092.0,1322.25,-483.0,1,29,172
2082.0,1412.1,-675.0,6,28,171
2155.0,1234.41,-1158.0,9,29,172
2307.0,1204.26,-779.0,8,28,171
2312.0,1324.97,-815.0,8,28,171
2437.0,1306.41,-598.0,7,28,171
2437.0,1568.96,-637.0,8,28,171
2342.0,1343.42,-1013.0,7,29,173
2467.0,1523.61,-554.0,8,29,171
2407.0,1584.0,-574.0,7,29,173
2752.0,1523.51,-573.0,7,29,171
2522.0,1518.77,-553.0,9,29,171
2427.0,1631.24,-577.0,10,30,172
2532.0,1565.92,-712.0,11,30,172
2322.0,1478.09,-613.0,10,30,176
2652.0,1615.51,-397.0,10,30,172
2357.0,1452.29,-489.0,10,30,171
2602.0,1569.99,42.0,10,30,173
2492.0,1500.41,-558.0,9,33,182
2529.0,1519.37,-479.0,9,28,171
2517.0,1595.95,-339.0,9,30,170
2552.0,1617.75,432.0,9,30,170
2517.0,1599.94,-773.0,7,30,170
2497.0,1510.77,-827.0,7,30,174
2392.0,1495.94,-368.0,8,30,174
2367.0,1651.52,-173.0,8,30,175
2302.0,1429.46,-505.0,8,30,170
2492.0,1495.63,-408.0,9,30,175
2357.0,1461.43,-658.0,9,33,181
2447.0,1495.34,-938.0,9,30,175
2447.0,1577.36,-526.0,9,30,175
2532.0,1641.43,207.0,10,29,174
2807.0,1651.96,-577.0,10,30,175
2422.0,1595.52,-479.0,10,29,174
2427.0,1570.25,44.0,10,29,174
2557.0,1557.85,-681.0,9,29,174
2657.0,1583.24,-593.0,9,32,185
2557.0,1649.23,-438.0,9,30,175
2452.0,1622.11,-164.0,9,32,183
2612.0,1581.1,-388.0,9,29,174
3022.0,1582.28,-578.0,9,29,174
2382.0,1620.77,-855.0,9,33,181
2457.0,1695.7,-398.0,9,37,198
2617.0,1699.35,-713.0,9,33,181
2597.0,1710.86,-353.0,9,32,183
2612.0,1524.77,-548.0,9,30,175
2702.0,1658.48,-647.0,9,32,183
2542.0,1684.49,-313.0,9,30,176
2612.0,1627.69,-645.0,9,30,176
2852.0,1667.78,-583.0,9,29,174
2517.0,1747.5,-138.0,8,31,172
2567.0,1776.52,62.0,8,37,198
2542.0,1722.62,-523.0,8,33,181
2592.0,1714.33,-473.0,8,37,198
2332.0,1596.01,-458.0,8,30,177
2592.0,1656.58,119.0,8,30,177
2542.0,1698.29,-588.0,8,30,175
2532.0,1702.2,-528.0,8,30,175
2747.0,1747.18,-436.0,8,30,174
2522.0,1691.79,-716.0,8,30,177
2557.0,1604.48,-618.0,8,32,183
2477.0,1588.58,-641.0,8,30,177
2622.0,1600.45,-773.0,8,37,199
2507.0,1605.92,-573.0,8,30,174
2427.0,1603.44,-575.0,8,37,199
2417.0,1598.38,-484.0,8,37,199
2497.0,1701.55,-25.0,8,32,182
2562.0,1722.38,-521.0,7,37,200
2687.0,1660.17,-353.0,7,30,174
2282.0,1498.32,-778.0,7,30,174
2487.0,1627.95,-794.0,7,32,182
2317.0,1648.78,-497.0,7,37,200
2487.0,1598.97,-428.0,7,32,182
2437.0,1603.4,-655.0,7,30,174
2562.0,1573.88,-797.0,7,37,200
2457.0,1616.03,-883.0,7,37,200
2392.0,1592.38,132.0,8,32,182
2442.0,1375.15,-801.0,8,30,174
2522.0,1619.55,-345.0,8,30,174
2392.0,1547.49,-431.0,8,30,174
2357.0,1605.37,-178.0,8,32,182
2502.0,1598.85,-523.0,9,36,191
2397.0,1585.65,-673.0,8,30,175
2467.0,1667.07,-460.0,8,31,180
2492.0,1600.49,-518.0,8,32,182
2462.0,1662.86,-513.0,7,37,190
2427.0,1751.77,19.0,7,30,175
2447.0,1702.49,-874.0,7,37,201
2412.0,1701.89,-664.0,7,31,176
2367.0,1714.43,261.0,7,34,184
3007.0,1731.67,309.0,7,31,176
2397.0,1587.83,-758.0,7,31,176
2632.0,1642.11,-541.0,7,31,180
2422.0,1734.8,-668.0,6,37,201
2422.0,1755.05,212.0,6,31,176
2597.0,1735.74,-471.0,6,37,191
2637.0,1609.3,-473.0,6,37,201
2432.0,1714.32,-561.0,6,31,177
2817.0,1740.3,142.0,6,37,201
2642.0,1757.75,-263.0,6,36,193
2487.0,1648.53,-678.0,6,31,176
2407.0,1683.46,-727.0,6,37,201
2632.0,1722.36,-288.0,6,31,175
2517.0,1749.82,629.0,5,36,194
2717.0,1709.22,-518.0,5,31,176
2572.0,1723.38,-58.0,5,37,201
2407.0,1756.76,-488.0,5,37,201
2352.0,1602.64,-671.0,5,37,201
2432.0,1668.94,-758.0,5,41,207
2337.0,1640.15,156.0,5,31,176
2492.0,1764.0,195.0,5,36,195
2617.0,1694.65,-653.0,6,36,195
2317.0,1662.06,-517.0,5,36,195
2667.0,1607.52,-628.0,5,31,175
2587.0,1650.36,-741.0,5,37,202
2482.0,1626.16,-423.0,6,31,175
2442.0,1604.83,142.0,6,31,175
2457.0,1644.13,-308.0,7,41,208
2362.0,1514.04,-808.0,7,31,175
2552.0,1597.45,-433.0,7,31,175
2337.0,1658.49,-258.0,7,37,203
2887.0,1696.46,112.0,7,31,175
2467.0,1687.1,-288.0,7,31,175
2747.0,1636.03,-458.0,7,37,202
2372.0,1704.51,-399.0,7,37,202
2487.0,1724.82,-595.0,7,36,198
2702.0,1679.19,-295.0,7,31,175
2582.0,1663.04,-545.0,7,31,175
2427.0,1593.37,-548.0,8,31,175
2492.0,1481.35,-475.0,8,31,175
2322.0,1557.83,-590.0,8,31,175
2592.0,1613.76,-278.0,8,37,202
2657.0,1604.12,-993.0,8,31,174
2322.0,1519.98,-818.0,8,31,174
2557.0,1643.77,-275.0,9,31,174
2322.0,1513.51,-837.0,9,31,174
2787.0,1617.02,-276.0,9,31,174
2422.0,1624.92,-573.0,9,42,208
2362.0,1683.38,157.0,9,36,198
2662.0,1757.15,-418.0,9,31,174
2622.0,1777.77,307.0,8,37,203
2527.0,1682.47,-355.0,8,31,175
2457.0,1627.26,-563.0,9,31,175
2477.0,1646.68,-358.0,9,39,221
2512.0,1582.87,-423.0,9,39,221
2387.0,1658.64,-758.0,9,31,174
2542.0,1696.79,-848.0,9,37,203
2407.0,1692.74,-510.0,8,36,198
2832.0,1763.11,-247.0,9,41,217
2527.0,1695.69,-208.0,8,45,225
2537.0,1590.86,-569.0,7,36,198
2492.0,1620.3,-399.0,6,31,174
2522.0,1664.14,-628.0,6,43,225
2362.0,1644.41,-213.0,6,42,209
2397.0,1721.43,56.0,6,42,209
2557.0,1658.27,-443.0,6,41,218
2767.0,1738.52,-95.0,6,31,175
2557.0,1664.7,-529.0,6,31,175
2382.0,1755.56,43.0,6,41,219
2547.0,1553.72,-360.0,7,41,219
2457.0,1627.5,-818.0,7,31,175
2572.0,1692.24,77.0,7,31,175
2362.0,1768.53,-552.0,7,42,209
2362.0,1657.73,-588.0,7,42,209
2472.0,1617.64,-465.0,7,32,176
2497.0,1646.2,-403.0,7,42,209
2607.0,1702.01,-170.0,7,41,220
2607.0,1656.58,-285.0,7,32,177
2532.0,1710.17,-390.0,7,32,177
2502.0,1635.12,-305.0,7,41,220
2402.0,1680.37,-731.0,7,41,220
2557.0,1626.03,-658.0,7,32,177
2407.0,1601.02,-1168.0,7,40,222
2472.0,1673.57,-458.0,8,45,225
2432.0,1534.12,-591.0,8,43,210
2427.0,1559.94,-368.0,8,32,177
2352.0,1457.02,-651.0,8,43,211
2772.0,1599.37,-583.0,8,32,177
2477.0,1596.27,-533.0,8,41,220
2612.0,1654.98,-408.0,8,32,177
2432.0,1565.3,-391.0,8,43,211
2627.0,1591.71,-453.0,8,44,227
2617.0,1706.17,-747.0,8,44,227
2807.0,1662.03,-358.0,9,44,227
2432.0,1485.91,-808.0,9,43,212
2497.0,1590.47,-846.0,9,44,227
2497.0,1551.05,-923.0,9,44,227
2332.0,1629.82,-243.0,9,32,177
2482.0,1665.24,-279.0,9,41,220
2457.0,1636.71,-390.0,9,44,214
2567.0,1661.5,529.0,9,41,220
2972.0,1626.64,-618.0,9,44,227
2592.0,1740.87,290.0,9,45,228
2452.0,1741.76,-398.0,9,41,220
2727.0,1670.62,-499.0,9,45,228
2557.0,1730.53,223.0,9,45,228
2412.0,1603.94,-418.0,9,33,178
2582.0,1612.39,73.0,8,41,220
3147.0,1644.54,299.0,8,45,228
2497.0,1603.98,-698.0,8,44,214
2692.0,1693.7,-743.0,7,33,178
2527.0,1570.86,-489.0,7,44,214
2392.0,1562.89,-553.0,7,44,214
2682.0,1506.1,-773.0,7,45,228
2492.0,1612.29,-453.0,7,44,214
2527.0,1708.89,-532.0,7,33,180
2562.0,1603.23,-389.0,7,44,214
2632.0,1685.31,-380.0,7,33,179
2472.0,1671.04,-388.0,7,45,228
2527.0,1708.04,-483.0,7,33,180
2597.0,1624.32,-768.0,7,45,228
2502.0,1778.76,-214.0,7,33,180
2557.0,1666.82,-68.0,7,45,228
2823.0,1637.51,-581.0,7,45,228
2562.0,1624.01,-459.0,7,33,180
2737.0,1727.27,-493.0,7,45,228
2532.0,1607.61,233.0,8,45,228
2632.0,1572.65,-850.0,7,45,228
2447.0,1664.21,-220.0,6,33,180
2357.0,1640.4,-425.0,6,49,252
2497.0,1653.98,-667.0,6,45,228
2627.0,1540.06,-564.0,7,33,180
2367.0,1569.02,-258.0,7,46,242
2387.0,1569.54,-594.0,7,44,214
traininig time: 7842.94743204
