loss,accuracy
1.4032804491,0.547493404166
1.30458691567,0.58179419588
1.306908543,0.59498680786
1.23216449208,0.61873350892
1.1676018669,0.656992084433
1.12803737186,0.668865435985
1.09819117322,0.659630606546
1.05493663012,0.683377309336
1.02911166638,0.688654353405
1.0419643375,0.67546174111
0.996409461177,0.684696570314
0.943460013747,0.705804749655
0.925945798451,0.708443272397
0.891364667221,0.701846965856
0.868719692438,0.728232190288
0.844047469483,0.720316622377
0.777718484244,0.740105541212
0.773769324876,0.744063324224
0.739594819049,0.763852243059
0.733007952217,0.754617414877
0.669786998024,0.777044854409
0.667439961182,0.782321900522
0.638502921939,0.790237466861
0.640970527497,0.78891820549
0.604608239316,0.823218997204
0.574497428135,0.815303430394
0.559213411682,0.813984169652
0.56077557409,0.808707123539
0.555827554109,0.810026384752
0.540800944482,0.812664907494
0.54317222626,0.816622690978
0.524734747363,0.827176781317
0.514778557899,0.823218997676
0.521264940579,0.82321899689
0.530194883611,0.824538258418
0.510674386037,0.821899736777
0.50152813484,0.844327176624
0.494664886067,0.841688653882
0.495919372759,0.836411609027
0.497119201441,0.819261214035
0.493261409309,0.837730871027
0.506254081676,0.828496042216
0.488493404712,0.828496042059
0.493579890373,0.839050131769
0.482305079777,0.831134564801
0.484950042652,0.844327176309
0.478820841828,0.829815302958
0.489990313009,0.839050131926
0.478258387866,0.820580474777
0.477683520883,0.828496042531
0.477485386237,0.83113456543
0.478996874868,0.839050132555
0.478610056843,0.844327177567
0.476821505615,0.835092349071
0.477358493924,0.829815304059
0.477475308806,0.844327177096
0.477331070913,0.84168865514
0.468486771892,0.82058047462
0.474896630543,0.833773086914
0.474804024583,0.841688654196
0.472161211565,0.837730870083
0.473716093321,0.837730871499
0.4757104656,0.845646437837
0.467811137045,0.839050132555
0.464863885518,0.839050132241
0.471880705226,0.839050132712
0.466323983622,0.829815303745
0.473398329322,0.837730870712
0.468163452079,0.835092347656
0.476304321695,0.833773087858
0.468827059055,0.85092348285
0.464483490799,0.833773087386
0.464724265177,0.843007914938
0.466296516025,0.839050132083
0.468547978628,0.839050132555
0.465549679891,0.840369393454
0.461934338302,0.8337730877
0.466364105333,0.853562005906
0.466680524689,0.8337730877
0.466513082503,0.840369392668
0.465221901525,0.827176781317
0.463940845709,0.831134564801
0.465926500219,0.849604222422
0.465435660923,0.844327177096
0.466739100328,0.833773086442
0.461517939152,0.831134564015
0.462419849076,0.848284960422
0.465193499361,0.835092348914
0.46303431906,0.829815302801
0.461841674468,0.836411610128
0.462092760292,0.840369392983
0.459816305021,0.836411609341
0.46077522895,0.8337730877
0.461249504995,0.844327177567
0.460823964632,0.845646437366
0.461962238937,0.839050132241
0.46059558228,0.844327177096
0.460776434096,0.829815302801
0.462061670886,0.84828495995
0.459212537727,0.83113456543
0.460637053431,0.857519788761
0.460097884283,0.824538259204
0.462432409968,0.850923483164
0.460585912488,0.832453826172
0.460394937162,0.83773087087
0.459221034063,0.852242744692
0.460325076115,0.832453826644
0.46017676411,0.827176781789
0.460954295928,0.844327176152
0.458402274231,0.840369392668
0.461073498298,0.827176780845
0.460807195911,0.832453826644
0.459977415511,0.852242743592
0.458104970745,0.843007914938
0.46025794603,0.845646438781
0.459236329967,0.843007915725
0.460694139661,0.837730870241
0.460277504924,0.83113456543
0.459132218896,0.839050131297
0.458164384151,0.849604221164
0.459756242962,0.845646437366
0.457357589676,0.845646437523
0.45762919554,0.833773087858
0.458211413553,0.825857520575
0.459320742883,0.832453826487
0.46061026248,0.848284960265
0.458015780886,0.839050131297
0.456983866981,0.836411610285
0.4572420353,0.835092347813
0.457978329118,0.839050131297
0.457519312962,0.836411609656
0.457718785095,0.841688654983
0.457659826744,0.840369393926
0.458487908019,0.839050132712
0.457263519,0.836411609341
0.457345281475,0.835092349071
0.458926252136,0.84828495995
0.458517746356,0.84168865514
0.457086203753,0.833773086442
0.457940557229,0.836411609027
0.457868559222,0.843007916196
0.457291200482,0.837730871341
0.456149991238,0.852242743434
0.456194857966,0.833773087229
0.455983560287,0.840369392354
0.456921775769,0.823218997755
0.457414182321,0.850923483479
0.457503601004,0.845646438309
0.455923174176,0.832453826172
0.455977608551,0.844327177567
0.456952231541,0.835092348128
0.456990032051,0.83641160887
0.45605568002,0.840369392825
0.457103440032,0.835092347656
0.455446000779,0.844327176466
0.456426508351,0.8337730877
0.457312895865,0.839050132241
0.456727171164,0.84300791541
0.455531686151,0.836411610285
0.455678968206,0.849604221007
0.456348267268,0.841688653724
0.456709983402,0.841688653882
0.456895927641,0.832453825228
0.455922699698,0.853562004963
0.455867794227,0.84300791541
0.457125578282,0.833773086914
0.456769308817,0.845646438309
0.456239608787,0.84432717741
0.455656617565,0.844327177096
0.455630012112,0.853562004805
0.455451926094,0.835092349071
0.455287785203,0.82585751916
0.455016727026,0.852242743434
0.454762483728,0.828496042531
0.456090703253,0.845646438781
0.455728168459,0.837730870083
0.454704623581,0.843007915882
0.455460579383,0.828496043003
0.455747771232,0.841688653724
0.455252655578,0.8337730877
0.457028726946,0.844327176624
0.456335968267,0.83113456543
0.454747731736,0.837730871499
0.455334795025,0.832453826172
0.455064755002,0.848284960737
0.454810499516,0.836411610128
0.455381388636,0.84960422195
0.455283232918,0.835092348599
0.455840288492,0.833773086599
0.455129195644,0.829815303745
0.455374267296,0.837730871341
0.45533958274,0.839050132555
0.45503944536,0.852242744692
0.454513596985,0.840369393926
0.455221246918,0.836411609341
0.45554573256,0.839050131769
0.455462372004,0.845646438309
0.45448688687,0.840369393297
0.454710599536,0.844327176624
0.45455199771,0.835092347656
0.455176496726,0.846965699995
0.455084054089,0.831134564015
0.45452752788,0.835092348128
0.454703200147,0.844327177096
0.454328462285,0.845646438152
0.455699556893,0.849604221793
0.455611935392,0.832453826172
0.454772649151,0.839050132712
0.454581104199,0.836411610285
0.455416508904,0.839050132241
0.455011052632,0.828496043003
0.453756504449,0.840369392511
0.454688514285,0.845646437523
0.454643387121,0.843007915882
0.454895863511,0.845646438781
0.454510598195,0.841688653882
0.45474599062,0.849604221321
0.454773095793,0.840369392668
0.455014599345,0.840369392511
0.455319247884,0.824538257946
0.454558714556,0.853562004648
0.453627258696,0.833773087858
0.453998565359,0.829815303745
0.454331601673,0.846965699838
0.454001541188,0.846965699838
0.454276135422,0.839050131454
0.45398862538,0.84960422195
0.454973171679,0.8324538257
0.454888902821,0.845646438781
0.454722674667,0.843007915725
0.455591068026,0.840369393454
0.454583955629,0.835092347656
0.45390870546,0.844327177096
0.454325837479,0.839050132241
0.453862235383,0.833773087858
0.45484564243,0.840369392983
0.454049387676,0.828496042531
0.45551339932,0.845646437837
0.454676455039,0.839050132712
0.454004817242,0.833773087858
0.454315297207,0.843007915882
0.454457948894,0.845646437995
0.454794423247,0.832453825228
0.453940160199,0.829815303273
0.454093590261,0.843007915567
0.454163331391,0.832453825386
0.453425416531,0.835092348442
0.454229754162,0.84168865514
0.454012109453,0.848284961209
0.453969106196,0.840369393769
0.453797018465,0.832453825386
0.454355470974,0.849604222422
0.454150888253,0.833773086914
0.453590516758,0.849604221007
0.454281481479,0.837730870241
0.454345493015,0.8337730877
0.453908535531,0.852242744378
0.455046572597,0.837730870241
0.454869116516,0.848284960737
0.45381725322,0.84960422195
0.453925485897,0.856200528491
0.453957834313,0.84432717741
0.454249624527,0.852242744221
0.454415210161,0.845646437523
0.453718197299,0.839050132241
0.453447886696,0.845646438309
0.453609299927,0.84168865514
0.454144902311,0.824538257789
0.454772046735,0.841688654354
0.454811670613,0.843007915095
0.453853256312,0.849604222422
0.453449736878,0.841688654983
0.453803378391,0.839050132241
0.454772851712,0.833773086442
0.453837041883,0.839050131769
0.453384289955,0.837730871499
0.453583320873,0.832453825228
0.453332322726,0.845646438309
0.453649165762,0.837730871341
0.454470765465,0.839050132555
0.453956327369,0.828496043003
0.453521786862,0.84960422195
0.45381542364,0.827176781789
0.453309226476,0.850923482378
0.453577819474,0.84300791541
0.45373546802,0.835092349071
0.45419031649,0.835092348599
0.453601998987,0.841688654511
0.453706837424,0.833773087229
0.45378183084,0.857519788918
0.453677511781,0.843007915882
0.453168870749,0.844327177096
0.454088042783,0.840369393454
0.453749182042,0.837730871341
0.453982970174,0.8337730877
0.453458854737,0.839050131769
0.453271731538,0.840369392511
0.453327426967,0.831134564015
0.453706088513,0.839050131769
0.454146939878,0.848284959793
0.453879978065,0.837730871499
0.454165708893,0.828496042374
0.453779943307,0.845646437837
0.453129750522,0.836411610285
0.453551716257,0.835092347656
0.453762016542,0.849604221793
0.453667803301,0.83509234797
0.453055519856,0.836411609656
0.453783117058,0.839050131769
0.453304222517,0.833773086757
0.453573039465,0.843007915882
0.45319093925,0.845646438152
0.45338093228,0.841688654511
0.453627941869,0.845646438309
0.45336192516,0.836411609813
0.453048623646,0.84564643768
0.453281533278,0.835092348128
0.453539250394,0.831134565116
0.453845177052,0.849604221164
0.453472903976,0.841688653882
0.454076783324,0.848284960737
0.453646766322,0.839050132555
0.453290629041,0.843007914938
0.453441243058,0.837730871027
0.453356906968,0.832453826644
0.453551822256,0.852242743434
0.453746842835,0.844327176309
0.453026956965,0.820580474305
0.45292054388,0.857519788289
0.453282250421,0.831134564015
0.453489522978,0.845646437837
0.453150369247,0.829815302958
0.4535341586,0.845646437837
0.45359889294,0.837730869926
0.453712009424,0.849604221164
0.454003433596,0.837730871027
0.453304188547,0.841688653882
0.453296208916,0.835092348599
0.453518295666,0.840369393454
0.453608107598,0.835092347656
0.453062181737,0.836411609027
0.452769517269,0.844327176624
0.452850732294,0.846965699051
0.453037662289,0.841688654196
0.453394240707,0.836411609813
0.453246576962,0.839050131769
0.453449160883,0.848284961209
0.453066352254,0.828496042059
0.453238039816,0.844327177567
0.453257487128,0.849604222422
0.453747883242,0.833773087858
0.452950751247,0.8324538257
0.453323308742,0.828496042374
0.453360326057,0.839050131612
0.453382857871,0.839050131297
0.453054951882,0.83641160887
0.453313740781,0.840369392983
0.453187588416,0.837730871499
0.453334886984,0.845646438309
0.453091448876,0.844327177096
0.453320976769,0.836411609813
0.453413030875,0.82585751916
0.453116901946,0.83641160887
0.453060181915,0.833773086914
0.452799088014,0.852242743434
0.452978842177,0.835092348128
0.453186710309,0.839050132555
0.453141066676,0.836411610285
0.452719005793,0.84300791541
0.452795485236,0.835092347656
0.452845154699,0.846965698579
0.453036572853,0.837730870712
0.453262290728,0.843007915095
0.453275150234,0.837730870083
0.453732476071,0.843007916196
0.453844395036,0.8337730877
0.453344953878,0.837730870398
0.452852223983,0.839050132083
0.452671182344,0.850923483007
0.453174363104,0.839050131926
0.453040944476,0.833773087386
0.452890935312,0.833773086442
0.452754952426,0.845646438309
0.452845018898,0.833773087386
0.453206601275,0.848284960422
0.453123917995,0.832453826172
0.45347588012,0.849604221479
0.453083884905,0.841688654354
0.45308496518,0.835092349071
0.45298939959,0.827176780688
0.453243932655,0.829815303745
0.453231710321,0.846965698737
0.452778235432,0.840369392983
0.452840292595,0.839050132712
0.452928223365,0.821899736777
0.453213947272,0.85224274485
0.452969814275,0.841688654668
0.45291360104,0.845646438781
0.452966591142,0.850923482692
0.453022897165,0.84300791541
0.452798435116,0.845646438781
0.45315076918,0.835092348442
0.453018757866,0.837730870083
0.452791181042,0.845646437523
0.45267726021,0.840369393454
0.452716521978,0.841688654196
0.453037786688,0.819261213563
0.452981157951,0.84300791541
0.453024701267,0.856200528491
0.453129679672,0.836411609499
0.452793439491,0.841688654039
0.452630100747,0.833773086442
0.452954000644,0.825857520103
0.453112908435,0.840369392511
0.452861650953,0.833773087386
0.452739032403,0.846965699838
0.452674883337,0.829815303745
0.452803271899,0.837730870241
0.453342084363,0.82585751916
0.453071012582,0.858839050918
0.452694016506,0.828496043003
0.452636088026,0.841688654354
0.452564404319,0.844327177096
0.452674454152,0.835092347813
0.452818906166,0.831134564958
0.45292745047,0.848284960265
0.45285014647,0.848284961051
0.452691786522,0.837730870555
0.452841608537,0.832453825543
0.453391646961,0.837730871341
0.453029533018,0.831134564958
0.452643417903,0.843007916354
0.452648870234,0.835092349071
0.453021769788,0.85092348285
0.452765982824,0.829815303273
0.452792604791,0.839050132555
0.453017288038,0.835092347656
0.452494751809,0.845646438309
0.452628832379,0.854881266019
0.452688866995,0.835092347656
0.452709002199,0.849604221479
0.45263098601,0.832453826172
0.452545521127,0.849604221321
0.453146449809,0.841688654983
0.452925172362,0.82717678116
0.452592349304,0.844327176624
0.453008174346,0.836411609813
0.452740628203,0.84828495995
0.453076253466,0.832453825228
0.452771464879,0.839050132555
0.452691872233,0.849604221636
0.452845729593,0.832453825386
0.452446756624,0.83641160887
0.4524172837,0.827176780531
0.452571538555,0.840369393454
0.452801255524,0.840369392668
0.452402673406,0.844327176152
0.452650534289,0.833773086442
0.452632751817,0.837730870083
0.45271767554,0.82585751916
0.45257000228,0.837730870555
0.452788729466,0.844327177096
0.452482785745,0.827176781632
0.452768136455,0.837730870241
0.452689862975,0.840369393926
0.452787578263,0.828496042531
0.452868030773,0.840369393926
0.45307868263,0.844327176938
0.453033776507,0.835092347813
0.45280603573,0.832453825386
0.452669732725,0.823218996732
0.45280900228,0.835092348599
0.452725292274,0.828496042531
0.452584467966,0.846965699995
0.452574035344,0.837730871499
0.45274076888,0.845646438624
0.452648932198,0.83641160887
0.452496951756,0.841688654983
0.4530722815,0.844327176309
0.452786858761,0.831134565273
0.452527635566,0.845646438781
0.452576639942,0.844327176309
0.452706593637,0.84960422195
0.452555524485,0.827176781789
0.453034355489,0.823218997519
0.452571821559,0.845646437837
0.452652352624,0.846965699366
0.452895663974,0.843007915253
0.452513455716,0.840369393454
0.452363619704,0.844327177567
0.45251347616,0.841688653882
0.45264726201,0.843007916354
0.452723435802,0.83641160887
0.452819772792,0.840369393454
0.452525911985,0.848284960737
0.452547249347,0.837730871499
0.452601490518,0.837730871499
0.452472995328,0.850923482378
0.452795820296,0.831134564958
0.452528923514,0.846965699523
0.452515182363,0.8324538257
0.452686363915,0.843007915725
0.452663375079,0.848284960265
0.452551057282,0.837730870241
0.452597391951,0.833773087858
0.452667652145,0.844327176781
0.452507913584,0.832453825228
0.452618491131,0.841688654668
0.452791378885,0.848284960737
0.452579093797,0.827176780374
0.452645624848,0.832453826487
0.452396607965,0.839050131612
0.452434800703,0.835092348128
0.452451972345,0.833773087386
0.452529826391,0.857519788289
0.452629695939,0.829815302801
0.452466553308,0.828496042059
0.452840673892,0.840369392511
0.452491109321,0.839050132083
0.452437477093,0.846965698894
0.452419001068,0.836411609027
0.45285989867,0.854881267277
0.452521037615,0.839050132555
0.452349562286,0.835092348128
0.452904448346,0.832453826172
0.452666126644,0.833773087858
0.45264111243,0.846965699523
0.452416183216,0.831134564958
0.452300944398,0.850923482378
0.452362271601,0.840369392983
0.452532032313,0.850923483164
0.452246556496,0.839050132241
0.452577502243,0.844327177096
0.452833068402,0.833773087386
0.452565854469,0.850923482378
0.452419638162,0.837730871499
0.452319285014,0.839050132712
0.452203704138,0.836411610285
0.452430994105,0.848284960422
0.452640555622,0.846965699051
0.452448237068,0.846965698737
0.452590744854,0.837730870712
0.452555841538,0.840369393926
0.452288866043,0.831134564958
0.452542941536,0.839050132241
0.452388439377,0.823218997676
0.452362945338,0.848284961209
0.452419256551,0.841688654668
0.452433705173,0.84432717741
0.452415875599,0.85488126712
0.452158054607,0.841688654039
0.452290062775,0.835092347813
0.452350798886,0.832453826172
0.45236476957,0.828496042845
0.452527852518,0.828496042845
0.452632314612,0.837730870241
0.452499098073,0.853562004648
0.452390809251,0.841688654196
0.452227681168,0.845646437837
0.45238424354,0.833773087229
0.452976054755,0.84300791541
0.452673989424,0.832453826172
0.45224450792,0.833773087858
0.452322968707,0.840369392668
0.452384380049,0.846965699366
0.452104354439,0.832453825543
0.452199825196,0.839050131612
0.452449869669,0.839050131769
0.452523479518,0.835092348599
0.452533073035,0.846965699995
0.452245197541,0.845646437837
0.452947256118,0.844327177567
0.452455081065,0.840369393454
0.452378262945,0.83773087087
0.452276330117,0.839050132241
0.45254504775,0.832453826487
0.452546738855,0.836411609813
0.452208266252,0.848284961209
0.452005237341,0.833773087858
0.452224508596,0.840369392983
0.452567944426,0.839050132712
0.452468794616,0.84828495995
0.452323991343,0.840369393454
0.452372364287,0.832453826487
0.452289238061,0.824538258575
0.452395342467,0.845646437523
0.452240207029,0.82058047572
0.452476082502,0.831134564644
0.452558786542,0.852242743434
0.452417311064,0.852242743434
0.452252181036,0.841688653724
0.452123711323,0.843007914938
0.45234759722,0.840369392511
0.45239944241,0.845646438152
0.452459153053,0.837730871341
0.452301941635,0.839050132712
0.45204401205,0.843007915882
0.452072030007,0.844327177096
0.452239456053,0.848284960422
0.452182163664,0.841688654668
0.452250174293,0.836411609499
0.452361623184,0.852242743906
0.452434153072,0.828496042216
0.452237780931,0.845646437366
0.452256215279,0.833773086442
0.452284727688,0.840369393454
0.452113155482,0.850923483164
0.452525692596,0.840369392983
0.452158439914,0.835092348442
0.452187431991,0.856200528019
0.452353207213,0.835092347656
0.452553584896,0.857519788761
0.452688484834,0.829815304216
0.452458352244,0.836411610128
0.452573297128,0.857519788446
0.452333489399,0.829815303745
0.451946776901,0.850923482692
0.452106771809,0.825857519474
0.452290121201,0.836411610285
0.45257565615,0.840369392983
0.45248340947,0.841688654668
0.452629660396,0.82981530343
0.452299588038,0.839050132241
0.4522670233,0.841688654668
0.452326060442,0.839050132712
0.452360429204,0.832453826015
0.452331850271,0.835092347656
0.452342087958,0.828496041745
0.452276879061,0.846965699995
0.45254863315,0.828496042374
0.452169015021,0.846965698737
0.452093214976,0.841688653724
0.452432987637,0.846965699523
0.452443902128,0.816622691607
0.45210243333,0.844327177567
0.45199993237,0.839050131769
0.452199499808,0.824538258103
0.452346201622,0.845646437523
0.452249791503,0.836411609656
0.452432854273,0.831134564958
0.452277838476,0.845646437366
0.452186573936,0.846965698579
0.452343061291,0.832453826644
0.452025194203,0.841688653882
0.452103327085,0.837730870083
0.452405237585,0.852242744378
0.452387893027,0.837730870555
0.452226206306,0.835092348914
0.452056260293,0.836411609499
0.45216746011,0.836411609499
0.452143799504,0.833773087858
0.452399419606,0.840369392511
0.452341958998,0.83641160887
0.452262389157,0.844327176152
0.452199861447,0.837730871027
0.452194236199,0.844327176152
0.452241145998,0.835092348128
0.452221559503,0.844327177567
0.452155066512,0.840369392511
0.452098996469,0.833773086599
0.452209813142,0.854881267277
0.452209627487,0.84036939314
0.45223227796,0.839050132712
0.452198611794,0.824538258418
0.452370822351,0.846965698737
0.452241422004,0.825857520418
0.452327748402,0.853562004648
0.45221216265,0.835092347813
0.452123568838,0.840369393454
0.452165254974,0.845646438624
0.452510821473,0.841688654668
0.452027525153,0.829815302801
0.452282948041,0.836411609184
0.452091524736,0.857519789233
0.451929230961,0.831134563857
0.452277830849,0.843007915095
0.452230183698,0.837730870241
0.451994775625,0.837730871341
0.452115663438,0.835092348914
0.452191306765,0.845646438309
0.452062362417,0.824538257946
0.452050116414,0.8337730877
0.452289399182,0.846965699995
0.45211786189,0.840369393454
0.452176481879,0.841688654354
0.452145670052,0.846965699995
0.452247710215,0.835092348128
0.452292659116,0.832453825386
0.452179854967,0.844327176781
0.452132559939,0.840369392668
0.452258496848,0.833773086599
0.452342338015,0.848284961209
0.452272870767,0.828496042845
0.452172275898,0.845646438624
0.452317625992,0.823218996575
0.4521757564,0.854881266333
0.452147827614,0.843007915567
0.452211894586,0.83641160887
0.45213958794,0.841688653882
0.452183184963,0.832453825228
0.452308734127,0.854881266333
0.452057195528,0.835092347813
0.452080844968,0.832453825386
0.452199580959,0.839050131454
0.452314600152,0.845646437523
0.452242147168,0.835092348442
0.452227137177,0.84960422195
0.452048910718,0.8324538257
0.452112170669,0.848284960265
0.452215078166,0.823218997047
0.452135536947,0.856200527862
0.452311500553,0.828496041587
0.452038630882,0.829815302958
0.452195132313,0.846965698579
0.452239916318,0.829815303745
0.452517515122,0.843007916196
0.452210262614,0.833773086285
0.451934672125,0.849604221007
0.451992042461,0.841688654196
0.452206737605,0.833773086599
0.452133693292,0.848284961209
0.452027390138,0.835092347813
0.451949901034,0.840369392668
0.451986921101,0.849604221479
0.452002645482,0.83773087087
0.45207046283,0.841688654668
0.452169916738,0.837730870241
0.452205996793,0.832453826644
0.452268371481,0.845646437523
0.452324815979,0.833773087071
0.452065231382,0.844327177096
0.451922261149,0.849604221164
0.452033809315,0.828496043003
0.452106887322,0.840369393926
0.452107002914,0.833773086914
0.451994698013,0.82453825889
0.452206573417,0.839050132555
0.452350655693,0.843007914938
0.451998232694,0.825857520418
0.452119062868,0.852242744378
0.452273639494,0.853562004805
0.452128522943,0.835092348599
0.452138040185,0.819261214507
0.45209459697,0.845646438781
0.452382080788,0.839050131454
0.451955486256,0.824538258418
0.451957431821,0.837730870555
0.451971671433,0.825857519317
0.452101225117,0.845646437366
0.45229246489,0.850923483164
0.452261985056,0.845646438781
0.452078944618,0.839050132555
0.452069434296,0.823218997676
0.452013305789,0.839050132712
0.452045075733,0.829815304216
0.45209543749,0.841688654196
0.452156899944,0.831134564015
0.452262283944,0.831134564015
0.452210342664,0.843007916196
0.452131229136,0.839050131926
0.452070280674,0.832453825858
0.451915309069,0.829815302958
0.452017045744,0.836411609813
0.452082396654,0.844327176938
0.452255237936,0.837730871499
0.451978005331,0.844327176624
0.452197699088,0.832453826487
0.452118083324,0.837730870083
0.452130733269,0.846965698579
0.45197131357,0.833773086442
0.452073934682,0.840369393926
0.45192036473,0.844327176152
0.451986539411,0.845646437995
0.452035755469,0.843007915095
0.451975277593,0.835092348128
0.452072420032,0.849604221479
0.451946297076,0.83113456543
0.451935291919,0.858839050132
0.452153801132,0.832453825228
0.452138562866,0.844327177096
0.452116719336,0.840369392511
0.452015145001,0.845646437837
0.451937033036,0.845646437837
0.452174928855,0.844327176624
0.452204569427,0.829815303745
0.451818752965,0.85224274485
0.451819903067,0.839050132712
0.451982653314,0.845646438624
0.451982665345,0.833773086914
0.451906490609,0.846965699523
0.451975629186,0.845646437523
0.452021071496,0.85092348285
0.45217834126,0.836411610285
0.452070211672,0.836411609813
0.452150277538,0.839050132712
0.452019864777,0.850923482692
0.452103814223,0.837730871027
0.451874373142,0.854881267277
0.45176831163,0.833773086914
0.451936130788,0.844327176152
0.452146410628,0.835092348914
0.452138157822,0.84168865514
0.451988359161,0.832453826172
0.451811727874,0.8337730877
0.451860249043,0.833773086442
0.452052776606,0.845646437837
0.452100404492,0.844327176624
0.452181842208,0.84432717741
0.451992991103,0.820580475249
0.451966735099,0.850923482378
0.45186496237,0.837730870712
0.451989674592,0.825857519789
0.452064660262,0.843007916196
0.452054254062,0.839050132712
0.452084565068,0.832453826172
0.451977839256,0.840369393769
0.452114941262,0.843007916354
0.452088445346,0.84960422195
0.452163884303,0.82189973599
0.452039790342,0.858839050132
0.452028976424,0.8324538257
0.451960287261,0.848284961209
0.452023406771,0.828496042374
0.452015213098,0.845646438781
0.451941932254,0.837730870555
0.451983681769,0.829815304059
0.452104526412,0.836411609813
0.45229888041,0.849604221321
0.452070650372,0.831134564172
0.451946114094,0.824538259204
0.451969679868,0.83641160887
0.451931848021,0.83113456543
0.45192378437,0.827176780845
0.451994015076,0.837730870083
0.452071401406,0.850923482221
0.452112929173,0.835092348128
0.452171408564,0.840369393769
0.452167033677,0.848284960265
0.451932572438,0.832453826172
0.4519393908,0.841688653882
0.451978631612,0.835092348599
0.451883986553,0.845646438309
0.45195920675,0.828496042059
0.452064292019,0.840369393454
0.451942508957,0.8337730877
0.45181389731,0.841688654668
0.451814949984,0.832453826172
0.451765820895,0.853562004648
0.451916146168,0.832453826644
0.452071745194,0.84828495995
0.452117637783,0.832453826172
0.4521391527,0.854881266805
0.451809891846,0.825857520575
0.451915208929,0.848284960737
0.451952475042,0.825857520575
0.451940061077,0.837730870712
0.452101312244,0.82453825889
0.452031806308,0.835092348914
0.452093622615,0.829815302958
0.451994129253,0.831134564487
0.452036766429,0.832453826172
0.451899122673,0.861477572874
0.451878561508,0.825857520103
0.451928074646,0.845646438781
0.45205605093,0.839050132712
0.452099617993,0.856200527233
0.45201974022,0.81530342945
0.452023279384,0.857519789705
0.451984001338,0.832453825228
0.451944867508,0.839050131454
0.451939062817,0.84168865514
0.451971104482,0.843007914938
0.451983039997,0.841688653882
0.452003693282,0.845646437523
0.451951254641,0.825857519632
0.451829270983,0.83773087087
0.451888823415,0.829815303745
0.451825781281,0.849604222422
0.45190891191,0.824538258418
0.452089246156,0.843007915095
0.451898646465,0.852242743592
0.451823928897,0.829815303745
0.451849541477,0.841688653882
0.451987920304,0.837730871027
0.451842380938,0.831134564487
0.451858439043,0.841688654196
0.451866960069,0.844327177567
0.451929948182,0.839050132241
0.451998083761,0.840369393454
0.451948112894,0.839050132712
0.451803149365,0.843007916354
0.451868548242,0.846965699995
0.452023586843,0.83641160887
0.451961575445,0.840369392983
0.451933424124,0.832453825858
0.451785872904,0.846965698737
0.451973286656,0.840369393297
0.451912028179,0.846965699051
0.45188730444,0.843007916354
0.451879577932,0.821899735833
0.452070480915,0.858839049975
0.45196728373,0.833773086285
0.451765645934,0.837730871499
0.451836439739,0.843007914938
0.451961812841,0.846965698579
0.451864694149,0.845646438309
0.451907914515,0.836411609027
0.451908475176,0.843007915095
0.451847708005,0.833773086442
0.452035115152,0.852242744692
0.451992641181,0.844327177096
0.451949611503,0.84036939314
0.451950927208,0.832453826487
0.45190024313,0.832453826172
0.451914613118,0.85224274485
0.451887613551,0.833773087386
0.451906272714,0.850923482692
0.451949506605,0.848284960737
0.451917497495,0.828496042059
0.451846976865,0.839050132555
0.451962300687,0.839050131297
0.451913537639,0.841688653724
0.451799792948,0.844327177096
0.451707433585,0.839050132083
0.451873666064,0.84300791541
0.451934320788,0.841688653724
0.45182904145,0.837730870555
0.452084781941,0.833773086442
0.451852904539,0.825857519317
0.451744254629,0.837730871027
0.451878773584,0.836411610128
0.451928030061,0.839050131297
0.451934401624,0.833773086442
0.451857890806,0.84300791541
0.451798258246,0.839050131297
0.451911930044,0.8337730877
0.451896192531,0.835092347656
0.451953122515,0.84300791541
0.451900840592,0.840369393926
0.451883000246,0.840369392668
0.451810971728,0.840369393454
0.451869124394,0.845646437523
0.452003939485,0.837730870555
0.451816146323,0.848284960579
0.451928383442,0.845646438781
0.451918653652,0.839050132241
0.451798183308,0.820580474305
0.45199923866,0.84300791541
0.451861233777,0.840369393454
0.451848712398,0.837730870555
0.451861156637,0.839050132555
0.451816391819,0.836411609813
0.451795023633,0.849604221007
0.451934887347,0.837730870555
0.45196034545,0.835092347813
0.451775445944,0.836411609813
0.451730444752,0.848284960265
0.451799226861,0.839050131769
0.451892926385,0.82453825889
0.45186224399,0.858839050761
0.451926024262,0.840369392668
0.451874059313,0.841688653882
0.451775202179,0.843007916196
0.451838137449,0.839050132083
0.45178104076,0.828496041587
0.451871393381,0.839050131769
0.451917602157,0.837730870555
0.451838295347,0.833773086442
0.451822841859,0.846965699838
0.451916858515,0.827176780374
0.451972185465,0.848284960737
0.451880011364,0.841688654668
0.451815642908,0.844327177567
0.451890379269,0.836411609341
0.451949404381,0.840369393769
0.451797392092,0.835092348128
0.451749571631,0.833773087386
0.451947152143,0.823218997204
0.451832216459,0.844327176152
0.451857886245,0.854881266648
0.451862873062,0.825857519632
0.451787402731,0.839050131454
0.451819163199,0.848284960265
0.451900802612,0.828496041745
0.45192601404,0.848284960265
0.451861656042,0.828496041745
0.451851026207,0.84960422195
0.451854815466,0.835092349071
0.451867141714,0.846965699995
0.45179137674,0.853562005592
0.451788706327,0.828496042845
0.451793053062,0.850923483164
0.451918854877,0.840369392983
0.45213922756,0.836411609184
0.451717540818,0.84432717741
0.451782168924,0.837730871027
0.451837967914,0.82717678116
0.451984696149,0.843007916354
0.451700337329,0.831134564487
0.451772868712,0.845646437995
0.451686141005,0.835092348285
0.451821348834,0.848284960422
0.45185323323,0.836411610285
0.451769217809,0.836411609027
0.451822113708,0.840369392511
0.451929537162,0.849604222422
0.451869507264,0.843007915882
0.4517826953,0.832453825858
0.451794615364,0.824538259204
0.451886555293,0.839050131297
0.45195270198,0.857519789705
0.451875319739,0.820580475091
0.451900091602,0.829815304216
0.451796096438,0.832453826644
0.451841455258,0.850923483164
0.451766092733,0.841688654668
0.451731841451,0.827176781632
0.451747798825,0.84960422195
0.451807687968,0.828496042059
0.45180888761,0.846965699523
0.451858364498,0.835092348599
0.451750229877,0.833773087386
0.451818041091,0.844327176624
0.451791511283,0.829815304216
0.45177434491,0.839050132241
0.451927928072,0.846965699523
0.451895796962,0.829815304216
0.45189778723,0.853562005592
0.451863361223,0.833773086914
0.451658727154,0.831134564487
0.451726660879,0.840369393926
0.451709593821,0.836411609499
0.451764632577,0.836411609341
0.451914958322,0.843007915882
0.4519438006,0.841688653567
0.451880062554,0.839050131297
0.451751768196,0.833773087858
0.451797353639,0.825857519632
0.451813481807,0.848284961209
0.451869117632,0.837730870241
0.451813969103,0.837730871027
0.451840759425,0.828496042374
0.451858422844,0.833773087071
0.451841499765,0.837730870241
0.451814718171,0.841688654983
0.451658582153,0.833773086442
0.451912871058,0.860158310874
0.451863498046,0.825857519946
0.451790116393,0.845646438309
0.451825776091,0.850923482378
0.451758812317,0.835092347813
0.451800579367,0.837730871027
0.451769934795,0.844327176309
0.451756573761,0.841688653882
0.451809610238,0.821899736148
0.451707327901,0.857519788918
0.451824223696,0.825857519317
0.451835557779,0.846965699838
0.451869400479,0.831134564644
0.451713871437,0.837730871027
0.451716042839,0.852242744378
0.451746509737,0.841688653882
0.451792413846,0.828496043003
0.45190381705,0.849604221479
0.451848406276,0.839050132241
0.451744446339,0.844327176309
0.451838356602,0.843007915095
0.451781855252,0.849604221793
0.451755370974,0.828496043003
0.451751926486,0.829815303116
0.451745493274,0.820580474462
0.451766238599,0.841688653882
0.451865992477,0.839050132712
0.451767962809,0.836411609341
0.451800528491,0.841688654196
0.451866838894,0.846965698894
0.451761624744,0.846965699208
0.451738912386,0.835092347813
0.45178715983,0.843007915567
0.451778409663,0.837730871341
0.451765957876,0.841688653882
0.451810541521,0.845646438152
0.451778390555,0.836411609813
0.451819390923,0.854881266805
0.451827963691,0.837730871027
0.451908002271,0.848284959793
0.45176471758,0.840369393454
0.451783085404,0.836411609656
0.451750513196,0.832453826487
0.451852931511,0.853562006063
0.451844697184,0.839050131769
0.451735402946,0.845646438781
0.451721632504,0.844327176781
0.451740254474,0.844327176309
0.451673569811,0.837730870083
0.451779215191,0.846965699051
0.45188902519,0.841688653882
0.451883239765,0.84960422085
0.451848814544,0.833773087858
0.451660252419,0.839050131926
0.451718640516,0.825857519474
0.451674116633,0.849604221479
0.451737440041,0.839050132712
0.451749068766,0.836411609341
0.451854447104,0.820580475091
0.451915573162,0.85883904966
0.451857391165,0.821899736934
0.451793629843,0.846965699523
0.451798935679,0.823218996575
0.451768595106,0.843007915095
0.451747511929,0.848284960422
0.451785668927,0.832453825858
0.451736661131,0.848284961209
0.451682099566,0.836411610285
0.451737284031,0.827176781789
0.451780773169,0.844327176624
0.451794648784,0.833773087071
0.451770384582,0.840369393769
0.451772869577,0.8324538257
0.451650212025,0.844327177567
0.451712676749,0.832453825228
0.451793193188,0.840369392511
0.451763947045,0.849604222422
0.451858803433,0.832453826172
0.451818759964,0.835092347813
0.451674734697,0.846965699838
0.451693070281,0.83113456543
0.451735043746,0.835092348128
0.451750613297,0.840369392668
0.451881112084,0.83641160887
0.451867860037,0.831134564958
0.451883328857,0.865435355729
0.451738026809,0.829815303273
0.451768435557,0.845646438781
0.451739124855,0.831134565273
0.451736376358,0.841688654196
0.451693530212,0.833773087858
0.451790097836,0.846965699995
0.451715804656,0.836411610285
0.451704922326,0.850923483164
0.451743647417,0.825857520575
0.451674262971,0.844327177096
0.451733259696,0.841688654668
0.451827057119,0.844327177567
0.451738772024,0.837730870083
0.451727350304,0.853562004805
0.451638260901,0.823218996732
0.451657787319,0.835092347656
0.451714721,0.845646437837
0.451694358307,0.84300791541
0.451769824865,0.836411610285
0.451714387591,0.844327177567
0.45174437203,0.828496043003
0.451729347649,0.85224274485
0.451777758573,0.832453826172
0.451657732039,0.858839050918
0.451671216057,0.839050132083
0.451740910321,0.848284960265
0.451763080733,0.840369393454
0.451740015072,0.840369392983
0.451741165882,0.841688654668
0.451776531016,0.832453825228
0.451742828443,0.831134564958
0.451685132798,0.841688654511
0.451714786502,0.835092348442
0.451689210605,0.837730870555
0.451639161969,0.833773086914
0.451691196116,0.837730871027
0.451821351665,0.827176780531
0.451737568805,0.832453826172
0.45177400065,0.850923483164
0.451731845147,0.831134564487
0.451896438498,0.840369392983
0.451873996642,0.832453826487
0.451953543365,0.846965699366
0.451685878485,0.836411610285
0.451708124936,0.829815304059
0.45166554992,0.858839050918
0.451804625327,0.844327177096
0.451806811827,0.835092348128
0.451785931251,0.841688654196
0.45172258496,0.837730869926
0.451769451589,0.837730871499
0.451686796224,0.844327176624
0.451762454727,0.835092347656
0.451694304836,0.843007914938
0.451677057234,0.840369392983
0.451638425875,0.839050132712
0.451682726752,0.849604221636
0.451726108239,0.835092347813
0.451795228868,0.84432717741
0.451983078489,0.837730871341
0.451777782085,0.844327176309
0.451634476241,0.83113456543
0.45173261411,0.833773087858
0.451685551367,0.844327176781
0.451655442608,0.824538258261
0.451643264231,0.836411610128
0.451654882104,0.836411610285
0.451755091037,0.840369392511
0.451708366578,0.832453826172
0.451719175307,0.846965699523
0.451790129722,0.835092347813
0.451775081475,0.856200527547
0.451709288563,0.832453826487
0.45166573416,0.850923482221
0.451634987442,0.840369393926
0.451780457453,0.839050132712
0.45175236668,0.832453825228
0.451725644298,0.848284961051
0.451716999108,0.832453826644
0.45177876737,0.845646437837
0.451798702293,0.846965698579
0.451765305449,0.835092347656
0.451700212655,0.845646437523
0.451644702448,0.829815304216
0.451702201429,0.849604221636
0.451652823149,0.829815303745
0.451715029009,0.837730870241
0.451809102281,0.848284959793
0.451715583537,0.840369393454
0.451638573864,0.843007916196
0.451579927455,0.836411609341
0.451743899518,0.844327176938
0.451710377016,0.839050132083
0.451697460108,0.837730871027
0.451748880516,0.835092349071
0.451728053568,0.843007915882
0.451687391169,0.848284959793
0.451687555279,0.841688653882
0.451659149812,0.835092347813
0.451639419574,0.827176781789
0.452101318377,0.832453826644
0.451831041823,0.839050131454
0.451660817956,0.8324538257
0.451596836773,0.833773086442
0.451668971132,0.845646438624
0.451763919759,0.843007915725
0.45172747317,0.849604221007
0.451680806429,0.844327176309
0.451715136266,0.828496042059
0.451640884213,0.845646437366
0.451682588356,0.82849604143
0.451717957972,0.856200528491
0.451748002566,0.829815303273
0.451843539848,0.8324538257
0.45175817601,0.845646437366
0.451763909929,0.841688654196
0.451751287034,0.837730871341
0.451633716715,0.82981530343
0.451661270259,0.843007914938
0.451679866437,0.845646438309
0.451658897947,0.836411610285
0.451692575043,0.846965699208
0.451647152372,0.845646437523
0.451643818208,0.832453825386
0.451763468242,0.841688653724
0.451833807777,0.833773086914
0.451686596021,0.837730871027
0.451706928754,0.841688653724
0.451762936282,0.83113456543
0.451708784754,0.857519789233
0.451632866837,0.831134564015
0.451747954678,0.839050132083
0.451736824336,0.833773087386
0.451768035389,0.823218997204
0.45164650718,0.8324538257
0.451677467861,0.856200528491
0.451681172313,0.833773086914
0.451737756897,0.843007915095
0.45175219227,0.832453826015
0.451715291097,0.839050131297
0.451783329327,0.845646437523
0.451698870568,0.841688654196
0.451680927446,0.840369393454
0.45175771026,0.844327177096
0.451695068609,0.832453826644
0.451651109948,0.849604222265
0.451666232228,0.824538259362
0.451650021101,0.856200527547
0.451634353572,0.827176780845
0.451635282555,0.832453825858
0.451650253229,0.845646438309
0.451676895247,0.848284961209
0.451685185325,0.82981530343
0.451635847777,0.840369393454
0.451662915442,0.824538258418
0.451637108754,0.846965698737
0.451539036624,0.829815304216
0.451550057271,0.848284960737
0.451723033331,0.829815304059
0.451719947808,0.835092348599
0.451634520748,0.840369392511
0.451692779649,0.841688653724
0.451693260497,0.843007916354
0.45171341874,0.853562004648
0.451736990647,0.839050131297
0.451743382577,0.832453825386
0.451693636289,0.83641160887
0.451682127088,0.848284960737
0.451637859788,0.833773087386
0.451652133056,0.835092347656
0.45170671943,0.850923483164
0.451737942592,0.852242743906
0.451651379899,0.84168865514
0.451663975665,0.843007916354
0.451702914169,0.812664906865
0.451693019562,0.858839049503
0.45171333932,0.832453826487
0.451687848584,0.857519788289
0.451710780566,0.8337730877
0.451661667912,0.845646438781
0.451635108224,0.817941952349
0.451723792229,0.84168865514
0.451694530359,0.845646437523
0.451659237804,0.845646437837
0.451661761329,0.837730871341
0.451681670539,0.841688654668
0.451730541865,0.845646438781
0.451823929605,0.845646438781
0.451834357036,0.825857519946
0.451721428331,0.843007915095
0.451610105648,0.840369393769
0.451594481289,0.836411609499
0.45166828041,0.840369392511
0.451657921941,0.832453825228
0.451701190116,0.844327176781
0.451696563522,0.846965699208
0.451642177822,0.837730870241
0.451669207978,0.840369393926
0.451640110571,0.829815304216
0.451649663552,0.845646437523
0.4516925119,0.843007915095
0.451704109328,0.846965699051
0.451709948146,0.845646438309
0.451793020311,0.836411609027
0.451681736749,0.839050131297
0.451653675071,0.840369393454
0.451726027403,0.812664907023
0.451719530654,0.841688654196
0.451665445887,0.845646438309
0.451613929781,0.836411609341
0.451708913243,0.846965699995
0.451650646872,0.846965699051
0.451565374092,0.840369393926
0.451604446824,0.824538259204
0.451626811697,0.839050132241
0.451647507484,0.841688654668
0.451657098956,0.83773087087
0.451626403115,0.846965699051
0.451647752586,0.841688653724
0.451665419387,0.8337730877
0.451694390705,0.836411609656
0.451633634935,0.848284961209
0.451645095462,0.849604222265
0.451826457062,0.833773086914
0.451709012872,0.845646437837
0.451642969903,0.816622692079
0.451594119415,0.840369393454
0.451556851965,0.835092348599
0.451683785639,0.845646438781
0.451675617443,0.846965699995
0.451675522768,0.836411610128
0.451645068726,0.829815303745
0.451752177486,0.839050131454
0.451781023775,0.844327176624
0.451720476937,0.845646437837
0.451648186411,0.835092347656
0.451607997704,0.840369393297
0.451572650655,0.83509234797
0.451648859204,0.840369393769
0.451723468021,0.833773087858
0.451665416085,0.829815302801
0.451779254744,0.848284960737
0.45164529645,0.828496042059
0.451653478957,0.84300791541
0.451634024017,0.848284959793
0.451675595426,0.852242744378
0.451764889553,0.827176780531
0.451809588633,0.841688653882
0.451735955587,0.83773087087
0.451565851322,0.84828495995
0.451599064792,0.835092349071
0.451616093005,0.837730869926
0.451684319485,0.861477572559
0.451657611808,0.854881267277
0.451752815366,0.824538259204
0.451670409979,0.840369392983
0.451582654328,0.841688654039
0.451648177446,0.841688654668
0.451721626882,0.835092347813
0.451642705693,0.841688654668
0.451607577404,0.829815303745
0.451791802701,0.825857520418
0.451684518351,0.843007915253
0.45160368596,0.8324538257
0.451579296495,0.844327176309
0.451618882628,0.817941952664
0.451665652459,0.833773087386
0.451627015596,0.828496042845
0.45167335341,0.845646437523
0.451646608696,0.840369393454
0.451735010877,0.841688654983
0.451795050997,0.841688654668
0.451670792927,0.852242744378
0.451607118339,0.832453826644
0.451583824875,0.82585751916
0.451681011113,0.837730870555
0.451708528014,0.845646437523
0.451703637445,0.817941951878
0.451654210647,0.837730870555
0.451599828958,0.837730871027
0.451613791621,0.845646438781
0.451706387201,0.839050132241
0.45171570715,0.843007915095
0.451737223168,0.831134564487
0.451701447328,0.841688653724
0.451628671551,0.817941952821
0.451605540703,0.850923483636
0.451573293646,0.82585751916
0.451712169245,0.856200528019
0.451659201003,0.833773087229
0.451629440907,0.853562006063
0.451602714357,0.839050132241
0.45162168043,0.841688654196
0.451683595423,0.84168865514
0.451648360035,0.837730871499
0.451587065936,0.828496042216
0.451585201129,0.833773086442
0.45163291158,0.829815303273
0.451650999152,0.852242743749
0.451655032767,0.846965699995
0.451654220162,0.839050131297
0.451636463758,0.836411610285
0.451591197293,0.832453825071
0.451600969231,0.853562005592
0.45165090715,0.828496043003
0.451666124814,0.843007916354
0.451650498253,0.846965699838
0.45160449196,0.845646438781
0.451620619656,0.833773086442
0.451795935002,0.828496041902
0.451702067437,0.840369393454
0.451705374158,0.837730871341
0.451604130086,0.840369392354
0.451643873016,0.836411610285
0.451637573639,0.828496042531
0.451649971326,0.858839050289
0.451685337247,0.82585751916
0.451597598266,0.840369393769
0.451616683862,0.848284959793
0.451605664709,0.839050132712
0.451617755959,0.839050132241
0.451655912604,0.841688654196
0.451621328306,0.83641160887
0.451664203547,0.846965699523
0.451621357872,0.832453826487
0.45157530778,0.850923483164
0.451624408561,0.840369393454
0.451659679413,0.844327176152
0.451653722566,0.839050132241
0.451631669162,0.853562005434
0.451674163656,0.829815304216
0.451762931643,0.843007916196
0.451695797783,0.835092347656
0.451730250683,0.844327176466
0.451600824623,0.839050132712
0.451553700939,0.832453826329
0.451560520166,0.845646437837
0.451641755164,0.844327177567
0.451694957185,0.832453826172
0.451649607643,0.829815304059
0.451667707875,0.833773086599
0.451618475618,0.839050132712
0.451600269938,0.846965699523
0.451598272317,0.833773086599
0.451627376369,0.82585751916
0.451741001537,0.84960422195
0.451717459039,0.849604221636
0.451625102743,0.829815302801
0.451605817259,0.828496041587
0.451603048316,0.835092349071
0.451574746411,0.843007914938
0.451616731514,0.841688654354
0.451653150896,0.827176781317
0.451683023753,0.858839050918
0.451679197654,0.835092348914
0.451632685035,0.846965699523
0.451636678704,0.825857520103
0.45164407715,0.84300791541
0.451620556434,0.832453825386
0.451667961077,0.853562005277
0.451625656484,0.852242743434
0.451625177838,0.845646437366
0.451651902265,0.825857520103
0.451615669954,0.843007915882
0.451642967151,0.817941952349
0.451611431026,0.840369393769
0.451651757342,0.83113456543
0.45157491689,0.84828495995
0.451560502395,0.825857520575
0.451619071429,0.840369392668
0.451629378078,0.837730870083
0.451622398595,0.843007916196
0.451676161906,0.846965699523
0.45158143141,0.84168865514
0.451577950593,0.829815303745
0.451578997685,0.848284960265
0.451578708154,0.858839050918
0.451605815214,0.829815304216
0.451622701572,0.819261213563
0.451674987427,0.836411609813
0.451649684076,0.836411609499
0.45153507378,0.845646437837
0.45165322434,0.839050131297
0.451646896969,0.840369392511
0.451561034433,0.839050131769
0.451586781753,0.841688653724
0.451534167286,0.854881266491
0.451717497019,0.836411609341
0.451686173442,0.850923483164
0.451626323144,0.836411609656
0.451591187778,0.854881266805
0.45158611297,0.833773087858
0.451587064049,0.823218998148
0.451637422897,0.839050131454
0.451673151085,0.84168865514
0.451581195822,0.835092348914
0.451561899566,0.827176780845
0.451636905091,0.853562005592
0.451627399802,0.828496041587
0.451630936685,0.839050131769
0.451613254629,0.833773087386
0.451620636247,0.839050132712
0.451595547567,0.846965699051
0.451608348176,0.837730871341
0.45161593039,0.83641160887
0.451601025926,0.839050132712
0.451612521287,0.840369392668
0.451680548351,0.837730871341
0.451668978209,0.832453826172
0.451580294518,0.840369393454
0.451549421357,0.84300791541
0.451597419137,0.837730870083
0.451648558586,0.833773086914
0.451584515282,0.850923482692
0.4516230189,0.84168865514
0.451564959218,0.846965699051
0.451629079741,0.837730870083
0.451611268174,0.841688653724
0.451538398351,0.836411610285
0.451564138043,0.841688653882
0.451580512571,0.840369392668
0.451597042166,0.827176781632
0.451634684465,0.835092349071
0.451613966267,0.841688654196
0.451621103727,0.844327176938
0.451772512106,0.844327176466
0.45172741962,0.84960422195
0.451582703789,0.828496042531
0.451557397921,0.829815303273
0.451577787034,0.837730871499
0.451630510095,0.832453826644
0.451597656612,0.841688653724
0.45159867225,0.852242743592
0.451612112233,0.845646438624
0.451622522129,0.819261213563
0.451612547708,0.835092348128
0.451613992374,0.8337730877
0.451602022692,0.841688654039
0.451607771552,0.84168865514
0.451535412614,0.836411610128
0.451558433925,0.840369392511
0.45159109271,0.825857519632
0.451631374205,0.835092348599
0.451620685551,0.833773086914
0.451706295749,0.844327176309
0.451712698924,0.829815303745
0.45167776211,0.840369393926
0.45153715546,0.835092348599
0.451523514646,0.845646438152
0.451551896601,0.835092348599
0.451537810875,0.846965699523
0.451602026152,0.836411609341
0.451617186334,0.846965699995
0.451601116355,0.821899736934
0.451701867392,0.845646437366
0.451676215613,0.825857520103
0.451628213979,0.862796833773
0.451606291265,0.819261213249
0.451523189652,0.84432717741
0.451516820211,0.8324538257
0.451521812454,0.844327176624
0.451596422214,0.832453826172
0.451592757787,0.836411609341
0.451582647329,0.845646437837
0.451582787691,0.835092347656
0.451619903456,0.837730869926
0.451625914247,0.848284961051
0.451717575968,0.853562004805
0.45170792033,0.832453826015
0.451541925798,0.844327176152
0.451561815191,0.833773087229
0.451548817133,0.846965699995
0.45157928698,0.840369392983
0.451592730658,0.843007915882
0.451583119684,0.841688654196
0.451553683797,0.840369392983
0.451573991996,0.845646438624
0.451645650147,0.837730871499
0.451642987517,0.845646437837
0.451636761191,0.835092348128
0.451627184423,0.850923482378
0.451631676317,0.825857519317
0.451603555585,0.857519789705
0.451564913139,0.841688653882
0.451539722156,0.844327177567
0.451544046795,0.843007916354
0.451562539726,0.825857519946
0.451558877422,0.837730871499
0.45158912151,0.8324538257
0.451649776864,0.841688654196
0.451596801624,0.841688653724
0.451559026276,0.836411610128
0.451500848604,0.850923483164
0.451515723501,0.823218997519
0.451600838187,0.850923483636
0.451609763904,0.839050131454
0.451585681662,0.832453826644
0.451543397356,0.836411609341
0.45156257291,0.843007915725
0.451666886621,0.833773086442
0.451534579761,0.840369393926
0.451553265463,0.829815303116
0.451587596481,0.85224274485
0.451623149,0.844327176152
0.451618569036,0.841688653724
0.451598868678,0.831134564015
0.451556608356,0.833773087229
0.451586595469,0.841688653724
0.451611359547,0.84036939314
0.451617661205,0.829815303745
0.451543430854,0.835092347813
0.45158010847,0.821899735519
0.451587759725,0.865435356358
0.451597485033,0.825857520575
0.451582198407,0.852242744378
0.451625149451,0.840369393926
0.451629007083,0.856200528491
0.451604761203,0.83113456543
0.451600763288,0.836411609813
0.45168081382,0.85092348285
0.451608903411,0.833773087386
0.451559151225,0.845646438309
0.45150689533,0.839050131297
0.451515554438,0.848284960265
0.451551248027,0.832453826172
0.451610406187,0.829815302801
0.451654177071,0.861477573346
0.4515518679,0.833773087858
0.451505075973,0.841688654668
0.451523222757,0.829815304216
0.451575641267,0.857519788761
0.45160445681,0.840369393454
0.451616243196,0.843007915882
0.451625831523,0.845646438309
0.451616576605,0.833773086442
0.451548054696,0.841688654668
0.451555275823,0.825857519632
0.451556270229,0.839050132241
0.451657436533,0.845646438781
0.451622959413,0.82453825889
0.451552613508,0.846965698737
0.45158136752,0.84828495995
0.451591790194,0.854881265862
0.451585373731,0.825857520103
0.451534086136,0.836411610285
0.451560853339,0.843007916039
0.451587709792,0.853562005277
0.451570125007,0.829815303745
0.451556596718,0.835092347656
0.451590895967,0.839050131297
0.451561003845,0.832453826015
0.451587745885,0.848284961051
0.451551356699,0.836411609027
0.451519788255,0.82585751916
0.451569149158,0.836411609027
0.451568993069,0.836411609184
0.451583151295,0.854881266805
0.451609924082,0.831134564172
0.451574932381,0.823218996732
0.451629432886,0.840369392511
0.451580384633,0.84564643768
0.451646652417,0.837730870555
0.451578033552,0.845646438781
0.451570903877,0.829815304059
0.451549818616,0.844327177096
0.451554895155,0.831134564015
0.451583836827,0.844327176309
0.451566696953,0.844327177096
0.45159344096,0.840369392983
0.45159172768,0.856200528334
0.451598676732,0.841688654196
0.451561082636,0.840369393454
0.451553084841,0.848284961209
0.451648916135,0.844327176152
0.451631377744,0.836411609813
0.45154373564,0.844327176781
0.451567976959,0.836411609813
0.451567577183,0.831134564958
0.451558685397,0.83641160887
0.4516065506,0.845646437837
0.451576183528,0.845646437837
0.45165836009,0.829815303116
0.451538415572,0.843007914938
0.451546911042,0.836411609813
0.451575049467,0.839050131454
0.451646828911,0.835092349071
0.451595692647,0.836411610285
0.451631396852,0.828496042059
0.451509596333,0.837730870555
0.451565758377,0.831134564958
0.451556193954,0.837730871499
0.451563307195,0.844327176624
0.451557525387,0.845646438152
0.451534254884,0.840369393769
0.451546514726,0.841688654039
0.451612826152,0.833773086914
0.451570648317,0.850923482692
0.451552144534,0.844327176781
0.451552598096,0.824538258732
0.451503100213,0.835092347813
0.451630244548,0.833773087858
0.451549679591,0.833773086442
0.451537619795,0.828496042374
0.45159027004,0.836411609813
0.45157989144,0.828496041587
0.451603842914,0.845646438309
0.451565649862,0.831134565273
0.451551768113,0.835092349071
0.451606581268,0.836411609341
0.451586040862,0.84168865514
0.451542894019,0.825857519632
0.451510374024,0.828496042374
0.451571096688,0.843007915567
0.451575069204,0.833773086442
0.451531435066,0.833773086914
0.451546238563,0.856200528334
0.451645180229,0.845646438309
0.451583113708,0.836411609813
0.451552584178,0.844327176624
0.451549243172,0.837730870083
0.45159866769,0.846965699838
0.451595811306,0.832453826172
0.451551308339,0.837730870083
0.451565990976,0.828496041587
0.451552268855,0.82453825889
0.451552290715,0.833773086442
0.451566300402,0.836411610285
0.451545306907,0.844327177567
0.451555902536,0.835092349071
0.451535310704,0.837730871499
0.451576282292,0.839050132555
0.451579363963,0.840369393454
0.45152814816,0.835092348128
0.451547111795,0.843007915567
0.451564572103,0.835092348914
0.45156653654,0.840369393454
0.451576566161,0.832453826172
0.451530535177,0.856200527547
0.451492480914,0.83641160887
0.451615189814,0.840369392983
0.451627104767,0.839050131769
0.45155470659,0.836411609499
0.451541317956,0.841688654668
0.451542200702,0.831134564644
0.451526127421,0.840369393454
0.451531608847,0.839050131297
0.45164318025,0.843007915095
0.45157502509,0.841688654668
0.451533506288,0.840369393926
0.451523914186,0.829815303587
0.451549425367,0.827176781317
0.451525278173,0.839050131769
0.451578009805,0.828496042845
0.451604884029,0.840369393769
0.451570171558,0.844327177096
0.451493901439,0.850923482221
0.451500347233,0.831134564487
0.451550356316,0.829815302958
0.45158057477,0.836411609341
0.451557627297,0.843007916196
0.451615835479,0.84168865514
0.451563678505,0.849604222422
0.451554889572,0.837730871027
0.451696095335,0.836411610128
0.451579040226,0.8324538257
0.451602216132,0.85356200512
0.451551378245,0.839050132555
0.451572501801,0.841688653724
0.451531760139,0.839050131769
0.451487697602,0.82585751916
0.451493672928,0.839050132083
0.451559386499,0.83641160887
0.45155888324,0.841688654196
0.451566738315,0.841688654196
0.451582482748,0.846965699051
0.451552873472,0.824538259362
0.451544727059,0.839050132398
0.451520483066,0.839050131297
0.451517422942,0.845646438309
0.451614259573,0.839050132712
0.451610641618,0.840369393454
0.451613869862,0.845646438781
0.451543070002,0.836411610285
0.451547646664,0.8324538257
0.451582331613,0.849604221479
0.451555823568,0.853562005277
0.451551212524,0.833773086599
0.451539684176,0.840369393297
0.451559239296,0.850923483479
0.451623432397,0.828496041902
0.451568986071,0.825857520103
0.451553001803,0.864116095301
0.451557591597,0.852242743906
0.451500561275,0.840369393769
0.451514103796,0.839050132083
0.451549929333,0.844327177096
0.451546702898,0.831134564958
0.451537177242,0.837730870241
0.451499232202,0.84300791541
0.451497715507,0.831134564015
0.45148390044,0.849604222422
0.451528299452,0.85092348285
0.451587128136,0.829815303116
0.451547052662,0.833773087858
0.451549055944,0.836411610285
0.451582029423,0.832453826644
0.451550832446,0.832453825228
0.451532067677,0.84828495995
0.451561132569,0.836411610285
0.451592328602,0.845646438781
0.451539200025,0.839050132712
0.451574416934,0.8324538257
0.451538290229,0.836411609027
0.451511856748,0.841688654511
0.451576432012,0.845646438624
0.451569326084,0.84168865514
0.45154258137,0.837730870555
0.451478859995,0.829815303587
0.451491113153,0.846965699051
0.451493852057,0.840369392354
0.451507836659,0.852242743434
0.451522550828,0.850923483636
0.451522524722,0.835092347813
0.45152428298,0.828496042059
0.451602434105,0.819261213563
0.451575318238,0.825857519632
0.451567624836,0.846965699051
0.451595862182,0.831134564329
0.451566505243,0.841688654668
0.451485257114,0.83641160887
0.451499319879,0.837730871027
0.451494930602,0.831134564958
0.451560374379,0.839050131769
0.451533379844,0.85092348285
0.451539222987,0.829815303273
0.451516885556,0.85092348285
0.451516498676,0.843007916354
0.451573946938,0.840369393454
0.451555970634,0.83641160887
0.451574464272,0.836411609892
0.451570701473,0.839050132555
0.451590223724,0.836411609813
0.45153315959,0.841688653882
0.451525978803,0.848284960737
0.451493224085,0.837730871499
0.451500054793,0.835092348914
0.451497986559,0.835092348128
0.45156495741,0.831134564172
0.451613295204,0.827176780374
0.451536971535,0.837730871499
0.4515730833,0.843007916354
0.451569856943,0.850923482378
0.451517198913,0.841688653882
0.451497743501,0.841688653882
0.451624034263,0.836411609341
0.451595591681,0.835092348128
0.451560391442,0.844327176309
0.451574247006,0.829815304216
0.451593586826,0.824538259047
0.451555321902,0.845646438309
0.451522169846,0.835092347813
0.451559599912,0.836411610128
0.451556811075,0.846965699523
0.45151797283,0.825857520103
0.451517520369,0.84960422195
0.451533008534,0.839050132555
0.45157022267,0.845646438309
0.451610453525,0.856200528334
0.451592270334,0.843007915882
0.451575131718,0.836411609656
0.451564773249,0.845646438781
0.451531631179,0.841688654511
0.451505443981,0.849604221007
0.451480189854,0.823218997676
0.451522732237,0.837730870083
0.45156217046,0.829815304059
0.451554203725,0.831134564329
0.451569664761,0.846965699995
0.451555474688,0.827176781317
0.45156662461,0.835092348128
0.4515084975,0.843007915882
0.451530206644,0.852242743906
0.451516513145,0.819261214035
0.451512680441,0.845646438781
0.451506288983,0.836411609813
0.451499308791,0.850923482221
0.451583427301,0.845646437837
0.451518032356,0.840369392983
0.451506736804,0.827176780531
0.45152477523,0.864116095773
0.451599016746,0.854881266491
0.45154872922,0.821899735833
0.451510337852,0.837730870241
0.451501031271,0.837730871027
0.451516394093,0.846965699995
0.45148738456,0.82058047572
0.451526186082,0.843007915567
0.451564200164,0.817941952664
0.451554535404,0.84432717741
0.451536071568,0.848284960422
0.45153227362,0.852242744692
0.451538728929,0.84168865514
0.451573037692,0.846965699995
0.451566122295,0.839050131769
0.451550214696,0.816622691607
0.451483795542,0.829815304216
0.451451622402,0.839050132083
0.451518677627,0.836411609813
0.451571013022,0.844327177567
0.451574191097,0.845646438781
0.451568012423,0.841688654196
0.451551242129,0.82453825889
0.451550478514,0.833773086442
0.451528291589,0.860158310717
0.45153492925,0.837730870083
0.451514145158,0.852242744378
0.451443582066,0.836411609184
0.451487452106,0.83113456543
0.451493715784,0.835092348599
0.451522893044,0.846965698579
0.451533526575,0.849604221164
0.451533405322,0.843007914938
0.451562146713,0.846965699051
0.451560111741,0.825857520418
0.451525800697,0.843007916354
0.451521289066,0.860158311031
0.451527600789,0.844327177567
0.451510976676,0.846965699995
0.451550881199,0.848284960265
0.451516977715,0.843007915095
0.451544150828,0.82453825889
0.451533064679,0.84036939314
0.451554687089,0.829815302958
0.451548512032,0.825857519003
0.451586485538,0.833773087858
0.451520159329,0.846965699051
0.451537880231,0.831134564487
0.451508920709,0.841688654354
0.451502131913,0.844327177567
0.451498802309,0.824538257946
0.451491463467,0.846965699523
0.451501390708,0.832453826644
0.451497670293,0.841688654354
0.451482348675,0.824538257946
0.451625271177,0.833773087386
0.451587035426,0.829815303745
0.45157130727,0.828496042059
0.451558554864,0.835092348128
0.451499611926,0.845646438309
0.451480666062,0.829815304216
0.451466500602,0.849604221007
0.451527983107,0.840369392983
0.451544965713,0.845646438309
0.451528966741,0.8324538257
0.451504378095,0.853562005592
0.451528097284,0.840369392511
0.451520343726,0.839050131297
0.451538140588,0.835092349071
0.45163421439,0.833773087229
0.451546417928,0.84168865514
0.451480222566,0.849604221164
0.451501753368,0.832453825543
0.451500711152,0.833773086599
0.451522322671,0.835092348285
0.451468017847,0.84036939314
0.451476843738,0.840369393926
0.451534553851,0.836411610128
0.451534185136,0.848284961209
0.451523010209,0.829815303745
0.451546709267,0.853562005906
0.451572160686,0.839050132241
0.451495032826,0.840369392511
0.451462829255,0.850923483636
0.451525713334,0.835092348128
0.451538398508,0.829815303273
0.451491965703,0.844327176624
0.45158066229,0.841688653724
0.45161584405,0.827176780845
0.451527497699,0.825857520418
0.451570818481,0.840369393454
0.451657345553,0.84168865514
0.45151961526,0.861477572402
0.451441839691,0.829815303273
0.451443839356,0.848284959793
0.451455049748,0.829815303745
0.451489708748,0.850923483636
0.451564381022,0.837730870555
0.451507954296,0.835092348442
0.451489607231,0.852242744378
0.451516733321,0.843007916354
0.451499714071,0.837730871499
0.451534662917,0.840369392983
0.451524123432,0.833773086914
0.451549768448,0.835092348128
0.451620225384,0.82585751916
0.451539079086,0.857519789075
0.451519059789,0.840369392983
0.451540781986,0.828496041902
0.451534326913,0.839050131297
0.451530623876,0.837730870555
0.451463212517,0.840369393926
0.451469068556,0.837730871027
0.451493398495,0.835092348914
0.451544872217,0.846965699838
0.451567645123,0.848284959793
0.451534628711,0.835092347813
0.45154993641,0.865435355729
0.451553638661,0.839050132241
0.451502463041,0.817941952507
0.451535327139,0.856200528491
0.451597220036,0.832453825228
0.45151391594,0.844327176624
0.451516142778,0.835092348914
0.451534945213,0.824538257946
0.451520805309,0.835092348914
0.451502106435,0.845646438781
0.451595563451,0.839050131926
0.451515706674,0.835092348599
0.451530203577,0.846965699995
0.451506918999,0.833773086914
0.451553442783,0.841688653882
0.45152618451,0.836411609341
0.451499339144,0.845646438781
0.451516530445,0.833773087229
0.451497358666,0.849604222422
0.451490444999,0.833773087071
0.451502494416,0.84300791541
0.451558994429,0.844327176309
0.451576557354,0.836411609184
0.451523818567,0.854881266176
0.451515121479,0.856200528019
0.451479183023,0.840369393297
0.451431734266,0.845646438309
0.451419982401,0.843007916354
0.451455577068,0.841688653882
0.45148722682,0.839050132712
0.451504086599,0.854881265862
0.451492723343,0.841688654511
0.451514364704,0.840369392668
0.451510820666,0.832453826487
0.451494631557,0.839050132712
0.45148121831,0.843007915882
0.451530706128,0.823218997519
0.451526815863,0.844327177096
0.451513999213,0.840369393454
0.451558605662,0.848284960579
0.451522491066,0.853562005906
0.4514863863,0.844327177096
0.451473233253,0.831134565273
0.451482762369,0.835092349071
0.451509095748,0.844327177567
0.451499286145,0.823218997204
0.451509960173,0.848284960737
0.451447959311,0.8324538257
0.451480114837,0.843007915882
0.451534718983,0.831134564487
0.451560954069,0.845646438781
0.451489748143,0.827176780845
0.451451551002,0.835092349071
0.45141308619,0.831134564172
0.45141842922,0.841688654196
0.451482498866,0.839050132712
0.451553429258,0.83641160887
0.451538724368,0.846965698737
0.451558641047,0.835092348128
0.451529927021,0.844327177096
0.451501812658,0.853562006063
0.451473312045,0.829815303745
0.451527342318,0.831134564801
0.451500604524,0.833773086914
0.451529088231,0.846965699208
0.451523747954,0.832453825228
0.451536767951,0.849604221636
0.451488109173,0.828496041745
0.451470984318,0.828496042374
0.451609922352,0.844327176781
0.451539663337,0.848284961209
0.451517546633,0.840369393454
0.451503624152,0.835092349071
0.451476150657,0.835092348599
0.451488711431,0.852242744378
0.451485223852,0.825857519317
0.451507438456,0.844327177096
0.451526134813,0.850923483479
0.451491555627,0.841688654511
0.451555085764,0.828496043003
0.451524197819,0.856200527547
0.451473314561,0.835092348128
0.451484581411,0.840369393454
0.451463852127,0.836411609341
0.451472848103,0.829815303745
0.451524403212,0.843007916354
0.451510619598,0.835092348128
0.451466422597,0.840369392511
0.45150219482,0.852242743906
0.45150321266,0.833773086442
0.451485419808,0.832453826172
0.451495240499,0.831134564015
0.451527992465,0.846965699523
0.451478016093,0.833773086442
0.451490441146,0.844327176781
0.451519266597,0.833773086914
0.451497404902,0.831134565273
0.451498821024,0.831134564644
0.451501531698,0.831134564487
0.451515622928,0.835092348599
0.451539531468,0.845646437837
0.451584893119,0.843007916354
0.451534180654,0.844327177096
0.451491019342,0.835092348599
0.451469775555,0.846965699523
0.451470787261,0.836411609813
0.451541534672,0.839050132241
0.451510265745,0.839050131454
0.451500831383,0.845646437995
0.451514538328,0.839050131926
0.45149174482,0.843007916354
0.451551939378,0.840369392668
0.451559757809,0.825857520575
0.451529726347,0.837730870555
0.451507205699,0.849604221164
0.451487949624,0.831134564487
0.451508540355,0.85883904966
0.451476666339,0.846965699523
0.451467835966,0.843007915725
0.451488670306,0.845646437523
0.451484503052,0.841688654354
0.451514578746,0.841688654668
0.451528571998,0.845646438624
0.451498279156,0.837730871341
0.451519021258,0.836411610285
0.451483416604,0.841688653882
0.451480810592,0.843007915882
0.451435283809,0.843007915882
0.451487027797,0.848284960265
0.451511163668,0.845646438624
0.451538317987,0.840369392511
0.451513127633,0.843007916354
0.451510472002,0.831134565273
0.451509641626,0.844327176152
0.451513398842,0.836411609341
0.451470423814,0.845646437366
0.451534610704,0.840369393454
0.451521426518,0.848284960737
0.451549870358,0.82585751916
0.451520966823,0.836411610285
0.451531519519,0.848284960737
0.451488308903,0.841688654196
0.451576105759,0.828496042531
0.451532187987,0.858839049975
0.4514936734,0.848284959793
0.451575489346,0.85224274485
0.45153448371,0.823218996732
0.451480560535,0.840369392511
0.451465992468,0.839050132241
0.451462976261,0.83113456543
0.451419383523,0.836411609656
0.451487756499,0.841688654983
0.451533018285,0.827176780845
0.451477256803,0.835092348128
0.451472927917,0.848284960265
0.451490937248,0.843007915725
0.451549620144,0.856200528491
0.451495265741,0.831134565273
0.451516128782,0.841688653724
0.451507253351,0.835092348599
0.451459129009,0.837730870241
0.451485212529,0.843007916196
0.451529728391,0.861477572402
0.451481029509,0.844327177096
0.451475507351,0.843007915725
0.451495063022,0.850923482378
0.451451994184,0.835092348914
0.451487119956,0.850923483636
0.451492028689,0.845646438781
0.451491384676,0.828496041587
0.451483605169,0.837730870555
0.45147177404,0.846965699995
0.451503976747,0.831134564487
0.451505502642,0.832453826172
0.451552332391,0.833773086914
0.451542539144,0.846965699838
0.451530582122,0.82981530343
0.451517272043,0.840369392983
0.451545925914,0.840369392511
0.451515294788,0.832453825543
0.451449890879,0.839050131926
0.451457767185,0.83773087087
0.451421111901,0.846965699523
0.45143842304,0.821899735519
0.45149866352,0.852242744378
0.451552513879,0.833773087386
0.451593429086,0.841688654668
0.451537231381,0.846965699995
0.451493105269,0.837730871027
0.451493252079,0.843007915882
0.451496008754,0.835092347656
0.451470009255,0.819261214507
0.451450954169,0.835092348128
0.451480898662,0.846965699051
0.451505429669,0.83113456543
0.451498339154,0.829815302801
0.451496654025,0.850923483636
0.451511011746,0.827176780845
0.451496710485,0.849604221164
0.451479445819,0.8337730877
0.451474279716,0.85356200512
0.451479327553,0.849604221007
0.45146460552,0.833773087071
0.451498808207,0.836411610285
0.45148549223,0.823218998148
0.45144158932,0.835092347813
0.451463522021,0.846965698737
0.451436424633,0.843007914938
0.451432883582,0.844327176309
0.451435367751,0.848284960422
0.451496282086,0.836411609341
0.451516083488,0.836411609184
0.451548478062,0.837730870241
0.451509715463,0.831134564487
0.451511174047,0.83641160997
0.451493429674,0.852242743592
0.451524309637,0.832453825228
0.451490453648,0.840369393926
0.45147024618,0.839050131769
0.45145232948,0.845646437523
0.451474810653,0.831134564172
0.451637229536,0.839050131297
0.451610884125,0.84960422195
0.45151303508,0.844327176624
0.451428018019,0.831134564015
0.451433036368,0.841688653882
0.451429106472,0.846965699051
0.451448584216,0.831134564644
0.45149384954,0.845646437366
0.451504799024,0.831134565273
0.451489059938,0.833773086757
0.451488780944,0.843007916354
0.451442600948,0.844327176152
0.451439635735,0.840369393926
0.451492140979,0.840369392668
0.451493265604,0.841688654511
0.451479131911,0.841688654511
0.451490860973,0.839050131454
0.451518633749,0.835092348914
0.45153520447,0.833773086914
0.451480372915,0.841688653882
0.45144868015,0.843007916354
0.451495510922,0.837730870555
0.451505421963,0.850923482692
0.451503067108,0.829815303745
0.451471873512,0.858839049503
0.451456115554,0.825857520575
0.451447493168,0.849604222265
0.451552860341,0.846965698579
0.451500034584,0.845646438781
0.451530811655,0.845646438309
0.451477220631,0.840369392511
0.451497665496,0.841688654983
0.451528917831,0.833773087386
0.451548083476,0.828496042059
0.451483274749,0.841688654668
0.451449218243,0.843007915882
0.451445005028,0.837730871499
0.451440931939,0.829815302801
0.451467659983,0.848284960737
0.451479920926,0.836411609813
0.451471735667,0.850923483636
0.451460004167,0.824538259204
0.451478866128,0.846965698894
0.45145754638,0.829815304216
0.4514956089,0.832453826172
0.451527916033,0.850923482378
0.451491376498,0.836411609813
0.451463357597,0.854881266333
0.451433969834,0.839050132712
0.45144825065,0.839050131454
0.451486725291,0.819261214035
0.451514588811,0.841688653567
0.451522421003,0.836411609813
0.451485377817,0.835092348599
0.451506750801,0.840369392983
0.451552690805,0.829815304059
0.451532401557,0.828496043003
0.451501768073,0.846965699051
0.45143712542,0.824538257946
0.451470825163,0.837730870083
0.451504157605,0.844327176309
0.451468712736,0.853562004805
0.451475047656,0.827176781789
0.451493249955,0.848284959793
0.451481620051,0.843007916196
0.451466729034,0.835092347656
0.451510439919,0.8324538257
0.451505149575,0.840369392983
0.451487903702,0.832453825228
0.45147303541,0.849604221007
0.451451545105,0.839050132712
0.451496769224,0.837730871027
0.45148650948,0.850923483636
0.451487642873,0.833773087386
0.451494304439,0.840369392668
0.451473229636,0.848284960579
0.451434055388,0.823218998148
0.451438979297,0.839050132083
0.451512205412,0.82453825889
0.451492379476,0.8324538257
0.451493555921,0.840369393454
0.451498295198,0.848284960737
0.451480924454,0.832453826172
0.451463975818,0.841688654196
0.451549513202,0.832453825386
0.451519951421,0.844327177567
0.451468067308,0.828496042374
0.451445419902,0.850923483636
0.451439642183,0.824538257946
0.45142771803,0.839050131769
0.451449089912,0.841688654196
0.451500494122,0.846965698737
0.451525903943,0.840369393297
0.451475284738,0.856200528019
0.451453152779,0.831134564801
0.451469808109,0.850923482378
0.451469971825,0.836411609341
0.451497361811,0.845646437366
0.451463846858,0.828496041745
0.451465217844,0.839050131454
0.451459442169,0.837730870241
0.451429440667,0.845646437837
0.451475388142,0.846965699051
0.451528867033,0.835092347813
0.45149656682,0.836411609027
0.451472438892,0.825857519003
0.451459200684,0.840369392511
0.451447094651,0.839050132241
0.451563292018,0.839050131769
0.451531243749,0.846965699995
0.451511016386,0.829815303273
0.451520221765,0.84960422195
0.451434697828,0.836411609813
0.451451009606,0.837730870555
0.451460642755,0.821899736934
0.451503787553,0.845646438309
0.451495860293,0.828496042059
0.45148217049,0.846965699995
0.451488839919,0.844327176309
0.451561597925,0.820580474777
0.451467866948,0.84828495995
0.451440528389,0.839050132712
0.451425010737,0.841688653882
0.451405560907,0.841688654668
0.451432091501,0.82585751916
0.451448171466,0.84960422195
0.451474148869,0.831134564172
0.45149523987,0.843007914938
0.451494120435,0.839050132712
0.45145811687,0.848284960737
0.451474129367,0.836411609341
0.451471473737,0.839050132083
0.451459461749,0.837730871027
0.451464471685,0.846965699208
0.451500486809,0.832453826015
0.451492693305,0.836411609027
0.451497892906,0.837730871027
0.451483514622,0.825857519789
0.451465534189,0.848284960894
0.451467266183,0.833773086285
0.45149198607,0.824538257946
0.451506544229,0.84432717741
0.451542340042,0.828496043003
0.451459237092,0.839050131454
0.451437615939,0.839050132712
0.451466029269,0.833773087858
0.451434598906,0.845646437995
0.451460734206,0.840369392668
0.451471470198,0.833773086442
0.451495813348,0.848284959793
0.451487001376,0.836411610285
0.451525746361,0.832453826015
0.451541987447,0.835092348914
0.4515033704,0.844327177096
0.451447331261,0.815303430079
0.451447063826,0.852242743906
0.451485645488,0.836411609341
0.451430733805,0.832453826487
0.45148483941,0.84300791541
0.451497910834,0.846965698737
0.451505759185,0.829815302958
0.451482539441,0.844327177096
0.451478491358,0.848284960265
0.451498323821,0.835092349071
0.451466097052,0.849604222265
0.451477642267,0.836411609027
0.451494054304,0.833773086914
0.45149025321,0.835092348285
0.451473433456,0.82717678116
0.451494198951,0.845646437523
0.451451382096,0.831134564958
0.451474839669,0.833773086599
0.451474759069,0.827176780374
0.451502950808,0.848284960265
0.451495728424,0.835092349071
0.451464913373,0.836411610285
0.451456136864,0.841688654983
0.451452542971,0.841688653882
0.451461281657,0.83113456543
0.45148211812,0.841688654983
0.451460730511,0.850923482692
0.451456467992,0.850923483636
0.45143720657,0.820580475406
0.451449099191,0.841688654196
0.45154584382,0.817941952664
0.451500681349,0.849604222422
0.451493904663,0.853562005277
0.45146380361,0.84168865514
0.451494401709,0.829815304216
0.451489020463,0.84168865514
0.451480731093,0.829815303273
0.451440867617,0.845646438781
0.45147512975,0.839050132083
0.451477290773,0.839050131926
0.451472766245,0.829815304216
0.451477621979,0.83773087087
0.451486035985,0.8324538257
0.451479227609,0.856200528334
0.451465056094,0.840369392668
0.451439538858,0.831134564172
0.451418799115,0.840369393926
0.451514559088,0.836411609341
0.451517985647,0.854881266805
0.451567623892,0.854881266333
0.451493118243,0.84432717741
0.451446752592,0.83113456543
0.451436870488,0.835092349071
0.451430465033,0.837730870712
0.451472475299,0.831134564015
0.451532538931,0.84960422195
0.451485147184,0.828496042059
0.451455825709,0.836411610285
0.451452016988,0.840369392668
0.451479208186,0.843007914938
0.45150422987,0.848284960737
0.451522260354,0.829815302801
0.451493776253,0.835092348285
0.451494854877,0.844327177567
0.451461075321,0.839050132241
0.451440192621,0.844327177567
0.451438952876,0.827176781789
0.451461215958,0.846965699208
0.451497199982,0.823218998148
0.451512789034,0.849604221164
0.451473322503,0.835092348285
0.45145146537,0.837730871027
0.451483430523,0.82453825889
0.451506601317,0.845646437366
0.451520280583,0.841688654668
0.451515329387,0.833773086442
0.451445517722,0.840369393769
0.451459112771,0.83905013114
0.451465043827,0.856200527075
0.451442642231,0.844327177096
0.451473756249,0.833773086442
0.45145608929,0.854881265862
0.451449057515,0.837730870555
0.451465456105,0.837730871341
0.451463502362,0.84168865514
0.451438535015,0.836411609027
0.451437899337,0.828496043003
0.451442958812,0.852242743906
0.451444802231,0.831134564172
0.451457686663,0.843007915567
0.45149674068,0.832453825858
0.451518985322,0.853562006063
0.451511427721,0.836411610285
0.451481046651,0.827176781789
0.451422815666,0.84168865514
0.451417733465,0.848284961209
0.451462756518,0.835092348599
0.451452105844,0.850923482692
0.451469617736,0.831134564487
0.45145693382,0.849604222422
0.451424632507,0.833773087858
0.451451682006,0.833773086442
0.451444128572,0.84960422195
0.451447473746,0.832453825386
0.451468861512,0.840369392511
0.451483259022,0.835092349071
0.451505041138,0.835092349071
0.4515006911,0.860158310874
0.45145944846,0.823218997204
0.45148280546,0.837730871027
0.451465430706,0.828496042059
0.451455288481,0.832453825543
0.451449270456,0.84300791541
0.451456833169,0.840369392983
0.451468370599,0.817941952035
0.451443883549,0.84300791541
0.451440305933,0.835092348599
0.451478754782,0.825857520418
0.451466230415,0.837730870398
0.451429532354,0.837730871499
0.451438228263,0.843007915095
0.451464403981,0.845646438781
0.451459901629,0.83113456543
0.451458723454,0.843007915882
0.451477947918,0.827176780531
0.451473915954,0.849604221479
0.451473090296,0.840369393454
0.45144599283,0.843007916196
0.451475215619,0.845646438781
0.451474263517,0.83905013114
0.451478560635,0.824538259362
0.451452350711,0.839050131612
0.451456367891,0.835092349071
0.451508729942,0.844327177567
0.451499573002,0.828496042059
0.451469101189,0.845646437366
0.451468321768,0.825857520103
0.451495632175,0.846965699995
0.451546716659,0.854881267277
0.451534266837,0.841688654668
0.451444656836,0.812664906865
0.451446292268,0.850923483479
0.45146179844,0.828496041587
0.451461758022,0.854881266019
0.451451066144,0.831134564958
0.451502696348,0.84432717741
0.45149235911,0.848284960737
0.451470073499,0.84168865514
0.451442487479,0.836411610128
0.451481400348,0.846965698737
0.451458782665,0.83905013114
0.451476824551,0.843007915882
0.451475181806,0.83113456543
0.451482912167,0.844327177096
0.451461238408,0.844327176624
0.451475052925,0.835092348128
0.45147259789,0.853562006063
0.451489402075,0.832453826644
0.451431395982,0.84300791541
0.451440722458,0.82585751916
0.451455177764,0.837730871499
0.451445378147,0.849604222422
0.451453519528,0.835092348442
0.451450029747,0.846965698737
0.45142951301,0.823218996732
0.451448773017,0.840369392511
0.451434789515,0.849604221636
0.451411470338,0.846965699523
0.451436304559,0.837730870555
0.451501867781,0.850923482378
0.451507687883,0.828496043003
0.451466258252,0.84300791541
0.451502410434,0.843007915882
0.451487701062,0.837730871341
0.45146601024,0.844327176624
0.451506289533,0.835092349071
0.451473368818,0.844327176309
0.45147361683,0.844327177096
0.451482614301,0.84168865514
0.451475941805,0.833773087071
0.451444732954,0.848284961051
0.451450620446,0.852242744378
0.451480819831,0.833773086599
0.451453445612,0.839050132712
0.451419679581,0.837730870083
0.45142776466,0.831134564487
0.451432909296,0.825857519632
0.45143784618,0.843007915882
0.451441674874,0.852242743434
0.451480646876,0.837730870241
0.451460048124,0.839050132712
0.451446569689,0.845646438624
0.451441979817,0.832453826644
0.45145809619,0.829815304216
0.451469438686,0.844327177567
0.451474096262,0.843007915095
0.451439190666,0.836411609656
0.451453060384,0.841688654196
0.451446547672,0.832453825858
0.451560008258,0.824538258575
0.451542332021,0.840369393769
0.4515279467,0.836411609499
0.451537631118,0.841688653882
0.451444033897,0.828496042374
0.451424303266,0.839050132712
0.451422311778,0.844327177567
0.451433877045,0.840369393769
0.45145642836,0.844327176624
0.451466776057,0.832453825386
0.451448457026,0.836411610285
0.451418194025,0.844327177096
0.451471624085,0.835092347813
0.45155965873,0.835092349071
0.451562626066,0.836411609656
0.451442443287,0.843007915095
0.451416471074,0.831134564958
0.451441605126,0.831134564958
0.451453466057,0.84168865514
0.451451189207,0.832453825386
0.451430253665,0.849604221636
0.451459999095,0.831134564172
0.451520015193,0.837730871499
0.451468887854,0.844327176624
0.451535228768,0.839050132241
0.451466936549,0.841688653882
0.451416225578,0.833773086914
0.451432527763,0.845646438309
0.451452332389,0.844327176152
0.451449226971,0.841688654196
0.451448605369,0.837730870083
0.451456150389,0.840369393454
0.451454961835,0.850923482221
0.451533388337,0.817941951878
0.451561976706,0.843007916196
0.451482932926,0.853562005592
0.451411316373,0.829815304216
0.451405224511,0.833773086914
0.451441114685,0.840369392511
0.451480358446,0.843007915095
0.451443173876,0.841688654668
0.451426912738,0.840369393454
0.451441965348,0.841688654668
0.451466987583,0.844327176309
0.451504136689,0.848284960737
0.451456352243,0.83641160887
0.451474500913,0.848284961209
0.451450909033,0.827176781789
0.451429794206,0.8337730877
0.451420067955,0.857519789233
0.451447294696,0.833773087858
0.45143926238,0.840369392668
0.451431400386,0.832453826172
0.451472660325,0.846965699366
0.451503723467,0.831134564015
0.4515028327,0.841688654354
0.451457803356,0.828496042531
0.451441694218,0.84432717741
0.45142742386,0.831134564487
0.451416812582,0.83641160887
0.451425711995,0.8324538257
0.451444208622,0.841688654196
0.451446836338,0.85092348285
0.451455171945,0.837730871027
0.451452913574,0.829815303587
0.451432880437,0.85224274485
0.4514742426,0.829815304059
0.451589742248,0.845646438624
0.45150869267,0.843007916354
0.451424499536,0.833773087858
0.451421371393,0.839050132241
0.451442564855,0.833773087386
0.451460260829,0.856200527547
0.451475006531,0.835092348128
0.451449815783,0.828496041745
0.451432779156,0.837730870555
0.451442411047,0.840369393926
0.451439507718,0.839050131769
0.451470166523,0.840369392983
0.451452847206,0.828496042059
0.451436101289,0.844327176624
0.451442259125,0.844327176466
0.451459798775,0.836411609341
0.451428241025,0.837730871341
0.451414862141,0.846965699051
0.451449077488,0.829815304216
0.451488793054,0.835092348128
0.451502122005,0.829815303745
0.451499642042,0.856200527547
0.451478381821,0.832453825386
0.451456173822,0.845646437523
0.451472712853,0.839050131297
0.451442429683,0.84960422195
0.451493738981,0.832453826644
0.451492596821,0.840369392983
0.451434577361,0.849604221321
0.451418175153,0.833773086914
0.45143824226,0.854881267277
0.451451458922,0.829815302958
0.45147102049,0.846965699051
0.451440261662,0.840369392511
0.451454482953,0.846965699838
0.45148294362,0.833773086914
0.451500680013,0.856200528491
0.451465322034,0.845646437523
0.451463835221,0.840369392511
0.451458434631,0.840369393926
0.451454217799,0.839050132555
0.451460935038,0.833773087858
0.45147010456,0.846965699995
0.451516056596,0.817941953136
0.451505312072,0.840369393454
0.451457533012,0.854881266805
0.451431270246,0.840369392983
0.451412726282,0.839050131926
0.451443002218,0.844327177096
0.451451900924,0.828496042531
0.451432486008,0.83641160887
0.45151433907,0.835092348599
0.451491662884,0.825857519789
0.451440679602,0.845646437523
0.451427100123,0.846965699995
0.451432005868,0.823218997991
0.451510817048,0.844327176624
0.451552904612,0.844327176624
0.451458254716,0.848284959636
0.451431943669,0.849604221479
0.451424917634,0.840369393297
0.451439661055,0.83113456543
0.451437961536,0.82453825889
0.451477927945,0.845646438781
0.451475696702,0.836411608712
0.451461012571,0.848284959793
0.451392334181,0.844327176152
0.451405362356,0.84036939314
0.451429244868,0.837730871027
0.45147070674,0.845646437995
0.451483070929,0.82321899689
0.451485383636,0.835092347499
0.451417187116,0.839050132083
0.451454901601,0.837730870083
0.451419598037,0.844327177096
0.451465576179,0.840369392511
0.45150891025,0.839050131769
0.451459624286,0.844327177096
0.451424400693,0.836411609027
0.451450688701,0.832453826644
0.451450274063,0.853562005277
0.451450162796,0.827176781789
0.451468091841,0.846965699523
0.451444415351,0.839050132241
0.45145150854,0.835092349071
0.451438839171,0.831134564958
0.451510638549,0.828496041902
0.451496541657,0.828496042531
0.451453736086,0.850923483636
0.451484091206,0.848284960265
0.451457402716,0.840369392511
0.45144656387,0.835092348914
0.451433733931,0.839050131612
0.451431658345,0.835092348599
0.451442495342,0.840369393297
0.451464966293,0.849604221636
0.45148254754,0.831134564015
0.45144319322,0.857519789233
0.451417151416,0.840369392511
0.451465567058,0.839050132555
0.451458589933,0.845646438781
0.451416113131,0.831134564958
0.451409248689,0.850923483164
0.451438309413,0.829815302958
0.451436593617,0.83641160887
0.451468890764,0.857519788289
0.451523372397,0.843007914938
0.45150769842,0.848284960265
0.451442233569,0.840369392983
0.451438772804,0.841688654354
0.45140649225,0.840369392511
0.451402287999,0.81398416918
0.451437767389,0.841688654196
0.451460551932,0.853562006063
0.451444389638,0.829815303587
0.451456652035,0.829815302958
0.451433634695,0.860158311975
0.451432553319,0.84300791541
0.451468673341,0.839050132712
0.451442665664,0.839050131769
0.451513551313,0.835092347656
0.451491416484,0.833773087858
0.451488745244,0.836411609341
0.451462059899,0.84300791541
0.451419639635,0.828496043003
0.451412067722,0.840369392983
0.451432621967,0.828496043003
0.451437526139,0.836411609813
0.451459678465,0.841688654668
0.451441634613,0.828496041902
0.451440057921,0.843007916354
0.451461940847,0.829815302801
0.451449383768,0.841688654196
0.451434143065,0.846965699051
0.451433133639,0.850923482378
0.451433208656,0.831134564801
0.45140774898,0.833773086599
0.451439200888,0.841688654983
0.451416250584,0.841688654196
0.451411924608,0.836411610128
0.451440854406,0.84300791541
0.451470435531,0.839050131769
0.451476092232,0.848284960737
0.451445370205,0.831134564487
0.451443218304,0.835092348128
0.451446749919,0.837730870555
0.451464534435,0.841688653724
0.451478817925,0.835092349071
0.451491049066,0.832453826015
0.451464384794,0.835092348128
0.451469063759,0.835092347656
0.451426611176,0.844327176624
0.451443004419,0.841688653724
0.451428425658,0.843007915725
0.451413527721,0.841688654668
0.451427982319,0.845646437366
0.451422489256,0.849604221479
0.45142628744,0.83113456543
0.451485319235,0.843007916354
0.451481051763,0.844327177567
0.451467816779,0.831134565273
0.451446315465,0.832453826644
0.451459711649,0.833773087229
0.451436712591,0.849604222422
0.451424605378,0.839050131454
0.451454478078,0.843007914938
0.451455592008,0.837730870241
0.451417232724,0.841688654668
0.451412240559,0.825857520103
0.451452193285,0.831134564015
0.451444321934,0.849604222422
0.451458166803,0.835092348914
0.451511474115,0.820580474462
0.451460532746,0.841688654668
0.451431789153,0.831134565273
0.451446287511,0.854881266019
0.451414876925,0.823218997204
0.451442590332,0.843007916196
0.451466392087,0.828496043003
0.451462173053,0.844327177567
0.451407612156,0.853562004805
0.45143620603,0.840369392354
0.451429387825,0.827176780374
0.451460419434,0.833773087858
0.451475790827,0.836411609813
0.451485111405,0.837730871341
0.451444685774,0.846965699366
0.451445120895,0.833773087858
0.451426572803,0.846965699523
0.451430042375,0.84828495995
0.451429950295,0.820580475249
0.45145310316,0.836411609813
0.451466694907,0.827176781632
0.451443424955,0.844327176624
0.451448314423,0.839050132555
0.451453204874,0.848284961209
0.451451490218,0.836411609027
0.451413735236,0.833773086599
0.451477745278,0.839050131297
0.451467999682,0.837730871499
0.451466981056,0.837730870083
0.45142939844,0.846965699051
0.451416857953,0.844327177567
0.451426559828,0.848284960737
0.451427828039,0.832453826172
0.451443591344,0.839050132083
0.451473838991,0.85092348285
0.451474362439,0.84300791541
0.451422614913,0.827176781317
0.451411173495,0.83113456543
0.451456849132,0.833773086914
0.451438857886,0.837730871341
0.451453014068,0.84960422195
0.451467278765,0.832453826172
0.451464767035,0.844327177096
0.451433634145,0.840369393454
0.451410757127,0.845646438781
0.451407577322,0.836411609813
0.451434979181,0.840369393454
0.451441966371,0.844327177567
0.451433503062,0.832453825228
0.451467452546,0.84960422085
0.451503458548,0.820580475249
0.451414082563,0.862796834559
0.4513783771,0.840369392668
0.451389730999,0.841688653724
0.451418766796,0.829815303273
0.45143786348,0.840369392983
0.451423585415,0.836411609813
0.451440470986,0.837730871499
0.451438648955,0.837730871027
0.451449382745,0.832453826644
0.451454657049,0.837730870241
0.451440692184,0.8324538257
0.45146499012,0.837730870712
0.451435187797,0.836411609341
0.451459496977,0.837730871341
0.451443589457,0.841688653882
0.451427868064,0.817941951878
0.451442920281,0.850923483636
0.451455620828,0.839050131454
0.451447087102,0.846965699051
0.451432164552,0.820580475249
0.451454201757,0.846965698737
0.451415470219,0.833773086757
0.451389244568,0.844327176152
0.451408572908,0.840369392983
0.451421161126,0.844327177567
0.451425759962,0.8337730877
0.451443505161,0.845646438781
0.451421675943,0.837730871499
0.451433401073,0.836411609341
0.451441013876,0.83113456543
0.451412224832,0.854881265862
0.451410351611,0.836411610285
0.451414241797,0.836411609499
0.451466071653,0.837730870712
0.451444335537,0.824538259204
0.451437291102,0.837730870241
0.451424664982,0.828496042059
0.451415668298,0.85883904966
0.45143042894,0.837730870712
0.451442441321,0.848284961209
0.451447801807,0.840369392668
0.451447850482,0.841688654668
0.451442030536,0.832453826487
0.451437990395,0.849604221007
0.451427103819,0.837730871341
0.45143100061,0.844327177567
0.451427496439,0.844327177567
0.451428064963,0.828496042059
0.451418442745,0.839050132555
0.451470230532,0.83773087087
0.451497617686,0.84432717741
0.451463884917,0.837730871499
0.451435051681,0.846965699051
0.451400766901,0.841688653724
0.451390793267,0.848284960737
0.45145658382,0.829815302801
0.451430446554,0.841688654196
0.451431042915,0.832453825386
0.451480278396,0.8324538257
0.45145286655,0.840369392511
0.451437003616,0.835092347656
0.451420659519,0.835092348128
0.451452661709,0.843007916354
0.451425679284,0.839050131769
0.451419334692,0.843007916354
0.451406416604,0.839050131297
0.451438218984,0.843007915095
0.451435019756,0.840369392983
0.451465093445,0.831134565273
0.451471805573,0.841688654196
0.451452141859,0.843007915882
0.451429336241,0.839050132712
0.451454829336,0.829815303745
0.451453406609,0.839050131769
0.451441866741,0.84432717741
0.451432634941,0.850923483479
0.451457313073,0.84168865514
0.451444117485,0.840369393454
0.451424397312,0.828496042531
0.451405157829,0.837730871027
0.451414558142,0.835092347813
0.451407375311,0.824538258103
0.451416269063,0.84432717741
0.4514210394,0.839050131769
0.451441367415,0.843007915095
0.451445168587,0.850923482692
0.451454969069,0.839050131297
0.451424991235,0.840369392668
0.451418819402,0.831134564015
0.451410234132,0.835092347656
0.451415109131,0.844327176624
0.451439799608,0.843007915882
0.45145331964,0.832453825858
0.451517664348,0.839050131297
0.451471412559,0.85224274485
0.451445262633,0.841688654668
0.451460497203,0.833773087071
0.45145349122,0.832453826644
