loss,accuracy
1.41171021449,0.560686015045
1.34489660559,0.579155673295
1.30502435746,0.571240105541
1.24906207137,0.60158311385
1.1829658926,0.633245381799
1.16991844435,0.637203165912
1.1493804741,0.645118733195
1.08632358932,0.672823219469
1.01694802354,0.683377309336
1.04000138136,0.687335092191
0.987942280115,0.700527704643
0.964515698931,0.699208442643
0.913562038958,0.71899736132
0.926461255645,0.704485488441
0.857808069378,0.728232189659
0.880892507162,0.71108179451
0.800566729738,0.749340369236
0.77618564685,0.765171504587
0.777661767673,0.749340369708
0.724461878824,0.754617413619
0.720051774563,0.733509234986
0.683413352218,0.771767809555
0.670789474233,0.775725593196
0.622790252785,0.799472295829
0.597039131266,0.802110817313
0.622789214422,0.811345646281
0.580128557135,0.806068601111
0.58701970214,0.820580475249
0.559791045013,0.827176781789
0.553894833241,0.816622691607
0.551106284036,0.815303430236
0.539969120774,0.824538257789
0.530538675967,0.839050132555
0.525920122311,0.825857519317
0.542845492549,0.828496042216
0.528022948387,0.829815303116
0.515073922819,0.827176780374
0.508683922108,0.8337730877
0.503262996516,0.831134564172
0.505625232071,0.813984168708
0.508878666524,0.829815303587
0.492257406517,0.828496042216
0.513337509456,0.820580474462
0.492104935457,0.819261214507
0.497232858455,0.825857520575
0.487136984249,0.835092348442
0.491259599581,0.835092348442
0.492586564735,0.843007914938
0.488015271743,0.827176780845
0.496401595252,0.831134564487
0.481255019482,0.832453825386
0.485512711206,0.831134564487
0.481646140757,0.839050131297
0.48700672278,0.833773087386
0.484679660256,0.840369392983
0.485769453259,0.836411609341
0.482342789702,0.835092347656
0.479755049331,0.836411609656
0.483109245671,0.833773086442
0.477992710778,0.8324538257
0.475957543366,0.831134565273
0.483527078635,0.828496042531
0.479758893909,0.837730871499
0.474829215134,0.829815304216
0.475773963065,0.845646438781
0.479028883427,0.841688654196
0.479395083356,0.832453826487
0.477208237063,0.843007914938
0.473832440408,0.849604221007
0.472093628705,0.835092349071
0.469334612107,0.819261213406
0.47707498797,0.835092347656
0.471509935359,0.848284961209
0.467595630554,0.825857520103
0.469552493662,0.843007916354
0.476041590161,0.839050131454
0.47009830511,0.837730870555
0.468633037994,0.835092348599
0.471119264971,0.844327176624
0.470216064466,0.827176780845
0.467134278022,0.839050131769
0.473232724067,0.843007915567
0.470570166696,0.850923483479
0.468774023188,0.827176781003
0.4663704721,0.825857519632
0.463730622407,0.840369392668
0.46882884861,0.831134564958
0.470760187483,0.83641160887
0.465451691821,0.832453825386
0.46702715322,0.843007915567
0.466096238599,0.832453825228
0.466573703179,0.829815303273
0.46902145237,0.82981530343
0.463173054139,0.84036939314
0.466496790619,0.833773086599
0.463889342499,0.839050132241
0.465655408859,0.833773086599
0.462452379962,0.835092348285
0.467158242392,0.835092348128
0.463936338481,0.843007915725
0.466738586375,0.852242744378
0.461659116764,0.835092348128
0.461583775471,0.832453826172
0.461985757766,0.833773087386
0.466265498963,0.846965699995
0.464145321802,0.840369392983
0.462768185343,0.817941952035
0.465053276997,0.841688654668
0.462871766657,0.846965698894
0.460920539412,0.84300791541
0.458374949354,0.828496042059
0.46040113746,0.823218996575
0.462153493886,0.844327176152
0.463297909828,0.840369393454
0.462189623737,0.846965699523
0.4633703474,0.843007916354
0.461885213459,0.829815302958
0.463800531814,0.840369392983
0.46343680595,0.835092349071
0.46156663945,0.843007914938
0.463273410904,0.843007915882
0.458479757045,0.836411610128
0.459009554817,0.845646438309
0.458904680838,0.835092348599
0.461540371887,0.836411610285
0.461822321752,0.841688654668
0.460491784723,0.829815304216
0.458551328226,0.836411609184
0.460326789316,0.84960422195
0.45964417294,0.84168865514
0.45949123041,0.833773086442
0.459875611249,0.837730871499
0.46071980355,0.841688654196
0.460502161514,0.83773087087
0.459083850513,0.85224274485
0.458557625009,0.833773087386
0.460739941899,0.844327176309
0.460665565839,0.836411609027
0.461365806396,0.827176781632
0.459011319445,0.844327177096
0.458957141339,0.850923482221
0.459768205095,0.836411609499
0.459364585166,0.833773087858
0.459101088286,0.816622691607
0.458481643241,0.845646438309
0.459126561094,0.841688653724
0.459305179151,0.841688654511
0.459437089105,0.848284960265
0.457313563861,0.84168865514
0.458192718296,0.828496042059
0.45919517469,0.850923483164
0.457595653458,0.827176780845
0.457325828107,0.844327176309
0.459111199373,0.833773086914
0.458435329645,0.833773087071
0.459919956083,0.833773086442
0.458226018263,0.825857520103
0.455905637121,0.836411610285
0.456385320048,0.840369393454
0.457436495689,0.839050132241
0.458403595834,0.843007914938
0.458744561845,0.841688654196
0.459748926767,0.837730870555
0.457019853718,0.844327176781
0.458462852208,0.853562004648
0.459472453059,0.836411610128
0.457982521809,0.8337730877
0.457325904303,0.837730871027
0.455286179573,0.829815303273
0.456477341834,0.844327176624
0.457379717468,0.840369393926
0.457217071726,0.824538259362
0.456511436084,0.84960422195
0.456056447331,0.829815303273
0.456854505165,0.841688653724
0.45770854324,0.837730870083
0.456179323486,0.829815302801
0.457461466182,0.860158312132
0.456947532996,0.829815303745
0.455552790442,0.850923483479
0.457281042844,0.83641160887
0.457659793718,0.836411609656
0.459154741273,0.845646437366
0.456770671625,0.840369392668
0.458012035308,0.839050131454
0.457099582086,0.845646438152
0.456529925241,0.828496042531
0.455915308329,0.837730871499
0.456526902232,0.837730870083
0.456706798014,0.844327176624
0.456596914571,0.839050132241
0.455940440022,0.848284959793
0.456923620053,0.836411610128
0.457303053156,0.837730870712
0.456922649865,0.84564643768
0.455759002697,0.836411610128
0.456076115684,0.839050131769
0.456084780297,0.848284960737
0.456089899927,0.836411609341
0.458579848184,0.845646438309
0.456346807348,0.83641160887
0.455130585973,0.835092349071
0.455235800123,0.836411609027
0.456449260183,0.832453825228
0.45590579612,0.852242743592
0.456665695972,0.84300791541
0.456825179286,0.820580475563
0.456188456443,0.841688654196
0.454949444076,0.837730871027
0.454881497769,0.836411610285
0.454751071326,0.844327176938
0.456540314063,0.845646438781
0.456157594369,0.848284960737
0.456107652754,0.844327176938
0.456656137604,0.837730871027
0.455824761561,0.837730870241
0.455338846017,0.837730871499
0.455886132484,0.850923483636
0.455105226477,0.837730870555
0.454855374107,0.844327176938
0.456588355643,0.845646438781
0.455264151018,0.840369392511
0.45580883619,0.836411609027
0.455564165886,0.835092349071
0.455587254351,0.836411609656
0.455540607032,0.829815302801
0.456146278608,0.837730871499
0.455860775977,0.831134564487
0.45536093748,0.836411609499
0.455364059804,0.832453826487
0.454945732232,0.843007914938
0.454808094964,0.833773086599
0.45522688978,0.839050132555
0.455452573095,0.835092348599
0.454910618845,0.839050131454
0.455980830818,0.831134564487
0.455359793276,0.849604221321
0.454882752691,0.82453825889
0.454968623247,0.841688654983
0.455292323806,0.836411609341
0.455194949946,0.831134564015
0.455242834966,0.846965699051
0.45560264383,0.837730870555
0.456261513416,0.835092349071
0.454948284381,0.845646437366
0.455460268935,0.820580474305
0.455479204183,0.823218997676
0.454565643478,0.825857519632
0.454760839018,0.84300791541
0.454686204881,0.828496042531
0.455012727185,0.85092348285
0.454882615003,0.825857519946
0.455582782744,0.84960422195
0.45533836863,0.837730870555
0.454621400871,0.831134564172
0.454208996805,0.837730871341
0.454039800136,0.83773087087
0.454501931774,0.831134564015
0.454770230209,0.84828495995
0.454991036559,0.846965699523
0.455322556728,0.836411610128
0.454296780922,0.839050131454
0.45444046476,0.832453826172
0.455506328857,0.849604222422
0.454531762562,0.83641160887
0.455043296622,0.840369393454
0.454729724056,0.840369393769
0.455351407736,0.843007915882
0.454256216973,0.833773087386
0.454279109482,0.849604222265
0.455055668518,0.845646438309
0.454458135728,0.839050132241
0.454288239215,0.83773087087
0.454931615682,0.846965699995
0.455062041575,0.837730870083
0.455159417951,0.850923482692
0.455105945665,0.839050131454
0.454851304636,0.849604221793
0.454460417218,0.832453826172
0.454387440295,0.857519788446
0.454112665005,0.828496041587
0.454669067995,0.841688654668
0.454238061068,0.837730871341
0.454194239387,0.836411610128
0.454658795708,0.840369392668
0.454382148141,0.835092348599
0.453878208248,0.839050132712
0.454253197424,0.850923482692
0.45371970267,0.841688654196
0.454426917992,0.839050131769
0.45432346902,0.836411609341
0.454077380786,0.856200528491
0.453858493186,0.824538258418
0.454254887703,0.836411609813
0.453872015813,0.831134565273
0.453408369524,0.845646438309
0.453692483399,0.835092348128
0.455351062925,0.857519789705
0.454971471217,0.816622691136
0.453903007948,0.829815303273
0.454249397824,0.817941952349
0.453924400511,0.846965699838
0.454293021426,0.83113456543
0.454157815838,0.839050131454
0.45422948201,0.83641160887
0.454076467922,0.839050131454
0.455174825122,0.835092347813
0.454118695454,0.8337730877
0.453811595811,0.827176781789
0.453603360615,0.832453825228
0.453871850996,0.831134564958
0.4539788087,0.845646438309
0.453705642657,0.845646437837
0.453208887483,0.845646437523
0.454155703019,0.832453825228
0.4552326916,0.84036939314
0.453835323335,0.825857520418
0.453324104205,0.831134564487
0.453607632255,0.836411609341
0.453557564118,0.837730871027
0.454622141447,0.839050132555
0.454193317324,0.843007915253
0.453863208558,0.852242743592
0.453942691116,0.840369392511
0.453940528914,0.853562006063
0.453804570562,0.839050132712
0.453774738909,0.831134564958
0.454023826877,0.83113456543
0.45362480775,0.849604221479
0.454422160472,0.828496042374
0.453510859239,0.857519788918
0.453634910659,0.836411609027
0.453883406119,0.827176780845
0.454273652433,0.845646437366
0.453933501778,0.836411609341
0.453689201212,0.843007916354
0.453458824699,0.841688654668
0.453919374848,0.84300791541
0.454224703573,0.837730870241
0.453543494748,0.835092347656
0.453639904239,0.841688653724
0.453958972148,0.832453825386
0.453595907676,0.833773086914
0.453459493089,0.839050132241
0.453294696154,0.844327176938
0.453615399181,0.835092348128
0.453762865908,0.837730870712
0.453839305366,0.831134564487
0.45367124661,0.840369393926
0.453537941372,0.849604222265
0.454240146916,0.835092349071
0.454270177907,0.843007914938
0.453447445087,0.839050132241
0.453695422466,0.832453826172
0.453564706767,0.839050131769
0.453161705452,0.831134564015
0.453868514472,0.836411610128
0.453554338233,0.841688654668
0.453653340447,0.840369393769
0.453676810444,0.840369393926
0.454204322008,0.837730871499
0.453397497417,0.848284961209
0.453239220113,0.840369392983
0.453220795358,0.839050131297
0.453704216078,0.848284961209
0.453200224836,0.845646438781
0.453088453074,0.843007916196
0.453238924292,0.833773087858
0.453723429375,0.845646437523
0.453879962653,0.84300791541
0.453204445443,0.835092348914
0.453161462159,0.84300791541
0.453216542197,0.837730870083
0.45338522405,0.844327177096
0.45315821803,0.833773086442
0.453466417292,0.825857520575
0.453546095099,0.833773087858
0.453300776928,0.843007916354
0.453407199527,0.832453825386
0.453561182741,0.836411609813
0.453477597174,0.839050131769
0.453692468616,0.839050132241
0.453472321534,0.843007915882
0.453903344108,0.848284960265
0.453437913769,0.829815302801
0.453087446872,0.841688653724
0.453759828784,0.843007915567
0.453526357233,0.843007916196
0.453404337404,0.846965699366
0.453135715626,0.836411609341
0.453104905529,0.827176780374
0.453134107244,0.856200527547
0.453423512328,0.829815303587
0.453495654157,0.836411610285
0.45326774994,0.844327176309
0.453500241906,0.836411609813
0.453344153226,0.835092347656
0.453207126944,0.83641160887
0.453379481795,0.837730871499
0.453456686087,0.84168865514
0.453389960417,0.833773086914
0.45366803134,0.839050132083
0.453491228394,0.849604221007
0.45318180244,0.837730871499
0.453152026224,0.837730870398
0.453668477038,0.83641160887
0.453560130735,0.843007915725
0.453761830493,0.836411610285
0.45303701513,0.840369392511
0.452891747445,0.84300791541
0.45271800596,0.848284961051
0.452670380906,0.835092347656
0.453280516932,0.843007915882
0.453435926057,0.831134564487
0.453312755968,0.844327177096
0.453069761828,0.844327177567
0.453340415747,0.843007915882
0.453346341612,0.848284959793
0.453109352365,0.837730870555
0.452893442167,0.843007915095
0.453002627418,0.843007916354
0.453292476156,0.839050132712
0.452829248672,0.848284961051
0.452685491705,0.835092348914
0.453263136281,0.853562006063
0.452834544522,0.841688654196
0.452894960159,0.841688653882
0.453255037126,0.843007915095
0.453108932459,0.836411609813
0.452756253113,0.837730871499
0.453060741554,0.856200527075
0.453013096133,0.833773086914
0.453006180264,0.82717678116
0.453254311412,0.852242744378
0.453212055336,0.844327177096
0.453312620639,0.825857519003
0.453290074435,0.841688653882
0.45328688999,0.84168865514
0.452944879324,0.841688654983
0.452978821417,0.833773086599
0.453008328626,0.840369392668
0.452877365741,0.841688654668
0.452669840178,0.831134564172
0.452614053101,0.829815303273
0.452777854843,0.835092348128
0.452775751774,0.848284960265
0.453241708096,0.836411609341
0.453146353718,0.83641160887
0.453378076604,0.836411609341
0.453014727318,0.84960422195
0.452885867109,0.828496041587
0.452527476018,0.836411609341
0.452791515158,0.841688654668
0.452930042171,0.843007915882
0.453243747393,0.840369393926
0.453052661743,0.825857519632
0.453097818788,0.837730870555
0.453316150995,0.84300791541
0.452835566136,0.844327176152
0.452899518302,0.839050131297
0.452875594115,0.828496042531
0.453016582375,0.848284960737
0.452974327793,0.837730870555
0.452662895097,0.839050131297
0.452631736336,0.844327176624
0.453048600842,0.843007915095
0.45290056791,0.837730870712
0.452867721112,0.831134564487
0.452643885462,0.848284959793
0.452918053931,0.839050131769
0.453043782223,0.841688654668
0.45296871096,0.839050132712
0.45280296727,0.836411609341
0.453067491268,0.856200528019
0.452972934869,0.836411610285
0.452886191474,0.835092348128
0.452776665895,0.837730871341
0.452601926229,0.844327177096
0.452905272352,0.839050131769
0.453131641357,0.836411610285
0.452951802427,0.827176780845
0.452827991942,0.843007916354
0.452664621902,0.856200527075
0.452474399497,0.84300791541
0.452306675958,0.839050132712
0.452801546824,0.836411610128
0.452756746463,0.840369393769
0.452693484704,0.850923483164
0.453117428795,0.836411609813
0.453302200441,0.852242744378
0.452871753075,0.825857519474
0.452604367503,0.858839050446
0.452507801609,0.827176781317
0.452482277532,0.828496041587
0.452645044528,0.845646438781
0.452876132365,0.841688654511
0.452853017872,0.829815302958
0.45263992883,0.844327177567
0.452932184007,0.833773087229
0.452949249178,0.843007915882
0.45279611541,0.829815302801
0.453277448708,0.829815302958
0.452968291683,0.839050132555
0.452586955634,0.836411609813
0.452469583394,0.850923483479
0.452386068244,0.843007914938
0.452350693202,0.839050132555
0.45256438356,0.825857520575
0.4527960492,0.83113456543
0.452761067407,0.84432717741
0.452552960463,0.841688654983
0.452992767174,0.850923483164
0.453217370844,0.84960422195
0.452900487232,0.840369392983
0.453024142572,0.835092347813
0.452615562876,0.831134564015
0.452451118064,0.844327176152
0.452581666705,0.854881265704
0.452653900379,0.831134564958
0.452622594101,0.833773086442
0.452716297871,0.843007914938
0.45271824721,0.837730870712
0.452580483419,0.8337730877
0.452640143422,0.835092348914
0.452527636117,0.841688654668
0.452516686161,0.825857520418
0.452515395461,0.843007916196
0.452711885082,0.840369393769
0.452756642823,0.821899735519
0.452547901853,0.850923483636
0.45249235174,0.839050131612
0.452638809867,0.840369392983
0.452410780188,0.844327176624
0.453080461766,0.840369392668
0.453040995982,0.836411609499
0.452990620306,0.833773086757
0.452749276067,0.84300791541
0.452659966763,0.846965699995
0.452618203408,0.841688654354
0.452516359044,0.843007915725
0.452508509945,0.836411609656
0.452691316211,0.852242743592
0.452759167214,0.845646438309
0.45263105914,0.844327177567
0.452587433572,0.831134564958
0.452432478088,0.833773086599
0.452682034636,0.843007914938
0.452715789737,0.848284961051
0.452397025905,0.846965699523
0.452378626392,0.848284960108
0.452822544919,0.835092347813
0.452562714158,0.837730870555
0.45264859816,0.848284960108
0.452811960652,0.829815303745
0.452607779122,0.844327177567
0.452686754569,0.82717678116
0.452601328217,0.837730870083
0.452715809317,0.837730871027
0.452845714495,0.848284961209
0.452477806004,0.845646437208
0.452757152137,0.839050131769
0.45248610143,0.840369392668
0.4522580793,0.843007915567
0.452269256587,0.827176781632
0.452340123443,0.853562004805
0.452702801586,0.848284960422
0.452595214888,0.835092347813
0.452730940326,0.839050131297
0.452544649232,0.84168865514
0.45279882231,0.839050131769
0.452778066526,0.845646437523
0.452314036345,0.841688654668
0.452227755241,0.832453825228
0.452262107804,0.840369392983
0.452533595008,0.836411609027
0.452574302386,0.833773087858
0.452670660057,0.837730871027
0.452414364173,0.832453825228
0.452408053158,0.836411609813
0.452673929191,0.846965699838
0.452763176216,0.83641160887
0.452366195285,0.835092349071
0.452367236558,0.841688654196
0.452415480148,0.837730871027
0.452459261568,0.835092348599
0.45238748759,0.845646438309
0.452456109757,0.829815304216
0.45249928711,0.845646437208
0.452591090058,0.835092349071
0.452370117082,0.836411609341
0.452199211064,0.837730870555
0.452663370361,0.841688654668
0.452561991825,0.83113456543
0.452269341826,0.833773087858
0.452322662348,0.850923482221
0.452416588024,0.836411610285
0.45236658932,0.840369393454
0.452559258425,0.841688654983
0.452423256117,0.839050132241
0.452406673759,0.843007916196
0.452452131343,0.828496042059
0.452626077198,0.849604222422
0.452780285147,0.84168865514
0.45264309975,0.840369392825
0.452460947326,0.845646437837
0.452521734156,0.84828495995
0.452574767113,0.840369392668
0.452673239805,0.824538259362
0.452653726597,0.845646437523
0.45261087416,0.837730870555
0.452250801322,0.839050131297
0.452476943703,0.84432717741
0.452375390913,0.825857520103
0.452285292438,0.841688653724
0.452807741618,0.845646437837
0.452401296523,0.836411609813
0.45233976322,0.833773087386
0.452226389838,0.843007915095
0.452147822267,0.841688653724
0.452391606522,0.848284960265
0.452434068619,0.839050131769
0.45231210234,0.837730870712
0.452373965199,0.831134564958
0.452379329853,0.83641160887
0.452448933766,0.835092347813
0.452575111924,0.850923483636
0.452317844437,0.831134564958
0.452316970341,0.849604222422
0.452470674993,0.839050131769
0.452276077151,0.840369392983
0.452187670252,0.84300791541
0.452400137142,0.839050132712
0.452404975734,0.827176780374
0.45263719252,0.850923482692
0.452751195407,0.833773087858
0.452306298986,0.846965699995
0.452268597633,0.824538259204
0.452257924942,0.852242744378
0.452346503106,0.836411609813
0.452436436646,0.85092348285
0.452604403125,0.843007915882
0.45267815939,0.837730870555
0.452381937045,0.828496042531
0.452283618318,0.835092349071
0.452342939487,0.840369392668
0.45248991251,0.844327176152
0.452425267262,0.849604221636
0.45234311775,0.835092348128
0.452391029033,0.849604221479
0.452282317553,0.843007915725
0.452192622628,0.846965699208
0.452231980841,0.845646438781
0.452422010474,0.849604222422
0.452409770369,0.839050132241
0.452226358227,0.839050132241
0.452332084522,0.843007916354
0.452611607423,0.835092347813
0.452571220244,0.843007915882
0.452531989457,0.841688653724
0.452292988042,0.840369393769
0.452495196249,0.848284960422
0.452190515391,0.819261214507
0.452118566137,0.8337730877
0.452287941935,0.840369393454
0.452417959639,0.82058047462
0.452316862848,0.864116094987
0.45230289814,0.831134564487
0.452174578619,0.837730871027
0.452236753026,0.835092347499
0.452294993998,0.839050131769
0.452162617115,0.84432717741
0.452170808429,0.832453826015
0.452240406681,0.837730871341
0.452203140724,0.846965698737
0.452194168024,0.846965698579
0.452379521995,0.83113456543
0.452530665102,0.833773087386
0.452467621316,0.852242743592
0.45209129827,0.835092347656
0.451975096499,0.846965699051
0.452149080098,0.839050131297
0.452352135194,0.832453825228
0.452486390882,0.840369393926
0.452364959786,0.835092347656
0.452381799749,0.84036939314
0.45256675768,0.846965698579
0.452323576234,0.836411610128
0.452105869089,0.840369393297
0.452097345468,0.84828495995
0.452523836753,0.836411609813
0.452442824054,0.840369393454
0.452453861608,0.839050131769
0.452416012265,0.833773086914
0.45230308466,0.848284960265
0.452221007964,0.827176780374
0.452314542356,0.845646438309
0.45224103481,0.840369393454
0.452197218004,0.84300791541
0.452346713766,0.824538257946
0.452275973511,0.84168865514
0.452137141555,0.832453826644
0.45210292786,0.837730870555
0.452255194137,0.8337730877
0.452197654541,0.837730871499
0.452211150472,0.856200528019
0.452278829187,0.848284960737
0.452468569408,0.833773086914
0.452193515046,0.848284961209
0.451972425456,0.839050131454
0.452107273652,0.845646438781
0.452267436325,0.832453825858
0.452387227311,0.832453826644
0.452154880463,0.848284959793
0.452135019378,0.824538258732
0.452259394613,0.845646437837
0.452344746263,0.823218998148
0.452481447549,0.840369393769
0.452299956439,0.848284961209
0.452186883911,0.845646437523
0.452089151166,0.836411610285
0.452171249094,0.848284961051
0.452211971962,0.828496041745
0.45221075911,0.84300791541
0.452103546081,0.821899736462
0.452190268166,0.846965699051
0.452186755659,0.841688654668
0.452346484548,0.844327176466
0.452071058719,0.821899735833
0.452142006332,0.841688653724
0.45218503373,0.843007916354
0.452244479376,0.845646438781
0.452175380372,0.856200528019
0.452256113684,0.823218997204
0.452621060657,0.839050131297
0.452423496029,0.83641160887
0.452120069385,0.846965698737
0.452219417274,0.824538257946
0.452232831072,0.845646438624
0.452161256824,0.831134564172
0.452173049186,0.85224274485
0.45216087191,0.832453826487
0.45206184697,0.84828495995
0.452263767691,0.83113456543
0.452314504454,0.839050131454
0.45210189791,0.829815302958
0.452041594523,0.837730871499
0.45222998554,0.846965699523
0.452173212745,0.856200527547
0.452113431802,0.833773086914
0.452200536913,0.825857519632
0.452329259906,0.839050131769
0.45211123107,0.837730871499
0.452118681414,0.827176781789
0.452167971703,0.84432717741
0.452292953129,0.829815304216
0.452065076158,0.835092348128
0.452132069341,0.827176781789
0.452368222,0.828496042531
0.452155957279,0.840369393454
0.452016609286,0.828496041745
0.452007502082,0.844327176624
0.45207475861,0.83773087087
0.452415797987,0.839050131769
0.452365060752,0.837730870555
0.45198220565,0.837730870555
0.452021066856,0.844327177096
0.452117373258,0.841688654511
0.45229394266,0.837730870241
0.452200955955,0.850923482221
0.452056600582,0.846965699051
0.452350478295,0.837730871499
0.452078085501,0.835092349071
0.452198558401,0.833773087386
0.451956099917,0.845646437366
0.452080913458,0.835092348128
0.452065985247,0.84432717741
0.452355405193,0.845646437366
0.452305085426,0.83113456543
0.452164074008,0.833773087071
0.45209164481,0.848284961051
0.452205737065,0.839050131297
0.452132591157,0.854881266805
0.452099878272,0.828496042531
0.452059878051,0.82321899689
0.451957061769,0.841688654668
0.452094059192,0.840369392668
0.452114129758,0.845646438781
0.452001958378,0.843007916354
0.452005703877,0.840369392511
0.452023890135,0.840369393454
0.452068486912,0.84168865514
0.451978386549,0.832453825386
0.452300776986,0.831134564172
0.452299213032,0.844327176309
0.452104293105,0.829815303587
0.45202755126,0.844327177096
0.451909918427,0.829815302801
0.451952175603,0.829815302801
0.45197901633,0.857519789705
0.452114828658,0.841688653724
0.452247760698,0.840369392983
0.452130885583,0.83905013114
0.452031063216,0.835092348442
0.452225010754,0.839050132083
0.452289978912,0.836411610285
0.452085301319,0.829815303273
0.452110123194,0.828496041745
0.452179438678,0.845646437366
0.45221207631,0.841688653882
0.452101011625,0.828496043003
0.452017838455,0.853562004805
0.452102851034,0.827176781789
0.452147778861,0.843007914781
0.452003026543,0.840369392983
0.452223465436,0.825857520575
0.452229684843,0.841688654354
0.45219676806,0.823218996732
0.452052659205,0.848284961209
0.451891765588,0.831134564958
0.452026549147,0.844327176624
0.452301707384,0.835092348128
0.452160343803,0.852242744378
0.452265170681,0.839050131769
0.451983039801,0.837730871499
0.4520153051,0.827176780374
0.451917775309,0.850923482692
0.452324139883,0.8337730877
0.452174361589,0.84168865514
0.452220344764,0.845646437523
0.45208029854,0.839050131454
0.452019145825,0.836411609813
0.452198517983,0.86015831166
0.452094410843,0.831134564958
0.451987609936,0.84168865514
0.451914016128,0.846965699051
0.452059414896,0.845646437523
0.451915549571,0.832453826487
0.452065650108,0.852242744063
0.452050270065,0.837730871341
0.452154244313,0.83113456543
0.45201728951,0.837730871027
0.452101294787,0.839050131769
0.452083947083,0.853562005592
0.45200122252,0.836411609813
0.452146180387,0.832453826172
0.451912886077,0.837730871027
0.452188686205,0.844327176152
0.452177452223,0.82981530343
0.452096042973,0.831134564801
0.452022007713,0.843007915095
0.45203460521,0.828496043003
0.451967815453,0.835092348914
0.451898671706,0.837730870555
0.452082411516,0.828496042059
0.452284976958,0.850923482221
0.452188610323,0.836411609027
0.451957815005,0.8324538257
0.45184548785,0.829815304216
0.451985495072,0.836411609813
0.452164844819,0.824538258418
0.452087995874,0.840369393297
0.452253812379,0.849604222265
0.451934028505,0.824538257946
0.451858413015,0.852242743906
0.451898356148,0.837730871341
0.451881539381,0.839050132241
0.452009224404,0.8324538257
0.452096873034,0.839050131454
0.452007204687,0.836411610285
0.452063859767,0.825857519632
0.452101731521,0.831134565273
0.452057458952,0.837730870555
0.452148997375,0.843007916354
0.45227704089,0.833773086757
0.452087012397,0.837730870241
0.452061660843,0.841688654511
0.452028917449,0.829815303273
0.451979908748,0.836411609341
0.451995668594,0.8337730877
0.452130313442,0.848284960737
0.452114214683,0.829815304216
0.4520436994,0.856200528019
0.451862231329,0.835092348285
0.451977130291,0.846965698737
0.452036857605,0.840369392668
0.452042757443,0.854881266805
0.452067770398,0.839050131769
0.452143072453,0.84432717741
0.45217217045,0.841688654196
0.452106567675,0.843007916354
0.451983730522,0.832453826644
0.451915093022,0.840369392511
0.451959285069,0.845646437366
0.452133714052,0.849604221479
0.451959509963,0.839050132241
0.452059085498,0.835092348914
0.45221570834,0.83641160887
0.45207365097,0.837730870241
0.451861434058,0.835092347813
0.451989948592,0.832453825228
0.452023571116,0.840369392983
0.452062506396,0.824538258103
0.452179972112,0.845646437995
0.452181308203,0.841688653724
0.452068040742,0.825857520418
0.452055293998,0.829815304216
0.45209248997,0.857519789547
0.45212638386,0.836411609499
0.451935392414,0.841688654196
0.451911828606,0.843007915725
0.451958025666,0.839050132555
0.451944327685,0.841688654196
0.451856997523,0.846965699523
0.451785712255,0.829815303273
0.451908269312,0.846965699051
0.452101935261,0.843007915095
0.452144413164,0.832453826172
0.452289851014,0.841688654196
0.452083545105,0.835092347813
0.451869417542,0.819261214035
0.451943889929,0.843007915882
0.452102684566,0.829815302801
0.452023760153,0.828496041745
0.451994993441,0.837730871027
0.451887855036,0.832453826644
0.451942552127,0.824538257946
0.451950822153,0.845646437366
0.451905381711,0.823218997204
0.451936114982,0.837730870555
0.451977097736,0.839050132555
0.452122684755,0.823218998148
0.452334691163,0.844327177567
0.452146966413,0.83773087087
0.452062853644,0.839050131769
0.451959377897,0.836411609499
0.451889493535,0.843007915095
0.452007778795,0.852242744378
0.451842993183,0.820580474777
0.45212555199,0.841688653724
0.451999110094,0.856200528019
0.451900543984,0.835092347656
0.451873283273,0.839050132083
0.45193831367,0.856200528019
0.45198608294,0.833773086914
0.452053197456,0.831134565273
0.452078435383,0.839050131612
0.451953836198,0.839050131769
0.451839807795,0.841688654983
0.45185137833,0.833773086442
0.451853410707,0.849604221321
0.451937769129,0.835092349071
0.451971302718,0.836411610285
0.451950865795,0.833773087071
0.451972093463,0.84432717741
0.452088481518,0.839050131297
0.452046236923,0.846965698737
0.4519350881,0.839050132712
0.451898684602,0.824538257946
0.451734363718,0.85488126712
0.451829278847,0.831134564172
0.45185535635,0.846965699523
0.451824245242,0.837730871499
0.451915678531,0.836411610128
0.45207117148,0.852242743906
0.451907499249,0.836411609027
0.451878086558,0.837730870083
0.451857792828,0.848284961051
0.451845439726,0.839050131926
0.451922793659,0.853562005906
0.451980442988,0.824538259204
0.451948954987,0.853562005277
0.45185931597,0.835092347813
0.451828038315,0.840369392983
0.451868142097,0.841688654196
0.451938083272,0.840369393769
0.452093711315,0.843007916196
0.452021567834,0.844327176624
0.451875504922,0.831134564644
0.451781140154,0.84300791541
0.451896168704,0.828496041587
0.451873087317,0.841688654668
0.451827188988,0.831134564015
0.451907457533,0.829815302958
0.451874326118,0.831134564329
0.45192838816,0.846965699838
0.451964398802,0.849604222422
0.451970054481,0.824538257946
0.45179194668,0.843007915567
0.452040579671,0.854881266019
0.451890113329,0.833773087386
0.451753929611,0.83641160887
0.451758384783,0.854881266805
0.451782023922,0.827176780845
0.451945014789,0.854881267277
0.452136611561,0.82453825889
0.452002440169,0.845646437837
0.4519555954,0.841688653724
0.451909353598,0.833773087386
0.451834590934,0.83113456543
0.451917094024,0.840369392983
0.451918901468,0.845646438781
0.451827033057,0.837730870083
0.451843036668,0.83113456543
0.451814316429,0.848284960737
0.451888759328,0.84828495995
0.451891329877,0.828496042845
0.452367786996,0.845646438309
0.451968287336,0.831134564015
0.451658695071,0.829815304059
0.451696971318,0.84168865514
0.45177696201,0.840369393454
0.451834347207,0.846965698737
0.451984447823,0.85356200512
0.452162355814,0.831134564958
0.452132332372,0.832453826172
0.451799338364,0.839050131454
0.451864138757,0.829815303902
0.451858667475,0.852242743434
0.451894176352,0.848284960265
0.451882725105,0.828496042059
0.452036954325,0.837730870241
0.451781112317,0.853562004805
0.45177525392,0.832453826487
0.451794872105,0.841688654668
0.451870217172,0.84300791541
0.451840358548,0.824538258103
0.451933342108,0.840369392668
0.451907258943,0.845646438152
0.45212223945,0.849604221479
0.451892362578,0.836411609813
0.451849894977,0.846965699051
0.451808665941,0.844327177567
0.451928559032,0.817941953293
0.451998181897,0.849604221636
0.452114110729,0.845646438624
0.45199070576,0.844327177567
0.451963806058,0.839050132241
0.4518975529,0.845646438781
0.451853381062,0.837730870555
0.451803684077,0.837730871499
0.451833387321,0.850923482378
0.45182379459,0.845646438309
0.451903971094,0.831134564015
0.451880634146,0.840369392354
0.451947353132,0.846965699208
0.451921415203,0.837730871341
0.451832053726,0.844327176309
0.451806310456,0.844327177567
0.451908525581,0.852242744378
0.451948515501,0.836411609499
0.451976062755,0.840369392668
0.451881577126,0.839050132241
0.451825737324,0.836411610128
0.451824931796,0.84168865514
0.452023942741,0.843007916354
0.452066622262,0.845646437523
0.452011798806,0.823218996732
0.451815424462,0.857519788761
0.451879978652,0.849604222422
0.451852651102,0.836411610128
0.45194921959,0.835092348914
0.451841195215,0.845646438624
0.451884463154,0.833773086914
0.451974309371,0.84828495995
0.451920695623,0.843007915095
0.451867485424,0.836411610285
0.45187241185,0.844327177096
0.451812945287,0.840369393769
0.451730443337,0.827176781632
0.451799928041,0.854881267277
0.451890342626,0.825857520418
0.45184385289,0.841688653724
0.451935411522,0.82981530343
0.451967204309,0.849604222422
0.451863426175,0.833773087229
0.45191708789,0.857519789233
0.451917530128,0.836411609341
0.451819304465,0.843007915567
0.451857140479,0.839050132712
0.451865551733,0.836411609027
0.451882911546,0.841688654668
0.451809888308,0.835092348442
0.451792446636,0.840369392511
0.451916664446,0.846965699995
0.451891132112,0.832453826172
0.451812236558,0.846965699208
0.451967874429,0.839050132555
0.451959629644,0.832453825386
0.451951853833,0.835092348599
0.451798125905,0.828496042531
0.451827157849,0.835092347813
0.45188370984,0.84960422195
0.451841564638,0.84432717741
0.45196442939,0.841688653724
0.451804326361,0.848284960737
0.451826162892,0.84828495995
0.452008798286,0.839050132555
0.451895618187,0.835092348442
0.451804541307,0.853562006063
0.451751161848,0.839050132241
0.451734949699,0.833773086914
0.45186120083,0.846965699523
0.451953611698,0.823218998148
0.451860060478,0.829815303587
0.451893399369,0.839050131297
0.451834837334,0.831134563857
0.451696925475,0.833773087858
0.451705782112,0.852242744692
0.451757791489,0.840369392511
0.451840639114,0.831134564487
0.451790382805,0.837730871027
0.451771557646,0.836411610128
0.451698225847,0.8324538257
0.451732035205,0.845646438781
0.451793360443,0.833773087386
0.451919130372,0.846965699995
0.451848557725,0.841688654196
0.452057755953,0.843007916354
0.451899488557,0.835092348442
0.451789943791,0.857519789233
0.451883924353,0.836411609813
0.451826130888,0.839050131454
0.451730612243,0.831134564487
0.451788169963,0.835092349071
0.451945715183,0.840369393926
0.451901664677,0.83641160887
0.451806162467,0.835092348599
0.451837807107,0.828496041587
0.451853805293,0.839050132555
0.451815180854,0.835092348442
0.451742011199,0.839050131297
0.451698483373,0.833773087858
0.451741052492,0.828496041587
0.451738770294,0.844327176624
0.451839740012,0.83641160887
0.451886076254,0.845646438309
0.451811356721,0.829815304059
0.451817949403,0.849604221164
0.451785802841,0.836411610285
0.451808788374,0.845646437837
0.451790972404,0.829815303273
0.451791291187,0.841688654196
0.451850883564,0.84960422195
0.451791107969,0.84828495995
0.451718318745,0.841688653724
0.451820843295,0.828496042216
0.451869670194,0.832453825386
0.45182575486,0.831134564172
0.451768463237,0.845646438309
0.451782598345,0.839050132241
0.451847899794,0.839050131926
0.451900831628,0.843007916354
0.451950722131,0.840369393926
0.451733050372,0.839050132555
0.451756184523,0.844327176309
0.451946097895,0.84168865514
0.451898140061,0.828496041745
0.451775957459,0.833773086914
0.45181935947,0.836411609341
0.451872754459,0.843007916354
0.451731463811,0.835092349071
0.451753079419,0.832453825071
0.451783434068,0.845646437366
0.451937756155,0.840369392983
0.451741150077,0.835092347656
0.451732039845,0.845646437837
0.451698921916,0.835092348914
0.451748185391,0.840369393926
0.451768432727,0.837730870083
0.451737526853,0.84300791541
0.451870011544,0.840369392983
0.451916972062,0.832453826644
0.451838650065,0.840369392983
0.451733129006,0.832453826172
0.451683235514,0.837730871027
0.451758676909,0.843007915095
0.451780210935,0.824538257946
0.451861388136,0.843007916196
0.451855381749,0.825857520103
0.451743499427,0.843007915882
0.451754525815,0.84300791541
0.451741223442,0.856200527233
0.451775445158,0.816622691922
0.451821842735,0.837730870634
0.451967329259,0.8324538257
0.451830725714,0.837730871499
0.451753176297,0.837730871499
0.451761718004,0.845646437366
0.451751000727,0.833773087386
0.451743075275,0.843007916354
0.451923468418,0.831134564958
0.451926479553,0.843007914938
0.451870226766,0.839050131454
0.451732443631,0.846965698579
0.451733031421,0.839050132712
0.451864512111,0.85356200512
0.451739458107,0.839050131612
0.451813895501,0.840369393926
0.451896761527,0.837730871499
0.451806086113,0.840369392668
0.451766980669,0.824538258103
0.451751091549,0.843007915882
0.451748271574,0.848284959636
0.451752951403,0.848284960737
0.451885957988,0.828496042845
0.451779826807,0.841688654196
0.451754626467,0.844327176466
0.451764906617,0.839050131454
0.451817965759,0.843007916354
0.45190792576,0.832453826644
0.451773057041,0.8324538257
0.451719002312,0.832453826644
0.451718816027,0.81926121372
0.451830854988,0.841688653724
0.451772774823,0.835092347813
0.451706769599,0.862796833301
0.451754360054,0.839050131769
0.451742440855,0.844327176309
0.451744914369,0.837730870712
0.451756867774,0.844327177567
0.451860909254,0.83773087087
0.451832271975,0.850923482378
0.45173255309,0.825857520103
0.451770433021,0.848284961209
0.451818286114,0.835092348128
0.451807425802,0.845646437366
0.451752899819,0.841688654196
0.451781556285,0.840369393926
0.451787606353,0.829815303745
0.451877993534,0.850923483636
0.45187743303,0.829815303745
0.451706028708,0.845646438624
0.451654541146,0.837730871027
0.451923564666,0.844327177096
0.451882640888,0.832453825858
0.451783255096,0.836411610285
0.451941775772,0.840369392668
0.451817427666,0.837730870241
0.451693562137,0.837730871499
0.451697639472,0.83641160887
0.451877952133,0.845646437995
0.451676141304,0.819261214035
0.451628950781,0.856200528019
0.451746323335,0.841688654983
0.451815517093,0.839050132712
0.451846775405,0.841688654668
0.451751827486,0.841688654196
0.451682492265,0.837730871499
0.45180721117,0.845646437523
0.451686232103,0.84432717741
0.451635286487,0.843007915567
0.451629896592,0.839050132555
0.451639030414,0.844327176624
0.451741541753,0.852242744378
0.451814211453,0.843007915095
0.451927025982,0.837730871027
0.45198730743,0.840369392511
0.451906051202,0.843007915095
0.451790014169,0.825857520103
0.451707368397,0.8337730877
0.45174987335,0.845646438624
0.451673637358,0.84168865514
0.451642123407,0.840369393769
0.451691559641,0.845646438309
0.451733153854,0.837730870555
0.451790928841,0.85488126712
0.451826413931,0.831134564172
0.451770751961,0.850923482378
0.451706616105,0.828496042374
0.451787871626,0.840369392511
0.451747589816,0.843007916354
0.451701312392,0.841688654196
0.451732324933,0.832453826644
0.451765917851,0.832453826172
0.451760790751,0.829815303745
0.451715967114,0.829815302958
0.451743829769,0.835092348128
0.45170869692,0.829815302801
0.451772330619,0.845646438781
0.451775304875,0.836411609813
0.451729839741,0.845646437995
0.451706059415,0.846965699208
0.45165478444,0.841688653724
0.451852542508,0.841688654668
0.451845379728,0.850923483636
0.451716096074,0.839050131769
0.451737043725,0.850923482221
0.451660121179,0.839050132241
0.451673561633,0.833773086599
0.451790405059,0.836411610285
0.451805536225,0.835092347813
0.451770166294,0.846965698737
0.451867139827,0.825857519317
0.451765092272,0.835092348599
0.451707509231,0.835092348599
0.451647557259,0.8324538257
0.451649110833,0.837730871027
0.451762361152,0.837730870555
0.451733100226,0.836411610285
0.451623596113,0.836411609341
0.451696877036,0.829815304216
0.451724111798,0.831134564015
0.451797762222,0.854881267277
0.45168156108,0.840369393297
0.451724199947,0.848284959793
0.451759547467,0.833773087386
0.451657386364,0.836411609813
0.451640230999,0.845646438309
0.451668550597,0.833773087071
0.451714074077,0.840369392983
0.451646672154,0.832453826644
0.451680347913,0.848284960265
0.451781138974,0.832453826172
0.45177986062,0.837730870241
0.451707089167,0.841688654039
0.451693539412,0.843007914938
0.451683705432,0.841688653724
0.45181867095,0.849604221793
0.451792081459,0.836411609341
0.451671625347,0.84828495995
0.451642812714,0.831134564015
0.451673567924,0.836411609813
0.451805453974,0.829815302801
0.451808531712,0.857519789547
0.45176380684,0.821899736777
0.451667519704,0.839050131297
0.451764672916,0.837730870083
0.451691720369,0.856200527547
0.451680741241,0.824538257789
0.451772047851,0.840369393769
0.451744148945,0.833773086757
0.451681044769,0.843007915882
0.451692501992,0.840369393454
0.451686673318,0.848284960737
0.451669284096,0.835092348599
0.451681970213,0.835092348599
0.451723995498,0.833773087071
0.451756769718,0.846965699051
0.451717705321,0.832453825386
0.451616456924,0.843007915882
0.451604401452,0.821899736462
0.451644770074,0.853562004648
0.451709095674,0.825857520103
0.451720179385,0.84036939314
0.451737846894,0.843007915882
0.451741374577,0.840369392825
0.451751968162,0.839050131769
0.451716322383,0.837730870555
0.451716593513,0.829815304059
0.451644059693,0.853562006063
0.451661504667,0.837730870241
0.451670890826,0.832453825228
0.451697609198,0.841688654196
0.451721993002,0.836411610285
0.451778471863,0.832453826172
0.451718329911,0.849604222422
0.451630039863,0.823218997361
0.451571742117,0.833773086442
0.451629252343,0.829815304216
0.451731767299,0.852242744378
0.451655857796,0.84168865514
0.451646147114,0.853562006063
0.451617556543,0.833773086914
0.451736395309,0.836411609341
0.451746017213,0.844327176152
0.45172297467,0.845646438309
0.451704103116,0.829815302801
0.451802446927,0.835092348442
0.451816376879,0.846965699838
0.451723719492,0.839050132712
0.451654078306,0.84828495995
0.451661059284,0.829815303273
0.451686060916,0.835092348599
0.451810418773,0.839050131769
0.451791746163,0.844327177567
0.451712948587,0.849604222422
0.451612679499,0.831134564329
0.451589155166,0.843007916196
0.451627325886,0.84300791541
0.451688218714,0.840369393926
0.451823662328,0.837730870241
0.451811241915,0.835092348128
0.45172200692,0.856200527233
0.45167134769,0.817941951878
0.451702363258,0.857519788761
0.451705460891,0.844327177096
0.451744252428,0.839050131454
0.451753588025,0.828496042059
0.451694955848,0.831134565273
0.451656970311,0.841688654354
0.451689971626,0.821899736305
0.451680166033,0.84168865514
0.451691295902,0.84168865514
0.451668540846,0.832453825386
0.451713946061,0.840369393926
0.451781187334,0.835092347656
0.451643476543,0.840369392668
0.451730396549,0.839050132712
0.451696883327,0.823218998148
0.451626604733,0.862796833144
0.451657765144,0.828496041587
0.451800102373,0.850923483164
0.451711390453,0.827176780531
0.451631002266,0.833773086599
0.451696425755,0.82453825889
0.45169971557,0.844327177096
0.451689047125,0.840369393926
0.451651599445,0.843007915567
0.45169893033,0.832453826644
0.451742434093,0.848284959793
0.451688985397,0.836411609499
0.451755464392,0.824538258418
0.451798187711,0.840369393297
0.451737131324,0.850923483636
0.451624576523,0.846965699051
0.451584602252,0.833773086914
0.451611725117,0.844327176309
0.451638459452,0.832453825228
0.451689430309,0.84300791541
0.451715437199,0.848284961209
0.451626783468,0.833773086442
0.451668295744,0.848284960422
0.451650832212,0.823218998148
0.451728171991,0.850923483164
0.451689423782,0.820580474462
0.451765967155,0.829815304216
0.451657945846,0.852242744378
0.451586349501,0.841688654354
0.45161482967,0.839050132555
0.451594727964,0.843007915882
0.451582564213,0.844327176152
0.451659169235,0.839050131297
0.451810958203,0.843007916354
0.451821858147,0.84432717741
0.45169182393,0.844327177567
0.4516040855,0.829815304216
0.451728336572,0.854881266805
0.45173369179,0.840369392983
0.451835894726,0.833773087386
0.451788741555,0.846965698579
0.451685058096,0.840369393926
0.451573409946,0.82453825889
0.451574618316,0.848284960737
0.451588251739,0.835092347813
0.451704415923,0.832453826487
0.451706090279,0.845646438309
0.451640989661,0.84300791541
0.451636958956,0.83641160887
0.451709878791,0.841688654668
0.451679214324,0.848284960737
0.451630928114,0.823218996732
0.451640991076,0.852242743434
0.451631981339,0.843007915725
0.451669568122,0.845646438624
0.451612054122,0.84168865514
0.451548360662,0.846965698579
0.451591793693,0.837730871027
0.451688835363,0.835092347813
0.451867599443,0.841688653724
0.45174886935,0.843007915882
0.451646648957,0.824538258261
0.451566953222,0.848284959793
0.451625707596,0.836411609341
0.451659835187,0.839050132712
0.451684850344,0.839050131769
0.451696413488,0.837730870083
0.451633632812,0.831134564958
0.451657851327,0.846965698579
0.451679519582,0.845646438781
0.451656761223,0.843007915567
0.451702366246,0.828496042374
0.451680876334,0.844327177567
0.451705819541,0.832453825228
0.451711692643,0.853562004648
0.451758375504,0.843007915882
0.451726065934,0.82585751916
0.451683698669,0.837730871499
0.451725322055,0.850923482692
0.451657873659,0.827176780374
0.451685085617,0.840369393769
0.451662143098,0.839050131769
0.451599689146,0.837730871499
0.45159308286,0.827176781317
0.451584714384,0.835092349071
0.451609689674,0.837730870083
0.45172723829,0.843007916196
0.451756396048,0.839050131297
0.45170242247,0.8324538257
0.451604435815,0.843007914938
0.451589286327,0.844327176309
0.451645222298,0.840369393926
0.451637843511,0.850923482221
0.451641741717,0.832453826487
0.451561238253,0.849604222422
0.451608740403,0.831134564801
0.451548808719,0.844327177096
0.451599148223,0.848284961051
0.451646599732,0.832453826172
0.451692478559,0.832453826644
0.451635683196,0.856200528019
0.451565426855,0.83509234797
0.451607395288,0.837730871027
0.451783273575,0.836411609813
0.451685532416,0.843007915253
0.451628100274,0.840369393454
0.451641695481,0.84300791541
0.451617939019,0.848284960108
0.451678911583,0.831134564958
0.451641396828,0.840369393297
0.451611335407,0.836411609813
0.451803511947,0.820580475249
0.45175725489,0.827176780374
0.451543567402,0.839050132241
0.451526812953,0.825857519946
0.451487717654,0.8337730877
0.451578604043,0.837730871027
0.451643229632,0.833773087386
0.451630202321,0.844327176152
0.451601493642,0.833773086914
0.45165579363,0.853562004648
0.451658345464,0.841688653724
0.451742160289,0.844327176624
0.451625501103,0.828496042216
0.451596069619,0.837730871499
0.451649243882,0.84960422195
0.451646385847,0.824538259362
0.451643491955,0.837730870241
0.451716669474,0.829815302801
0.451678676074,0.836411609027
0.451616259631,0.846965699523
0.451668620739,0.839050132241
0.451597775035,0.837730871027
0.451645352516,0.831134564958
0.451677185407,0.844327177567
0.451709742125,0.841688654354
0.451707001726,0.837730870555
0.451685221654,0.844327177096
0.451567981677,0.832453825543
0.451517457305,0.831134564172
0.451584617821,0.831134564015
0.451588928857,0.8324538257
0.45162526756,0.841688654196
0.451797844316,0.840369392668
0.451732137194,0.833773086442
0.45178527615,0.849604222265
0.4516809773,0.832453826487
0.451599238809,0.844327176152
0.451580640509,0.832453825228
0.451536421411,0.827176780845
0.451572792983,0.831134565273
0.451618614172,0.839050132555
0.451640943503,0.835092347813
0.45164900452,0.849604222422
0.451560657697,0.843007915882
0.451553075955,0.832453826644
0.451630887539,0.850923482221
0.451711297979,0.837730870398
0.451899680739,0.843007914938
0.451731836576,0.839050131769
0.451599808041,0.846965698579
0.451571011763,0.823218997991
0.451567208625,0.832453825858
0.451526387543,0.831134564015
0.451629085874,0.850923482378
0.451711764829,0.837730870555
0.451629029887,0.832453825543
0.451696804378,0.845646438624
0.451624639037,0.839050132555
0.451556257963,0.835092347813
0.451574714722,0.840369392668
0.451551968158,0.836411610285
0.451668150114,0.846965699995
0.451677486104,0.828496041587
0.45169958142,0.837730871027
0.4516121694,0.841688653882
0.451524264108,0.828496042531
0.451549758383,0.844327177567
0.451531087346,0.839050131612
0.451647242644,0.836411609813
0.451671889047,0.837730871499
0.45176481143,0.843007915882
0.451665995225,0.839050132241
0.451639536503,0.839050132241
0.451715492243,0.832453826172
0.451703188602,0.83773087087
0.451682769214,0.827176780531
0.451639044804,0.849604221007
0.45157691341,0.836411609813
0.451532639268,0.821899736462
0.451584076032,0.84168865514
0.451657837488,0.841688653882
0.451663856377,0.828496043003
0.451673464284,0.831134564015
0.451600766905,0.841688654354
0.451590122365,0.852242743906
0.451620399323,0.832453825386
0.451600731677,0.83641160887
0.451589255817,0.833773086442
0.451612456729,0.846965699051
0.451650896535,0.840369392983
0.451559818357,0.837730871027
0.451571393925,0.850923482692
0.451585943277,0.84168865514
0.451605602745,0.843007914938
0.451677149864,0.831134563857
0.45161755041,0.850923483164
0.45155065489,0.831134564015
0.451568475499,0.833773087858
0.451562276774,0.83773087087
0.451639433492,0.844327177096
0.451610266769,0.845646437995
0.45155557361,0.841688654668
0.451620324149,0.833773087229
0.451662674428,0.832453825543
0.451651426764,0.850923482692
0.45163658395,0.832453826172
0.451586551512,0.841688654196
0.451555807075,0.835092347813
0.451571197733,0.8324538257
0.451639423506,0.837730871499
0.451652081944,0.84300791541
0.4516429033,0.841688654668
0.451533653727,0.843007915095
0.451506651014,0.837730870555
0.451558119625,0.829815302801
0.451593523132,0.846965698579
0.451596841727,0.845646437523
0.451596731875,0.828496041902
0.451577838618,0.832453825386
0.451503907156,0.84300791541
0.451489955265,0.849604221007
0.451608451501,0.839050131769
0.451670939344,0.831134564958
0.451757522875,0.839050132083
0.4516911947,0.845646438309
0.451621842888,0.84168865514
0.451604582704,0.831134564487
0.451628165226,0.832453826644
0.451646760381,0.836411610285
0.451641729293,0.841688654668
0.451591662492,0.841688653882
0.451557325656,0.824538257789
0.451561307451,0.846965699995
0.451547722153,0.839050132555
0.451604654732,0.837730870083
0.451647449766,0.837730871341
0.45165120942,0.828496041745
0.451623608616,0.839050131769
0.451587375283,0.839050131769
0.45153359656,0.836411610285
0.451579409099,0.832453826172
0.451608783337,0.837730871027
0.451663432304,0.836411609027
0.451729228519,0.835092349071
0.451565763881,0.841688654983
0.451628556509,0.8324538257
0.451635437936,0.839050131297
0.451533268498,0.83509234797
0.451500759276,0.850923483164
0.451469031519,0.835092347656
0.451523702346,0.839050131769
0.451592328681,0.843007914938
0.451634163985,0.829815304216
0.451659686411,0.833773087386
0.45156211463,0.819261213406
0.4515771926,0.843007915095
0.4515496457,0.833773087386
0.451576979226,0.829815304216
0.451611620141,0.843007915882
0.451614679479,0.831134564015
0.45179694199,0.841688654983
0.451647572436,0.844327177567
0.451542852265,0.833773086914
0.451522792078,0.846965699995
0.451523711782,0.836411610128
0.451620419139,0.829815303116
0.451654120061,0.853562004648
0.451652542504,0.846965699995
0.451604682333,0.829815302801
0.451566571925,0.839050132712
0.451567803964,0.843007916196
0.451671059732,0.837730871341
0.451694060205,0.833773086914
0.451638349285,0.861477572874
0.451635017794,0.831134564958
0.451636539836,0.854881266019
0.451626897645,0.820580474934
0.451566488258,0.832453826487
0.451564467205,0.841688653882
0.451639059587,0.836411610285
0.451608853636,0.835092348914
0.451628375808,0.835092349071
0.451656407291,0.850923483164
0.451630524092,0.841688654354
0.451613855787,0.837730871341
0.45163354081,0.841688654668
0.451565855254,0.839050131769
0.451474608013,0.843007915882
0.451475070932,0.836411610285
0.45153781292,0.843007915882
0.451568426746,0.841688654354
0.451526690442,0.84168865514
0.451565731169,0.837730871499
0.451611196224,0.837730871027
0.451584872438,0.839050132712
0.45155879863,0.821899736462
0.451641597974,0.844327176309
0.451560550834,0.845646437837
0.451566241976,0.832453826487
0.45162529461,0.817941952192
0.451611016545,0.850923483164
0.45161273816,0.825857520418
0.451620864326,0.845646438781
0.451572381923,0.829815303745
0.451552855701,0.840369393926
0.451570565436,0.839050131769
0.451637256429,0.853562005592
0.451700333083,0.837730871499
0.451594476492,0.841688654668
0.451559533623,0.829815304216
0.451547491676,0.837730871341
0.45153324538,0.837730870241
0.45158769037,0.833773086599
0.451586902928,0.846965699523
0.451565053343,0.819261214035
0.451600801583,0.849604222422
0.451627313462,0.828496042531
0.451622411569,0.848284960108
0.451608895626,0.839050131769
0.451563061856,0.833773087229
0.451527357731,0.829815303587
0.451548699811,0.843007915253
0.451676300774,0.829815303273
0.451646924333,0.817941952664
0.451609717038,0.843007915567
0.451578495842,0.816622690507
0.451578874859,0.849604221636
0.451644321152,0.848284960265
0.451648410518,0.850923483007
0.451597873485,0.828496042531
0.451589774252,0.846965699995
0.451585472888,0.837730870241
0.451561732154,0.837730871499
0.451572132142,0.8337730877
0.451584701016,0.844327176938
0.451568462761,0.852242744378
0.451489314633,0.836411609813
0.451527445014,0.844327176152
0.451547927702,0.840369392668
0.451583856958,0.824538259204
0.451583086108,0.848284961051
0.451629418339,0.836411609813
0.451562398185,0.845646437366
0.451536966974,0.836411609184
0.45156171627,0.839050132712
0.451548787173,0.843007916354
0.451580134419,0.843007916354
0.45159610064,0.828496041745
0.45152190768,0.841688654196
0.451514364862,0.824538259204
0.451533740146,0.852242743906
0.451600900426,0.843007915095
0.451656934611,0.846965699838
0.451584108823,0.832453826172
0.451593928177,0.849604222422
0.451601435767,0.83113456543
0.451597962499,0.836411609813
0.451551476066,0.833773086442
0.451599858839,0.831134564487
0.451618343356,0.843007914938
0.451673790616,0.837730871027
0.451630796323,0.83773087087
0.451579256627,0.844327177567
0.451538765729,0.829815304216
0.451542104769,0.841688654196
0.451559276804,0.836411609341
0.451619852816,0.836411609813
0.451579275185,0.839050131769
0.45153452916,0.836411610285
0.451515879669,0.841688653882
0.451537059133,0.836411609341
0.451572032513,0.831134564958
0.451618975417,0.841688654668
0.451573036356,0.828496042059
0.451569282128,0.850923483479
0.451518047611,0.829815304216
0.451574590323,0.840369392511
0.451540661676,0.83641160887
0.451618451084,0.840369393769
0.451645464885,0.835092347813
0.451623360368,0.844327176624
0.451580307414,0.84960422195
0.451541695557,0.840369392511
0.451542581292,0.839050131297
0.451530873618,0.840369393297
0.4515547187,0.836411609341
0.451536333183,0.831134564801
0.45151498442,0.839050131297
0.451518929099,0.831134564015
0.451582250306,0.843007916196
0.451618715452,0.832453825228
0.451638675145,0.839050132712
0.451649176257,0.824538259362
0.451553989212,0.840369392983
0.451551924438,0.836411610285
0.451536550764,0.825857519632
0.451523338427,0.844327176624
0.451520718339,0.831134564015
0.45152441941,0.843007915567
0.451633635093,0.836411609813
0.451720503672,0.841688653882
0.451587674682,0.832453825386
0.451541412632,0.845646437523
0.451528418504,0.833773086599
0.451562149308,0.833773087386
0.451610511243,0.840369392668
0.451561993534,0.840369392983
0.451545182586,0.83641160887
0.451595571865,0.839050132712
0.451552014238,0.84168865514
0.451544328541,0.825857520103
0.451579091495,0.833773087858
0.451504620053,0.836411609813
0.451508854027,0.831134564487
0.451513501302,0.83773087087
0.45152016161,0.846965699051
0.45152368253,0.828496043003
0.451585487671,0.848284961209
0.451649840164,0.849604221007
0.45161906616,0.84300791541
0.451552352286,0.837730871499
0.451545199571,0.840369393926
0.451611441327,0.845646437837
0.451576502546,0.840369392983
0.45161586937,0.836411609499
0.451535893776,0.839050131297
0.451569212615,0.84960422195
0.451538563718,0.829815303273
0.451521776597,0.845646437366
0.451586114071,0.816622690664
0.451595842445,0.844327176152
0.45153328627,0.849604222422
0.451578452908,0.84300791541
0.451566852177,0.832453825386
0.451519533481,0.839050131769
0.451537620895,0.825857519003
0.45157940729,0.848284960265
0.451513807424,0.841688654668
0.451491413771,0.812664907494
0.451506073918,0.841688654668
0.451540452509,0.839050132555
0.451527244969,0.848284961051
0.451568013445,0.848284960737
0.451597722665,0.837730870555
0.451556201346,0.833773087858
0.451520350174,0.836411609184
0.451545323184,0.845646438781
0.451560823144,0.839050131297
0.451625777974,0.845646437995
0.451662253028,0.829815303273
0.45159061084,0.860158311975
0.451484407551,0.846965699995
0.451459375409,0.828496043003
0.451489442493,0.837730870555
0.451538773671,0.837730870398
0.451570112229,0.849604221636
0.451555786315,0.844327176624
0.45160430717,0.841688654668
0.45164039558,0.816622691607
0.451577517319,0.857519788446
0.451534176879,0.856200528334
0.451620019284,0.846965699523
0.451639759824,0.850923482221
0.451587018127,0.84828495995
0.451523126273,0.831134564487
0.451493730174,0.866754617572
0.451576768959,0.843007915567
0.451585563947,0.843007914938
0.45158913881,0.832453826015
0.45158075327,0.862796834559
0.451537164896,0.833773086914
0.451548183656,0.837730871027
0.451641862028,0.840369393926
0.451636559573,0.835092348285
0.451611530812,0.833773086599
0.451569210885,0.849604222422
0.451519701915,0.82453825889
0.451512636012,0.846965699838
0.451489863264,0.840369393769
0.451540532087,0.844327177567
0.451588357973,0.843007915882
0.451625561022,0.840369393297
0.451618312531,0.849604221007
0.451534333833,0.83113456543
0.451510212588,0.843007916354
0.451531195153,0.849604222422
0.451520910364,0.845646438781
0.451545286933,0.83509234797
0.451557041551,0.832453825228
0.451531161262,0.841688653724
0.45154735847,0.828496041745
0.451597923811,0.844327176624
0.451566705289,0.836411609341
0.451564357117,0.850923482378
0.451519885447,0.835092348914
0.451507250992,0.835092348599
0.451563377572,0.831134564958
0.451563828224,0.843007915882
0.45164935971,0.831134564487
0.451578974252,0.840369392825
0.451516589499,0.845646438309
0.45152414427,0.8337730877
0.451513472522,0.831134564958
0.451555030877,0.837730871499
0.451549665123,0.835092348599
0.451536896518,0.8337730877
0.451652259028,0.836411610285
0.451607578977,0.850923482378
0.451525065783,0.837730871499
0.451538421705,0.846965699051
0.451586237683,0.841688654354
0.451594219752,0.837730870555
0.451576668779,0.836411610285
0.451551629088,0.836411609813
0.4515420903,0.839050131769
0.451583897847,0.841688653724
0.451553847513,0.82585751916
0.451547640295,0.850923482378
0.451526017176,0.825857520103
0.451493717907,0.831134564015
0.45154381852,0.839050131454
0.451549287994,0.846965698579
0.45147256101,0.840369392668
0.45144911539,0.837730870083
0.451521531416,0.840369392668
0.451557909908,0.844327176152
0.451501876352,0.823218998148
0.451507295656,0.840369393297
0.451564147321,0.850923483164
0.451567959896,0.84168865514
0.451567669107,0.836411609341
0.451602584926,0.825857519003
0.451558517435,0.840369393454
0.451544145166,0.854881265862
0.451522986068,0.839050131769
0.451499928585,0.837730871499
0.451491189664,0.849604222265
0.451521422586,0.846965699995
0.451558274141,0.833773086442
0.451617373483,0.832453826172
0.45159300745,0.841688654511
0.451626636029,0.839050132712
0.451537019423,0.84168865514
0.451517727177,0.835092348599
0.451520273192,0.844327177096
0.451544045458,0.825857520261
0.451526123962,0.861477572088
0.451518061293,0.829815303273
0.451584662328,0.85356200512
0.45165103957,0.841688654668
0.451591986622,0.843007915095
0.451548023872,0.848284960737
0.451512939383,0.841688653724
0.451518618966,0.836411609027
0.451541950489,0.85356200512
0.45155216836,0.846965698579
0.451541166821,0.840369393454
0.451520178909,0.831134564172
0.451506802778,0.839050132712
0.451516691409,0.828496042059
0.451519901803,0.839050131612
0.451502330228,0.83773087087
0.451564331325,0.844327177567
0.451589845259,0.845646437837
0.451595244433,0.843007915567
0.451614767077,0.835092347499
0.451580517053,0.852242744692
0.451544244796,0.84300791541
0.451544611152,0.837730871027
0.451560679715,0.850923483164
0.45149443505,0.848284960737
0.451471022377,0.828496043003
0.45150755106,0.83641160887
0.451488044142,0.84300791541
0.451509145759,0.846965698737
0.451542412857,0.833773087386
0.451537676254,0.853562005592
0.451533885147,0.832453826644
0.451483052529,0.844327176781
0.451495472548,0.829815304059
0.451526285083,0.845646438781
0.451561271358,0.848284961209
0.451487733774,0.839050131769
0.45150775252,0.852242743592
0.451542866261,0.839050132241
0.451540026942,0.843007915725
0.451517007124,0.839050132241
0.451484268841,0.833773087386
0.451458466714,0.843007915253
0.451447395505,0.841688653724
0.451447839158,0.841688654039
0.451528134085,0.836411609499
0.451571344307,0.846965699051
0.451680867527,0.833773087229
0.45158795344,0.837730871027
0.451501864006,0.845646437523
0.451449048551,0.839050131769
0.451480248044,0.82453825889
0.45149300847,0.836411609027
0.45152911709,0.839050132712
0.45152009599,0.844327177567
0.451516567874,0.843007915882
0.451507656272,0.839050132083
0.451539039926,0.836411609341
0.451534958345,0.83113456543
0.451576434764,0.837730870555
0.451550245364,0.836411610285
0.45152018693,0.825857520418
0.451492164176,0.850923483636
0.45146161365,0.84432717741
0.451478936034,0.846965698737
0.451474830783,0.827176780374
0.451572290511,0.856200528019
0.451538129029,0.844327177096
0.451492474073,0.839050132712
0.451510964645,0.839050131769
0.451554329697,0.841688654983
0.451544531103,0.845646437366
0.451499850266,0.865435356515
0.451464148499,0.839050131297
0.451457413017,0.850923482535
0.4515223003,0.827176781317
0.451539924009,0.848284960737
0.451503379442,0.836411609341
0.451519701994,0.832453825228
0.451560950374,0.846965699995
0.451539579749,0.853562005592
0.451609125159,0.845646438624
0.451581630669,0.835092348128
0.451555608602,0.837730871027
0.451507744814,0.837730870712
0.451514485958,0.836411608712
0.451519020472,0.844327176938
0.451537329477,0.841688654983
0.45152169985,0.832453825228
0.451501139236,0.843007915095
0.451529622392,0.846965698737
0.451536941733,0.831134564958
0.451511404524,0.841688654983
0.451504347743,0.831134564958
0.451538671132,0.841688654196
0.451555401952,0.8324538257
0.451549923121,0.844327176152
0.451677023578,0.843007916354
0.451543866251,0.839050132241
0.451508650443,0.84828495995
0.451484484456,0.839050131454
0.451498229695,0.846965699995
0.451502413108,0.848284961209
0.451554162836,0.827176781317
0.451544078721,0.844327176309
0.451543159095,0.823218997991
0.451535998831,0.844327177567
0.451495400048,0.832453826172
0.451532232966,0.85224274485
0.451546065332,0.839050131926
0.451504180252,0.841688653882
0.451503777252,0.835092348128
0.451508552151,0.836411609341
0.45147434105,0.84564643768
0.451512025969,0.836411609813
0.451536867266,0.836411610285
0.451571734568,0.837730870555
0.451544362511,0.856200528334
0.451529871663,0.841688653882
0.451499416205,0.839050131612
0.451463790556,0.844327176466
0.451489818442,0.843007916196
0.45150962582,0.841688654196
0.451548721749,0.837730871027
0.451631836023,0.829815303587
0.45159406728,0.844327177567
0.451585912925,0.843007915882
0.451510966021,0.84168865514
0.45154616795,0.845646437523
0.451519195511,0.836411609027
0.451534961883,0.840369392983
0.451497896366,0.836411610285
0.451587270306,0.831134565273
0.451530204914,0.846965699366
0.451553697322,0.824538259362
0.451525850315,0.839050131297
0.451475946759,0.833773086914
0.451476138154,0.833773087386
0.451495811461,0.833773087386
0.451549686197,0.84432717741
0.451506900127,0.835092348599
0.45147725869,0.831134564015
0.451488373934,0.850923482378
0.451485176711,0.846965699208
0.451513542585,0.839050131926
0.451606594871,0.835092349071
0.451663185864,0.837730870241
0.451561206563,0.835092348442
0.451539370111,0.849604222422
0.451477599569,0.835092348599
0.451483663044,0.837730870555
0.45148785605,0.835092348599
0.451496404519,0.8324538257
0.45152699908,0.832453825386
0.451552579853,0.840369393454
0.45152787357,0.825857519632
0.451507480525,0.845646438781
0.451488946862,0.833773087858
0.451523375857,0.831134565273
0.451563509127,0.841688653724
0.451604247329,0.839050131297
0.45151203399,0.827176781632
0.451479115791,0.850923483636
0.451491614759,0.827176781789
0.451505714718,0.850923482378
0.451512145965,0.839050132083
0.451552093973,0.846965698737
0.451556422308,0.82453825889
0.451504268951,0.835092349071
0.451483690959,0.829815303273
0.451451051597,0.839050131926
0.451505202495,0.850923483164
0.451548058785,0.835092348599
0.451482753326,0.837730871027
0.451476165204,0.840369393926
0.451499272266,0.846965698737
0.451544391763,0.836411609027
0.451570024748,0.85092348285
0.451525729061,0.841688654196
0.451490622397,0.845646437837
0.451527769065,0.840369393454
0.451473176951,0.84168865514
0.451433135369,0.833773086285
0.451556237596,0.833773086914
0.451557133003,0.837730871499
0.451504025893,0.841688653882
0.451557444315,0.846965698579
0.451548086465,0.833773087543
0.451534560771,0.845646437523
0.451505602507,0.819261213878
0.451510975103,0.83641160887
0.45154449729,0.840369393454
0.451499319957,0.83773087087
0.451479268341,0.833773087858
0.451516029545,0.850923482692
0.451502375835,0.839050131612
0.451505848474,0.848284960108
0.451541635166,0.835092349071
0.451515344564,0.840369393454
0.451476216159,0.832453826644
0.451502622432,0.832453825228
0.451491625139,0.837730871027
0.451458467657,0.849604221636
0.451494404068,0.833773087071
0.451534395561,0.854881266805
0.451506351261,0.827176781789
0.451443280582,0.846965698737
0.451464250409,0.832453825386
0.451507975841,0.840369393454
0.451574720305,0.839050132083
0.451580787869,0.836411610285
0.451512073779,0.845646438309
0.451521833371,0.845646437837
0.451498534324,0.841688654196
0.451494880905,0.833773087386
0.451504795249,0.845646437995
0.451548746912,0.84960422195
0.451509141985,0.835092348442
0.451519923899,0.83641160887
0.451479864938,0.846965699523
0.451500837438,0.832453826644
0.451506379962,0.840369393454
0.451483768178,0.848284960737
0.451508781526,0.835092348914
0.451502640832,0.846965698579
0.451534010175,0.848284959793
0.451517795471,0.843007916354
0.451484822425,0.824538257946
0.451470582183,0.850923482692
0.451441055709,0.835092347656
0.451453924258,0.840369393926
0.451456507309,0.828496041902
0.451491480452,0.849604222422
0.451553024057,0.829815303273
0.451562044174,0.841688654511
0.45153173938,0.84432717741
0.451534557154,0.843007915725
0.451547453146,0.828496042845
0.451484640466,0.836411609813
0.451482539363,0.844327177096
0.451463570381,0.837730871027
0.451479609535,0.833773086442
0.451507449071,0.832453825228
0.451519452881,0.833773086599
0.451523706985,0.841688654983
0.451508642816,0.829815303273
0.451526136622,0.843007916196
0.451489405141,0.840369393769
0.451457185843,0.839050132555
0.451526625804,0.849604221007
0.451506563258,0.845646438781
0.451493396765,0.825857520575
0.451493122568,0.841688654668
0.45147756033,0.832453826172
0.451454900185,0.844327176309
0.451463099363,0.843007915882
0.45150152989,0.839050132712
0.451505492577,0.839050132083
0.451478736696,0.835092347656
0.451501265758,0.84960422195
0.451511985708,0.835092347656
0.451547956482,0.837730870241
0.451516510078,0.843007915095
0.451491631115,0.83641160887
0.451436499335,0.828496041587
0.451453768169,0.848284960737
0.451471440553,0.848284960108
0.451556059962,0.841688654196
0.451587472239,0.844327176309
0.451548350675,0.832453826487
0.451510578315,0.840369393454
0.451504453899,0.829815303745
0.451546108188,0.828496042845
0.451520611397,0.845646437523
0.451462848048,0.836411609813
0.45147331692,0.84168865514
0.451513742394,0.84432717741
0.451483472985,0.829815303745
0.451454429718,0.850923483164
0.451484117785,0.829815303273
0.45147924137,0.835092348128
0.451544027451,0.827176780374
0.451499633786,0.849604222422
0.451441801003,0.82453825889
0.451421694894,0.844327177096
0.451455308454,0.835092348599
0.451512639629,0.828496042531
0.451579806437,0.845646437837
0.451506295195,0.84960422195
0.451449824433,0.843007915882
0.451457412073,0.831134564958
0.451463838366,0.839050132712
0.45151386239,0.832453826172
0.45156939426,0.846965699995
0.451548221558,0.84168865514
0.451522218127,0.837730871499
0.451495189308,0.83641160887
0.45146616971,0.841688654196
0.451495619751,0.828496042845
0.45149295437,0.837730870555
0.451545063849,0.846965699051
0.451518185535,0.839050131612
0.451473572009,0.83641160887
0.451505144385,0.843007916196
0.451496100048,0.823218997047
0.45152836865,0.837730870083
0.451445932006,0.839050132241
0.451452978211,0.839050131297
0.451422532504,0.829815304059
0.451443335784,0.84696569968
0.451462802362,0.850923483636
0.451455938431,0.845646438309
0.451441578469,0.831134564172
0.451494004607,0.845646438309
0.451510448255,0.832453825228
0.451496333592,0.839050132241
0.4515153897,0.832453826487
0.451542357027,0.841688653882
0.45153826884,0.833773086442
0.451503006245,0.849604222422
0.451486948612,0.827176781789
0.451447443707,0.839050131769
0.451484473997,0.832453825071
0.451481236553,0.844327176152
0.451454457397,0.861477572874
0.451512806412,0.828496043003
0.451548588229,0.848284961209
0.451537672951,0.848284960422
0.45154705046,0.836411609027
0.4514375848,0.837730871341
0.451423499861,0.836411610128
0.45144014953,0.846965698579
0.451474065123,0.848284961209
0.451532048097,0.840369392668
0.451497917597,0.837730870555
0.451502763737,0.846965699523
0.45152228646,0.837730870398
0.451485912136,0.845646438309
0.451450515706,0.824538259362
0.451440130579,0.837730870555
0.451467692695,0.829815303587
0.451499132336,0.837730870083
0.451497155632,0.837730870083
0.451470716962,0.837730870083
0.451459756155,0.845646438624
0.451499708881,0.832453826172
0.451519223033,0.828496042688
0.45146820421,0.840369393454
0.451524427824,0.841688654196
0.451469312714,0.836411609341
0.451455472327,0.84168865514
0.451431176593,0.839050132241
0.451416575342,0.821899736305
0.451464900162,0.837730870555
0.451566367634,0.8324538257
0.451559527568,0.853562004805
0.451544100188,0.831134564958
0.451523193583,0.837730870241
0.451474560911,0.848284960108
0.4514456595,0.840369392983
0.451490460883,0.853562006063
0.451470421612,0.831134564644
0.451437909874,0.848284960265
0.451452451362,0.840369392511
0.451508729549,0.837730870241
0.45154099477,0.83641160887
0.451531897434,0.836411609813
0.45147258924,0.835092347813
0.451441180895,0.837730869926
0.451440220772,0.840369393926
0.451405004807,0.825857519632
0.451462085612,0.841688653724
0.451475831009,0.839050131454
0.451463748251,0.835092347813
0.451482332791,0.837730870398
0.451473181984,0.844327177567
0.451510093615,0.85224274485
0.451548751394,0.84960422195
0.451518364742,0.833773086442
0.451471632735,0.836411610285
0.451478293279,0.837730870241
0.451497119068,0.845646438781
0.451506421402,0.841688653882
0.451516628423,0.836411610285
0.451474321077,0.854881267277
0.451495096363,0.831134564172
0.451497571449,0.835092347656
0.451507080042,0.84960422195
0.451508900893,0.833773087386
0.451475250218,0.835092348599
0.451478144975,0.832453826644
0.451498140603,0.831134564487
0.451478452355,0.850923483636
0.451445018868,0.8324538257
0.451450834016,0.832453825386
0.451493145293,0.850923483479
0.451522620183,0.840369392983
0.451480581609,0.835092348128
0.451435894796,0.844327176152
0.451437454425,0.832453826487
0.451440350361,0.832453826487
0.45148141285,0.841688654354
0.451478133258,0.8324538257
0.451464658677,0.8337730877
0.451435481653,0.839050132241
0.451481210289,0.837730870555
0.451461664605,0.833773086914
0.451495733613,0.841688653882
0.451457696099,0.850923482692
0.451435343099,0.829815303587
0.451447218106,0.8324538257
0.45144511543,0.829815303116
0.451467433674,0.845646437523
0.451512051132,0.832453826015
0.451479485686,0.832453825228
0.451474011259,0.846965699366
0.451457529474,0.83641160887
0.45147914119,0.844327177096
0.451493832634,0.84300791541
0.451469119432,0.831134564801
0.451427575781,0.840369392668
0.451423554983,0.825857520103
0.451435789033,0.845646438309
0.451463634546,0.840369392511
0.45148528267,0.837730870555
0.451497233087,0.85224274485
0.4514905186,0.839050132712
0.451520610296,0.829815303587
0.451442789434,0.846965698579
0.451485156148,0.840369392983
0.451536086823,0.837730870083
0.451456741796,0.843007915882
0.451412751524,0.833773087386
0.451414767151,0.844327176152
0.451433574068,0.837730870241
0.451464455879,0.831134564487
0.451468123138,0.836411609341
0.451434794863,0.840369393454
0.451387096835,0.84300791541
0.451425347408,0.844327177096
0.451463244836,0.845646438781
0.451526267547,0.835092349071
0.451498343164,0.827176781789
0.45152819998,0.84828495995
0.451507962395,0.846965698579
0.451499193042,0.844327177096
0.451465798242,0.840369393454
0.451449498967,0.828496042059
0.451426398707,0.844327176624
0.451440118548,0.839050132083
0.451500659096,0.839050131297
0.451463213225,0.828496041902
0.45148456765,0.836411609656
0.451489936786,0.845646437523
0.451450643486,0.845646437837
0.451443708824,0.825857519632
0.451447696673,0.825857519789
0.451406901619,0.862796834088
0.451415382306,0.832453825858
0.451444082414,0.848284960422
0.451494907798,0.828496042059
0.45146084508,0.852242744378
0.451454189176,0.832453826644
0.451479835057,0.849604221007
0.451485485389,0.821899736777
0.451447053525,0.831134564172
0.451500733012,0.840369393454
0.451595283199,0.828496042531
0.451470754313,0.837730871027
0.451421495714,0.839050131926
0.451417315368,0.837730871027
0.451461684185,0.841688653882
0.451468116061,0.857519788446
0.451445541155,0.819261214035
0.451433681011,0.837730871027
0.451480893551,0.844327177096
0.451454212452,0.837730871341
0.451455240121,0.829815302958
0.451455594367,0.833773086599
0.451453272302,0.835092348914
0.451455409341,0.835092349071
0.451471448731,0.8337730877
0.451456568408,0.837730871027
0.451448166276,0.845646437837
0.451479683608,0.85488126712
0.451461103315,0.841688654196
0.451455208117,0.832453825228
0.451505400732,0.856200527704
0.451486561261,0.823218996732
0.45147180746,0.850923482535
0.451459790283,0.845646437523
0.45151540464,0.833773087858
0.451478842852,0.841688654668
0.451424619768,0.839050132555
0.451489989393,0.843007915095
0.451515143968,0.824538259047
0.451455125079,0.846965698422
0.45142271525,0.839050131454
0.451410997276,0.844327177567
0.451415795764,0.828496042374
0.451455006027,0.841688654196
0.45147714412,0.832453826172
0.451455347771,0.82981530343
0.451498138912,0.852242743592
0.451543213431,0.845646438781
0.451472016862,0.833773086599
0.451454487592,0.844327177567
0.451434956141,0.845646437523
0.451388581919,0.846965699995
0.451385791509,0.844327176309
0.45140988366,0.832453826644
0.451446316252,0.83641160887
0.451503598596,0.844327176624
0.451478876193,0.840369392983
0.451503392732,0.839050132712
0.45146765841,0.829815303745
0.451469628981,0.849604222265
0.45145560915,0.837730871027
0.451430611214,0.833773086757
0.451448546157,0.85224274485
0.451421977937,0.833773087071
0.45143274786,0.836411609341
0.451455741649,0.849604222422
0.451490613747,0.835092347813
0.451470541451,0.83641160887
0.451504318648,0.839050131769
0.451502810525,0.824538258261
0.451464603161,0.837730871027
0.451467764409,0.843007914938
0.45143846047,0.828496042374
0.451411638694,0.845646437366
0.451381467578,0.833773086914
0.451390106634,0.846965699208
0.451385466515,0.835092348599
0.451463578834,0.84168865514
0.451483065661,0.845646437523
0.451503683363,0.840369393454
0.45151515938,0.839050132712
0.451440607652,0.835092347813
0.451427542125,0.857519788918
0.451417617087,0.835092349071
0.451392635821,0.848284960737
0.451418323457,0.831134564015
0.451443431088,0.8337730877
0.451481026521,0.840369393926
0.451505999137,0.836411609813
0.451518772303,0.848284960265
0.451533519498,0.84300791541
0.4514752812,0.833773087858
0.451455528786,0.84300791541
0.451474289309,0.836411609813
0.451474817416,0.840369392983
0.451428387442,0.852242743434
0.451414328452,0.833773087386
0.451431077593,0.835092347656
0.451449205504,0.845646437366
0.451427544799,0.837730870241
0.451483244003,0.840369393926
0.45146396017,0.835092349071
0.451443032413,0.836411610285
0.451445449783,0.83773087087
0.451424942561,0.845646437523
0.451452125975,0.836411609813
0.451490563579,0.839050131769
0.451502328734,0.828496042059
0.451480948202,0.850923483636
0.451495853137,0.828496043003
0.45143786175,0.839050131454
0.451490538966,0.844327176938
0.451444934729,0.839050132241
0.451418299474,0.836411609341
0.451431909463,0.848284960265
0.451422526607,0.829815303587
0.451413892033,0.84300791541
0.451437142798,0.846965699208
0.451516443868,0.841688654354
0.451521577024,0.829815304059
0.451513741293,0.846965699838
0.451458445089,0.839050131454
0.451397844072,0.840369393454
0.451397833535,0.835092347656
0.45148620033,0.841688654196
0.451510538369,0.840369393769
0.451528447363,0.844327177096
0.451502297123,0.845646437837
0.451430020043,0.843007914781
0.451402119958,0.845646437837
0.45144009771,0.831134564172
0.451449583734,0.846965698579
0.451465273124,0.839050131454
0.451437116613,0.844327177096
0.451448882475,0.831134565273
0.451497467652,0.836411609656
0.451465182144,0.839050131297
0.451443469068,0.836411609341
0.451546144281,0.850923482378
0.451471212907,0.835092348599
0.451406800653,0.836411609656
0.451428450428,0.846965699208
0.451422115429,0.83641160887
0.451445805838,0.843007914781
0.451493435846,0.823218997204
0.451488130797,0.833773086757
0.451461262156,0.841688654511
0.451458684215,0.848284960265
0.451462854811,0.832453825071
0.451436318634,0.843007915095
0.451419471987,0.84168865514
0.451436722184,0.835092347656
0.451436241887,0.846965698737
0.451438983544,0.85224274485
0.451465090693,0.827176781003
0.45152864906,0.860158312132
0.451530922607,0.84300791541
0.451526499675,0.852242743906
0.451454662553,0.837730871499
0.45144188695,0.827176780374
0.451426853605,0.844327176938
0.451413206107,0.832453826172
0.451414150896,0.836411609184
0.45142276188,0.857519788761
0.451447202379,0.856200528019
0.451424149693,0.829815303587
0.451455107544,0.839050132555
0.45148342895,0.843007914938
0.451471072703,0.854881266805
0.451487385503,0.828496041587
0.451442858081,0.836411609499
0.451443167331,0.841688654354
0.451438073354,0.833773087386
0.451426549213,0.839050131769
0.451454507015,0.840369392511
0.45142940363,0.831134564172
0.451422341109,0.833773087229
0.451451322491,0.837730869926
0.451431134249,0.835092347813
0.451447383552,0.84960422195
0.451456874766,0.840369393454
0.451414682777,0.840369392668
0.451393422162,0.828496041587
0.451425454862,0.832453825228
0.45148613931,0.849604221164
0.451494314425,0.846965698737
0.451488602287,0.839050131769
0.451464939715,0.837730870555
0.451450487004,0.853562004648
0.451450354584,0.841688653882
0.451439456528,0.829815302801
0.451493117378,0.839050131926
0.451445551692,0.852242744378
0.451491588653,0.83773087087
0.451409657901,0.836411610128
0.451389929078,0.856200528019
0.451384819592,0.835092348442
0.451435390123,0.83773087087
0.451444609656,0.840369393769
0.451461195946,0.840369393454
0.451459529847,0.833773086442
0.45146114043,0.837730870398
0.451456787561,0.835092348128
0.451453087512,0.82453825889
0.45147024791,0.843007915095
0.451438025702,0.82321899689
0.451395615975,0.849604221007
0.451452899341,0.845646437995
0.45144039188,0.844327176624
0.451434714498,0.839050131297
0.451415982913,0.845646437837
0.451416860627,0.843007916196
0.451439818638,0.836411609184
0.451450131578,0.837730871499
0.451437948955,0.828496043003
0.451453495151,0.84432717741
0.451439628343,0.837730870555
0.451485757306,0.848284960108
0.451449426466,0.852242743906
0.451393941933,0.827176781789
0.451418676249,0.850923483164
0.451412671789,0.844327176624
0.451410796837,0.841688653882
0.451424719397,0.837730870083
0.451449652146,0.846965699366
0.45153321141,0.833773086442
0.451499263655,0.835092347813
0.45150735243,0.840369393297
0.451499160723,0.831134564172
0.45145782097,0.844327176781
0.451447383316,0.836411610285
0.451403506828,0.8324538257
0.451390808365,0.84300791541
0.451394155032,0.839050131612
0.451432317102,0.846965699995
0.45144535149,0.837730870083
0.451463922898,0.84036939314
0.451485517393,0.836411609813
0.451502526263,0.82981530343
0.451438749057,0.831134564487
0.451417914481,0.844327177567
0.45145839901,0.836411609656
0.451446509298,0.835092348599
0.451447903677,0.843007916354
0.451458576959,0.831134564487
0.451449836228,0.83641160887
0.451446320105,0.854881266333
0.451452070931,0.844327177096
0.451418679748,0.84168865514
0.451410317327,0.839050131297
0.451422792547,0.850923482378
0.451448253992,0.843007915095
0.451439624097,0.840369393769
0.451448586497,0.812664907809
0.451463685187,0.846965698579
0.451408440488,0.841688653882
0.451404677296,0.828496041745
0.451446497346,0.837730871027
0.451454051881,0.832453825858
0.451462971032,0.832453825228
0.451466047355,0.836411609341
0.45144173558,0.844327177567
0.451445015801,0.843007915882
0.451446021846,0.831134564958
0.451458937575,0.832453826172
0.451447962614,0.825857519946
0.451456609533,0.845646438309
0.451443326741,0.843007916354
0.45143414047,0.837730870398
0.451447325756,0.833773087071
0.451446997459,0.837730870083
0.451428260369,0.835092348285
0.451456958983,0.828496042531
0.451490669735,0.845646438624
0.451425509748,0.835092349071
0.451385305,0.848284961209
0.451398220179,0.845646437523
0.45139231059,0.841688654983
0.451399037344,0.832453825228
0.451413973498,0.819261213878
0.451426624151,0.84300791541
0.451435644268,0.839050131769
0.451503452179,0.843007914938
0.451487359475,0.832453826487
0.451431658306,0.845646438624
0.451526081656,0.828496041745
0.451482913739,0.840369393769
0.451435651581,0.824538258732
0.451420862473,0.853562006063
0.45141645173,0.832453825386
0.451419001047,0.84168865514
0.451447336686,0.846965698579
0.451451830074,0.83113456543
0.451418267076,0.828496043003
0.451418246317,0.852242743592
0.451423671912,0.829815303587
0.45140927629,0.848284961209
0.451441800689,0.824538259204
0.451457892527,0.840369392983
0.451414735619,0.845646437366
0.451454863463,0.857519789233
0.451682938907,0.837730871499
0.451594215191,0.831134564958
0.451421768574,0.849604222265
0.451394658447,0.837730870241
0.451382831879,0.840369393926
0.45140233455,0.828496043003
0.451459716524,0.831134565273
0.451424101412,0.846965699366
0.451427127645,0.8324538257
0.451465117585,0.841688653882
0.451445237942,0.828496042845
0.451410704678,0.840369393454
0.451394931937,0.835092347656
0.45144769683,0.840369392983
0.451448927454,0.841688653724
0.451458824656,0.841688654196
0.451437858447,0.843007916354
0.4514545067,0.845646438309
0.451459049549,0.846965699051
0.451462547823,0.833773087386
0.451457967544,0.844327177567
0.451438069894,0.824538258103
0.451433105802,0.840369393454
0.451404079756,0.835092347656
0.451398276087,0.840369393926
0.45142388446,0.837730871027
0.451464444242,0.840369393926
0.451448776044,0.845646437523
0.451438868581,0.840369393454
0.451415036316,0.845646437366
0.451474976335,0.831134564958
0.45141167636,0.850923483636
0.451386383939,0.825857520575
0.451408473986,0.841688653724
0.451420132277,0.841688653882
0.451421318551,0.835092348285
0.451422424304,0.849604221164
0.451432661284,0.839050131297
0.451461331983,0.840369393454
0.451502630138,0.83773087087
0.451532502209,0.845646438309
0.451465477258,0.835092348914
0.45142768115,0.832453826015
0.451394547809,0.845646438309
0.451421985761,0.839050131454
0.451413421329,0.825857519632
0.451412107039,0.843007914938
0.45139937209,0.835092347656
0.451402951828,0.850923483479
0.45143778571,0.837730870083
0.451482081948,0.845646437837
0.451451014088,0.840369393297
0.451451817886,0.837730871341
0.45143123148,0.835092347656
0.451432954038,0.848284959793
0.451479138516,0.844327176624
0.451458473948,0.853562006063
0.451449242226,0.843007915567
0.451460547686,0.841688654354
0.451489422755,0.831134564487
0.451466883629,0.827176781317
0.451454180526,0.837730870083
0.4513922156,0.839050131769
0.451387675268,0.857519789705
0.451414487293,0.829815303273
0.451416988486,0.844327177567
0.451430257518,0.839050131297
0.451475500746,0.844327177567
0.451474550767,0.828496041587
0.4514458034,0.828496042059
0.451429049777,0.853562005277
0.451415526914,0.845646437837
0.45139709461,0.845646438781
0.451396970211,0.831134564172
0.451436230171,0.832453826644
0.451447311995,0.840369393454
0.451407806225,0.83509234797
0.451390741368,0.835092348599
0.451412934269,0.840369393769
0.451400797411,0.837730871027
0.451391111106,0.83113456543
0.451420774718,0.829815302801
0.451437836587,0.832453825858
0.451409092994,0.839050131454
0.451422928191,0.835092348914
0.451462762494,0.844327176624
0.451446879822,0.840369393926
0.451433199849,0.85092348285
0.451434675653,0.839050132241
0.451417671738,0.852242743592
0.451433187267,0.832453825228
0.451457121127,0.844327177096
0.451468585192,0.825857520418
0.45142727414,0.832453826172
0.451395862964,0.837730871027
0.451396737926,0.837730870241
0.45138217151,0.84168865514
0.451404182609,0.840369393769
0.451452789332,0.829815302644
0.451497302206,0.845646437208
0.451481295057,0.84168865514
0.451436997797,0.849604221164
0.45147281319,0.827176781317
0.451454427909,0.840369392825
0.451415437114,0.835092348285
0.451389537009,0.844327176466
0.451394343125,0.845646437837
0.451392263331,0.837730871027
0.451409082299,0.839050132712
0.451427014255,0.839050131297
0.451430857417,0.852242743592
0.451452100654,0.829815302801
0.451433143704,0.839050132555
0.451418385971,0.837730871027
0.451397379502,0.83113456543
0.451382726981,0.850923483636
0.451386887197,0.837730870555
0.45138595727,0.840369393297
0.4514157327,0.833773087386
0.451421075257,0.836411610285
0.451467103725,0.831134564801
0.451458943787,0.832453826644
0.451484766044,0.836411609656
0.451439429399,0.840369393454
0.451426181677,0.837730870555
0.451443379032,0.836411609184
0.451449827421,0.840369393769
0.451464755554,0.843007916354
0.451430706912,0.841688654196
0.451404485114,0.839050132712
0.451395959212,0.840369392511
0.451413499963,0.828496042059
0.451408181231,0.837730871027
0.4514236024,0.84300791541
0.451423494671,0.829815302801
0.451440501496,0.850923482692
0.451424288522,0.839050131926
0.451388919613,0.844327176309
0.451375330029,0.835092348442
0.451389907847,0.861477572402
0.451403653166,0.832453826487
0.451426953628,0.843007916196
0.451391720206,0.837730871027
0.451438276073,0.831134564487
0.451462726558,0.840369392983
0.451492778544,0.846965699208
0.451465941356,0.827176781789
0.451443751915,0.837730870083
0.451482843205,0.833773087858
0.451466513341,0.845646438309
0.451431107159,0.846965699523
0.451405285374,0.846965698737
0.451376290387,0.831134564015
0.451388309216,0.84168865514
0.45141299985,0.857519789705
0.451426257244,0.832453825386
0.451456990555,0.824538259362
0.451442333671,0.844327176152
0.451436836911,0.841688654354
0.451460584094,0.843007914938
0.451442281615,0.845646437837
0.451418489296,0.844327176624
0.45140756875,0.839050132083
0.451393493326,0.83641160887
0.451377897668,0.839050131769
0.451475041837,0.845646438781
0.451454767766,0.840369393926
0.4514301457,0.84432717741
0.451403404289,0.836411609656
0.45140653715,0.837730870083
0.451412491874,0.841688654668
0.451428360706,0.839050132398
0.451433370956,0.825857520575
0.451411177269,0.853562005434
0.451402564477,0.827176781317
0.45139003665,0.821899735519
0.451391503805,0.845646437366
0.451413136044,0.837730870241
0.451430649666,0.836411609813
0.451451957147,0.836411610128
0.451473486691,0.832453826487
0.451450820649,0.850923482221
0.451470532015,0.835092348599
0.451413948806,0.835092348599
0.451405989149,0.839050132083
0.45139405839,0.827176780845
0.451382047897,0.848284959636
0.451387122785,0.833773087386
0.451383478409,0.844327176624
0.451427271781,0.837730870241
0.451477693065,0.839050132083
0.451478440718,0.832453826172
0.451444766845,0.846965698737
0.451443366608,0.829815303273
0.451457906996,0.852242743434
0.451435874902,0.824538257946
0.451444174259,0.865435356515
0.451425625812,0.8324538257
0.451425121296,0.836411609813
0.451467107185,0.836411609499
0.451451959506,0.828496043003
0.451448092596,0.829815304059
0.451447040236,0.835092348128
0.451482192036,0.854881267277
0.451426380228,0.835092348285
0.45140807767,0.824538259362
0.451411626899,0.841688654039
0.451442955116,0.83641160887
0.451439981568,0.845646438309
0.451421425022,0.840369393297
0.451400412419,0.84036939314
0.451404153829,0.835092348442
0.45141186516,0.839050132712
0.45143141973,0.843007915882
0.451393845213,0.84960422195
0.451379313632,0.827176781317
0.451390215582,0.853562004805
0.451403558962,0.827176781789
0.451386436623,0.836411610285
0.451384000696,0.836411609813
0.451401537043,0.836411609341
0.451410949387,0.828496041745
0.451401349501,0.839050132712
0.451425181687,0.840369393926
0.4514185121,0.840369392983
0.451412741223,0.846965698579
0.451423818015,0.836411609341
0.451439812819,0.832453825386
0.451438534071,0.839050132555
0.451435534416,0.839050131769
0.451402874295,0.833773086442
0.451416405178,0.839050131297
0.45144359449,0.862796833616
0.451481694439,0.815303429293
0.451453166382,0.84828495995
0.451427817187,0.844327176938
0.451466287346,0.845646438309
0.451434272418,0.836411609341
0.451415391074,0.839050132241
0.45140212389,0.854881266805
0.451424771925,0.827176780531
0.451436349459,0.836411609656
0.45144095207,0.854881267277
0.451405640171,0.839050131926
0.451378865654,0.84300791541
0.451395747529,0.837730871341
0.451409199622,0.841688654668
0.451387901262,0.841688653882
0.451412135661,0.843007916196
0.451373964941,0.848284960737
0.451385575737,0.84300791541
0.451424635809,0.828496042531
0.45142897185,0.839050131926
0.451405921052,0.839050131297
0.451389399871,0.850923483636
0.451413205478,0.856200527704
0.451435549671,0.845646438781
0.451414059366,0.839050132555
0.451416102909,0.844327177567
0.451455555286,0.821899736462
0.451446697234,0.849604222422
0.451442855329,0.829815303273
0.451430432557,0.846965698894
0.451409683379,0.825857519946
0.451413323823,0.849604221164
0.45142531678,0.831134564172
0.45142998796,0.837730870083
0.451423116127,0.846965699523
0.451417702877,0.849604221479
0.451418375749,0.843007914781
0.451403103592,0.843007916354
0.451412282707,0.843007915882
0.451435697582,0.841688654668
0.45142768233,0.839050132555
0.451429243453,0.844327176781
0.451428036262,0.85092348285
0.451395091249,0.841688654983
0.451425639416,0.837730870241
0.451399123448,0.836411610128
0.451385054315,0.850923482692
0.451396424019,0.828496042216
0.451390242985,0.828496042374
0.451419850453,0.843007916354
0.451421767237,0.843007916354
0.451425231541,0.840369393926
0.451386516516,0.84960422195
