loss,accuracy
1.39708102693,0.583113456622
1.3273827572,0.581794194464
1.34724881844,0.587071240577
1.20262799634,0.626649076439
1.21907354219,0.626649076989
1.12438644457,0.654353561219
1.07655815808,0.692612137675
1.07786869562,0.676781002639
1.02899724701,0.680738786909
0.99317939835,0.693931397631
0.990185923186,0.691292875675
0.958523630152,0.707124009925
0.927297432379,0.705804749183
0.924221070901,0.689973614776
0.8560959085,0.736147757885
0.855540140638,0.724274406647
0.834165560539,0.722955145276
0.839433642522,0.72955145103
0.77369379667,0.759894459417
0.737144027348,0.758575197732
0.712552816069,0.784960421535
0.693893005477,0.769129287442
0.681733160975,0.767810026228
0.648265868189,0.790237467333
0.665688113204,0.769129287756
0.621617283073,0.811345647067
0.611171792554,0.79155672776
0.606832759676,0.802110818571
0.592467075445,0.791556727918
0.568138302631,0.821899736934
0.557413514261,0.806068601898
0.556408770795,0.816622690821
0.553564586551,0.825857520103
0.544021759153,0.813984169652
0.542654130421,0.813984169495
0.53028121048,0.8337730877
0.524741905188,0.819261213878
0.559101377754,0.810026385853
0.50305261917,0.824538259362
0.524396543767,0.808707123381
0.504461014176,0.823218997361
0.520640147,0.839050132712
0.502459004482,0.817941952349
0.503834571168,0.828496043003
0.499263972437,0.828496042688
0.507842120914,0.821899735676
0.510704805873,0.824538259362
0.502214726011,0.839050132083
0.523299715292,0.835092348914
0.499684098214,0.833773087386
0.483978816655,0.828496043003
0.487790099156,0.837730871499
0.487172229938,0.824538258103
0.497806109665,0.831134564801
0.500192880788,0.837730869926
0.488025666935,0.84300791541
0.488871903151,0.833773086599
0.490288139726,0.853562006063
0.498883921584,0.831134564644
0.481816525824,0.84828495995
0.487551531565,0.839050132555
0.484096160193,0.828496042845
0.493690547339,0.832453825543
0.47904178335,0.829815303745
0.4873038355,0.832453826172
0.477827769471,0.835092349071
0.485233869669,0.82981530343
0.5004617608,0.828496041902
0.49110187193,0.824538259362
0.474228716895,0.843007915095
0.47964424351,0.833773086914
0.472017771415,0.833773086442
0.473556670161,0.84432717741
0.481015872043,0.846965698579
0.474482559749,0.840369392668
0.479597467153,0.831134564958
0.482557525578,0.837730870555
0.476660195001,0.832453826487
0.479746979585,0.836411609656
0.469500133497,0.836411610285
0.475239309991,0.831134564172
0.47023650186,0.831134564172
0.471251467051,0.828496042059
0.470413493921,0.839050132555
0.493648441533,0.844327177096
0.479047802712,0.832453826644
0.468709382501,0.836411609027
0.471435586035,0.82717678116
0.470241462335,0.840369392983
0.470471642105,0.836411609813
0.475993014263,0.833773087071
0.468527666183,0.835092348285
0.474002808097,0.836411610285
0.475252792672,0.837730871499
0.471547383589,0.835092349071
0.467014613834,0.844327177096
0.475270173009,0.837730871341
0.468204860951,0.836411609341
0.467732863093,0.841688653724
0.469373873639,0.837730871184
0.47191285631,0.845646437837
0.470066431487,0.839050132241
0.467379400708,0.839050131769
0.477835812638,0.835092347813
0.467436398239,0.843007914938
0.471159858958,0.837730871027
0.466046826506,0.839050132712
0.467450854332,0.839050131297
0.466903363337,0.837730870398
0.477897489134,0.841688653724
0.46672378508,0.836411610285
0.465862576597,0.829815303745
0.462700508122,0.843007916354
0.465467244308,0.840369392983
0.466345385543,0.833773086914
0.467431127632,0.833773087858
0.467703314759,0.850923483164
0.467518759277,0.837730871027
0.468513898768,0.835092347656
0.468143985422,0.836411609813
0.467778508613,0.836411609027
0.46480566216,0.841688653724
0.467582946717,0.839050131297
0.468352862273,0.828496042374
0.468072985911,0.840369392983
0.466426987132,0.820580475563
0.464366809988,0.850923482221
0.470724283469,0.819261214035
0.465846520379,0.839050132712
0.463944261496,0.845646437366
0.463527065626,0.83773087087
0.46280021073,0.848284960265
0.463796813129,0.840369393926
0.466815991421,0.833773086914
0.464556275855,0.8337730877
0.463043175146,0.844327176781
0.462815895165,0.828496042531
0.468325168759,0.839050131297
0.465514398816,0.839050132712
0.461620033652,0.844327176624
0.464122223665,0.825857519632
0.460670477482,0.84168865514
0.460136089602,0.835092348442
0.467946182848,0.844327176624
0.467381559764,0.840369393769
0.46261639205,0.845646438309
0.460783739754,0.827176780374
0.46639151482,0.844327177567
0.462653589437,0.835092349071
0.460270566566,0.83641160887
0.462844250227,0.84036939314
0.46240941956,0.829815303745
0.461870837809,0.837730871499
0.464726141622,0.844327176309
0.462561803632,0.832453826644
0.461386681783,0.829815304216
0.461414712872,0.835092349071
0.461418525682,0.833773086599
0.459701722404,0.832453826172
0.460952451094,0.840369393454
0.462328293471,0.827176780374
0.462953802778,0.854881267277
0.465847806912,0.836411609341
0.463642878394,0.825857519632
0.460859756828,0.846965698579
0.460960278096,0.823218998148
0.461528807643,0.845646438781
0.464193681299,0.844327176624
0.463055225035,0.831134564801
0.461854507709,0.833773087386
0.460379354479,0.84300791541
0.461832945297,0.836411609813
0.459455878093,0.84300791541
0.460288826819,0.832453826644
0.462709985575,0.841688654196
0.460826233147,0.840369392983
0.462328661951,0.835092348442
0.463989620709,0.825857520575
0.460359758626,0.833773086914
0.459289618878,0.8324538257
0.462702751081,0.846965698737
0.460390064679,0.828496042059
0.459965058556,0.840369392668
0.46151482076,0.836411609499
0.459961743028,0.824538258418
0.459001727815,0.843007916039
0.46055409674,0.833773087858
0.459130668624,0.825857520103
0.459160682079,0.833773086442
0.461244057225,0.836411609027
0.46079766829,0.832453825858
0.459909215884,0.827176780531
0.459012824659,0.839050132555
0.461182135076,0.84432717741
0.464770096902,0.832453826487
0.4605166721,0.845646438781
0.459010935789,0.839050131926
0.457553583038,0.84168865514
0.45873243922,0.844327176152
0.459808648026,0.841688654668
0.459497046109,0.823218996732
0.45897753981,0.831134564329
0.460782738427,0.846965699523
0.458591445455,0.845646437523
0.460797524704,0.835092348285
0.46044526377,0.840369393297
0.457979567369,0.852242743906
0.458449614866,0.841688653724
0.459857560085,0.839050131297
0.460980147988,0.829815303745
0.459377685763,0.837730871499
0.458169208825,0.840369392983
0.456808804522,0.840369392983
0.457373356245,0.83113456543
0.457752356468,0.84828495995
0.461220883442,0.827176780374
0.459383958562,0.84168865514
0.458173145562,0.853562004648
0.460481009021,0.836411610128
0.459148929427,0.827176781317
0.459222510968,0.837730871499
0.457369231651,0.840369393926
0.457180325148,0.846965698579
0.457596116456,0.835092348128
0.461069468694,0.823218997204
0.457972724315,0.844327177567
0.455854071004,0.845646437366
0.459652393034,0.843007916196
0.459173070095,0.833773086442
0.458245784909,0.836411610128
0.457338658518,0.828496041587
0.458195393586,0.844327177567
0.458913991665,0.820580474777
0.456577924908,0.843007915253
0.457133030199,0.832453826172
0.458062209523,0.848284960108
0.457302484003,0.836411610285
0.456300631126,0.837730871499
0.457985171385,0.841688654983
0.457242336311,0.835092347656
0.456929189077,0.850923483164
0.45870974998,0.828496042216
0.459351881041,0.845646437523
0.458646787738,0.83641160887
0.456983974395,0.858839050918
0.456752009159,0.833773087386
0.456365070746,0.843007915095
0.456649817861,0.845646438152
0.458807331198,0.825857519632
0.457698669629,0.840369393454
0.457598260965,0.840369393297
0.4567741629,0.844327176152
0.456616027217,0.846965699523
0.457907688649,0.840369392668
0.457382889253,0.835092348128
0.456201779654,0.843007915725
0.458240219817,0.844327177567
0.457508776858,0.839050131297
0.456116257683,0.832453825228
0.456240157496,0.829815303902
0.456421151797,0.837730871499
0.458551554299,0.835092349071
0.456874313172,0.845646437366
0.456520380084,0.841688654983
0.459678575986,0.8337730877
0.457552518175,0.835092347813
0.456921356335,0.83773087087
0.456173871627,0.841688654511
0.454582757324,0.840369393769
0.455013121653,0.828496041745
0.456933834779,0.84168865514
0.456170569231,0.850923483636
0.457634677988,0.848284960422
0.456754263441,0.8337730877
0.456587243992,0.858839049503
0.456036045793,0.835092348599
0.455724431059,0.846965699051
0.456002105666,0.835092349071
0.455709306735,0.840369393454
0.456164318606,0.831134564487
0.45731162215,0.853562004805
0.458720086432,0.828496042374
0.457057644792,0.836411609656
0.455339917092,0.832453826172
0.456447826526,0.844327176152
0.456604941775,0.845646437523
0.457336459437,0.835092347813
0.456652307888,0.837730871341
0.455613893381,0.83509234797
0.456121496758,0.848284961209
0.45594978592,0.829815303745
0.455738000002,0.836411610285
0.457824104222,0.837730871027
0.457721899556,0.841688654983
0.456367895911,0.848284959793
0.456347152394,0.828496042845
0.45543433258,0.843007914938
0.454789746563,0.82585751916
0.454760689849,0.846965699995
0.457323319994,0.823218997991
0.456827426177,0.845646437837
0.455885498458,0.839050132241
0.455603011994,0.839050132555
0.455960710162,0.840369392668
0.456118354068,0.844327177096
0.455378127051,0.820580474934
0.456030195653,0.840369393454
0.45629067778,0.828496042531
0.456785251644,0.844327176309
0.45547281414,0.840369392511
0.455799305502,0.841688654983
0.455834442912,0.831134564015
0.455718212282,0.852242744378
0.455817071932,0.831134564172
0.455225463121,0.836411609813
0.454631068147,0.839050131297
0.455663132951,0.845646437523
0.45602611242,0.831134564487
0.455291363526,0.856200527547
0.455869953834,0.828496043003
0.45551055198,0.846965699366
0.456236514064,0.832453825228
0.455660222074,0.840369393454
0.45541266464,0.833773087858
0.454890411652,0.839050132712
0.454802771514,0.82189973599
0.45495461474,0.840369392668
0.454859220258,0.844327176624
0.455244926633,0.856200528491
0.455436792175,0.833773086599
0.455909755582,0.840369393926
0.456004818385,0.839050131297
0.454923414146,0.845646438781
0.455156017419,0.835092348599
0.456062790586,0.840369393769
0.455450225867,0.832453825228
0.453968094333,0.853562005906
0.45425457816,0.843007914938
0.454948155263,0.84828495995
0.455349902207,0.831134564172
0.455231143098,0.829815304216
0.454548235698,0.843007914938
0.455670358795,0.836411609813
0.454674947859,0.833773086914
0.455006774308,0.84168865514
0.454976043553,0.82453825889
0.455322773444,0.836411609027
0.455219190322,0.840369392983
0.454482787124,0.835092348285
0.454568807085,0.832453825228
0.455548507872,0.839050132555
0.455145388213,0.840369392511
0.455027606525,0.845646438309
0.455151189443,0.837730870241
0.455172714898,0.832453826644
0.454997321075,0.846965699523
0.454941757987,0.84036939314
0.454393718677,0.839050131769
0.454718513114,0.841688654983
0.456115352368,0.835092349071
0.45473233117,0.845646438781
0.45401661676,0.824538258732
0.454828652905,0.84168865514
0.454467565843,0.837730871341
0.454084763977,0.841688654196
0.454542759462,0.843007916354
0.455066494939,0.839050131454
0.455159903909,0.824538257946
0.455182520963,0.849604221636
0.45643219281,0.835092348128
0.454930109446,0.836411609341
0.454606737499,0.840369392668
0.454926950715,0.836411609341
0.454681816076,0.862796834559
0.454443842644,0.841688653882
0.454750043264,0.839050131454
0.454782372493,0.857519788446
0.454742366925,0.83113456543
0.454675888638,0.840369392983
0.455676651489,0.833773086442
0.454710454614,0.832453826172
0.454592624409,0.827176781317
0.454103909728,0.843007916354
0.454103042787,0.828496042531
0.455172502664,0.832453826172
0.454679469477,0.846965699051
0.454189491146,0.84960422195
0.454522562294,0.831134564172
0.45492002596,0.839050132083
0.455135700099,0.840369393454
0.454284245232,0.840369392668
0.454635665646,0.841688654668
0.454271244893,0.835092349071
0.454163562968,0.833773086442
0.454615731038,0.828496042531
0.454347560384,0.837730870241
0.454199770667,0.840369393454
0.454092028902,0.82058047462
0.454761398185,0.848284960737
0.454302423312,0.829815302801
0.454092589406,0.843007914938
0.453912928111,0.848284960265
0.455184167639,0.860158312132
0.45525003376,0.835092348914
0.454221088135,0.84168865514
0.454452369804,0.831134564487
0.454382609094,0.8337730877
0.454602518151,0.839050131926
0.454537736945,0.823218997676
0.454602415533,0.846965698579
0.454524260476,0.839050131926
0.454717293893,0.831134564329
0.454757590328,0.833773086914
0.454411117021,0.836411609813
0.453578404669,0.828496041587
0.45346618139,0.839050131769
0.453750444827,0.841688654668
0.453882517868,0.84036939314
0.455372805882,0.828496042531
0.455104408289,0.84960422195
0.454289344181,0.828496043003
0.454231625968,0.843007915882
0.453796657141,0.823218997204
0.453595419043,0.841688654511
0.454271551015,0.843007916196
0.454055286806,0.858839050761
0.454447340604,0.839050131769
0.45387948676,0.831134564015
0.454102319117,0.837730870241
0.454668207345,0.846965699523
0.454457655117,0.848284960108
0.453754961019,0.835092348914
0.454336922213,0.840369392668
0.454019284185,0.833773087229
0.453924663463,0.849604222422
0.454198796862,0.839050132555
0.454049198168,0.843007914938
0.454059358637,0.836411609813
0.453257141138,0.844327176624
0.453802941657,0.843007916354
0.454049901472,0.84432717741
0.454139686669,0.841688654511
0.453919125893,0.836411609813
0.453256453247,0.840369392983
0.45389863542,0.825857519632
0.45408075466,0.841688654668
0.453887254707,0.829815303116
0.453769264718,0.856200527075
0.454863367184,0.836411609813
0.453596722797,0.852242744063
0.453660331568,0.832453826172
0.45419300554,0.850923483636
0.454073104978,0.836411610128
0.45335992235,0.844327176624
0.453662547005,0.835092349071
0.453641053476,0.852242743434
0.454227203744,0.835092348914
0.453986295138,0.839050132083
0.453892973451,0.846965698579
0.454027007155,0.844327176624
0.453427599099,0.840369393454
0.453741900996,0.837730870241
0.454054193792,0.84300791541
0.454439006176,0.843007916354
0.453739146759,0.839050131926
0.453745715536,0.835092349071
0.453564619641,0.831134564801
0.453423593164,0.840369393297
0.453504107716,0.83773087087
0.454205267937,0.840369392668
0.453357803633,0.819261212934
0.45340509811,0.840369393769
0.453106694454,0.825857520103
0.453852603178,0.835092348914
0.453700437473,0.839050132712
0.453638705698,0.844327176466
0.453316429202,0.844327176152
0.452859634932,0.832453826644
0.452999479184,0.831134564644
0.453667152447,0.836411610285
0.453881528101,0.840369393454
0.453266964031,0.841688654668
0.453504034822,0.837730871499
0.453526243056,0.840369392825
0.453246667863,0.844327177096
0.453374583441,0.833773087071
0.453799731341,0.843007915882
0.453341637249,0.839050132241
0.454077081426,0.836411609813
0.454842030452,0.84168865514
0.453257739229,0.845646438309
0.452611418662,0.827176781789
0.452344253227,0.844327176309
0.45257623073,0.837730871499
0.452982859278,0.846965699051
0.452873421926,0.844327176624
0.453425811274,0.841688653724
0.453583840644,0.840369393926
0.453359225416,0.831134564015
0.453380592423,0.845646437366
0.453247798857,0.828496043003
0.453212810145,0.836411609341
0.453318766994,0.848284959793
0.453079920567,0.833773087386
0.453831870197,0.841688653724
0.452820297596,0.835092348914
0.452699591113,0.839050131769
0.452766973692,0.839050131454
0.453000951725,0.84960422195
0.453752979518,0.849604222422
0.453677153603,0.840369392668
0.452834980469,0.8324538257
0.452637068672,0.84960422195
0.453036343202,0.839050131926
0.453072323963,0.829815302958
0.452856757081,0.84036939314
0.453427508749,0.836411609341
0.453682880917,0.836411609813
0.453255041294,0.849604222422
0.453104114391,0.835092349071
0.453121856523,0.836411609341
0.452829658356,0.843007916354
0.453334158675,0.833773087229
0.453833854843,0.844327176781
0.453650386871,0.833773086442
0.452874803449,0.841688654668
0.452976302217,0.839050132712
0.453668349651,0.839050131769
0.453318868904,0.841688654196
0.452526959392,0.829815302801
0.452598661735,0.846965698894
0.453083432837,0.840369393926
0.452983249225,0.836411609027
0.453335351082,0.844327176309
0.453491684157,0.850923482378
0.453082340059,0.835092347813
0.453024418971,0.84300791541
0.453195374921,0.832453825858
0.45433412567,0.841688654983
0.452787198618,0.835092349071
0.45233596362,0.837730870555
0.452358269243,0.831134564172
0.452697353541,0.836411610285
0.453013209051,0.839050132712
0.453309477005,0.840369393297
0.452894419825,0.836411610285
0.452716704802,0.823218998148
0.453050728366,0.828496042059
0.4532611076,0.850923483164
0.453096469584,0.824538259362
0.453136471221,0.828496042845
0.453024448851,0.840369393769
0.452783706635,0.849604222265
0.452740103006,0.828496042059
0.452812292016,0.829815303745
0.452714142982,0.84300791541
0.452919308303,0.837730870555
0.452816037122,0.852242744378
0.452688765164,0.829815302801
0.452740073833,0.848284959793
0.45284639641,0.835092348128
0.452989091187,0.845646438781
0.45301728387,0.833773086442
0.453093873479,0.836411610285
0.453567595469,0.839050132241
0.453474268199,0.832453826644
0.453050790487,0.841688653724
0.452417508436,0.843007915882
0.452438505627,0.84168865514
0.452478162689,0.829815303745
0.452676354738,0.839050131297
0.452896830353,0.833773087386
0.452858827517,0.824538257946
0.452695673877,0.85224274485
0.452532160093,0.829815303273
0.452650645635,0.848284960737
0.453189989665,0.843007915725
0.453184525696,0.846965699838
0.453088081764,0.835092349071
0.453205485457,0.840369392668
0.452781845838,0.828496041902
0.452557761311,0.833773087386
0.45276210805,0.846965699995
0.453019635344,0.833773087858
0.453353701292,0.8324538257
0.453005204886,0.840369393926
0.452667241754,0.837730871027
0.452458461702,0.839050132712
0.452485582759,0.829815303273
0.452804910476,0.841688654196
0.452747945735,0.843007915567
0.452713211797,0.837730870083
0.452793982853,0.841688654668
0.452847593378,0.837730871027
0.452858022304,0.832453825071
0.452824908306,0.844327177567
0.453036104941,0.841688654668
0.452831023444,0.845646437523
0.452824900993,0.827176781789
0.452921062315,0.839050132712
0.452636057437,0.833773086914
0.45269791951,0.828496041587
0.452616990871,0.848284960265
0.452652142749,0.845646437837
0.452396065704,0.828496043003
0.452448544056,0.837730870083
0.452337058364,0.836411610128
0.452646373287,0.828496042531
0.452653917599,0.844327177567
0.452839326418,0.827176781317
0.453142846873,0.832453826172
0.452659083545,0.831134564015
0.452636080241,0.831134564487
0.452666121454,0.836411609813
0.452766340688,0.836411609341
0.452568227273,0.844327176152
0.452329517826,0.839050132083
0.452503215984,0.839050132712
0.452634449999,0.836411609813
0.452862858143,0.831134564801
0.452740307534,0.845646438309
0.452665072161,0.832453826487
0.452757412376,0.833773087386
0.452762532045,0.837730871499
0.452584651183,0.833773087229
0.452634988643,0.83113456543
0.452582755001,0.827176780531
0.452639224661,0.846965699838
0.452601977735,0.843007916354
0.452478733258,0.837730871499
0.452433800634,0.841688654196
0.452467070956,0.832453826644
0.452828647593,0.835092348442
0.452529963214,0.846965699051
0.452582648216,0.829815303273
0.452731999999,0.844327176152
0.452519000048,0.854881266805
0.452154520162,0.845646437366
0.452421289242,0.856200527075
0.45258948663,0.849604222422
0.452670156405,0.840369393454
0.452466975101,0.833773086442
0.452537890357,0.853562004805
0.452575735256,0.823218997519
0.452460734385,0.84432717741
0.452549343531,0.823218997519
0.452591379195,0.846965699995
0.452587057269,0.848284961209
0.452878785951,0.852242743592
0.452758594522,0.837730870555
0.452607509093,0.831134564172
0.452269763698,0.840369392511
0.452390590098,0.831134564801
0.45241433209,0.84960422195
0.45240138939,0.841688654983
0.452402148209,0.843007915882
0.452627535388,0.841688654668
0.452448896415,0.852242743906
0.452325028291,0.84168865514
0.452594825649,0.841688654196
0.452847399545,0.831134564487
0.452912955139,0.832453825858
0.452424902872,0.833773086442
0.452284903356,0.839050131769
0.452266425445,0.831134564958
0.452429510201,0.837730870555
0.452499499658,0.841688654668
0.452434748726,0.84168865514
0.452271342592,0.835092348599
0.452223131635,0.828496042059
0.452404466499,0.831134564487
0.452570417468,0.828496041902
0.452462737195,0.849604221164
0.452293693862,0.835092347656
0.452486075481,0.84300791541
0.452493889822,0.82585751916
0.452289298452,0.839050132712
0.452488754701,0.846965699208
0.452445961397,0.83641160997
0.452602295574,0.841688654196
0.452412084413,0.831134565273
0.452266816256,0.843007915882
0.452180414645,0.843007915882
0.4522836585,0.832453826172
0.45237872838,0.833773087858
0.452302869832,0.841688654668
0.45242602498,0.840369392511
0.452397708764,0.82321899689
0.452221067726,0.846965699995
0.452232837913,0.824538259362
0.452179287071,0.840369392983
0.452266839217,0.850923482221
0.452381650502,0.8324538257
0.452456607825,0.827176781632
0.452570899967,0.846965699366
0.452293493817,0.831134564958
0.452447711163,0.841688654983
0.452657101966,0.843007915095
0.452491631844,0.841688654668
0.452321332803,0.845646437837
0.452344342712,0.823218997991
0.452289001215,0.841688653882
0.452210964817,0.839050132241
0.45236227392,0.836411609027
0.452206390357,0.832453826487
0.452576150602,0.846965699995
0.452232140193,0.841688653724
0.452235999475,0.836411610285
0.452346019506,0.848284959793
0.452355761563,0.824538258418
0.452277908382,0.850923483479
0.452518360439,0.836411610285
0.452419142138,0.827176781317
0.452373713805,0.841688654668
0.452139108823,0.839050131769
0.452151586953,0.829815302958
0.452289743521,0.841688653724
0.452347622383,0.835092347656
0.452372343292,0.836411610285
0.452273875789,0.831134564172
0.452119455489,0.837730871499
0.452225427436,0.845646437523
0.452559058773,0.832453826644
0.452364625198,0.837730870083
0.452200058032,0.844327177567
0.452313518776,0.835092347656
0.452372620791,0.832453826644
0.45232039981,0.844327176152
0.452272866835,0.850923483479
0.452153770779,0.844327177567
0.452066117273,0.846965699995
0.45206507089,0.839050131297
0.452129619889,0.837730870083
0.452264968434,0.844327176152
0.452345121976,0.844327176624
0.452190736746,0.839050132712
0.452172283211,0.845646438781
0.452179293047,0.833773087229
0.452293421552,0.849604221007
0.452267170031,0.8324538257
0.452167925388,0.841688653724
0.452372235799,0.833773086285
0.452230431474,0.839050132083
0.452172835694,0.844327177567
0.45224388333,0.846965698737
0.452443859193,0.832453826172
0.452229651895,0.839050131769
0.452484287184,0.843007915882
0.452322449565,0.845646438309
0.451984244868,0.839050132712
0.452055980631,0.837730871499
0.451950654191,0.850923482221
0.452075413003,0.848284961209
0.452305111847,0.829815303745
0.452359036869,0.846965699995
0.451989673687,0.833773086442
0.451910830268,0.850923483479
0.452002165421,0.839050132241
0.452406241821,0.836411609341
0.452306847302,0.845646437366
0.452353626018,0.84300791541
0.452266224613,0.835092348128
0.452251792111,0.843007914938
0.452247675302,0.84960422195
0.452142021508,0.84960422195
0.452180678187,0.833773087386
0.452277646845,0.840369393297
0.452364843565,0.84960422195
0.452322287185,0.835092349071
0.452149824212,0.836411609813
0.45209335463,0.835092348128
0.45186963009,0.848284961051
0.452080170916,0.844327176152
0.452218013892,0.848284960737
0.452225650914,0.839050131454
0.452185036639,0.827176781317
0.45211391265,0.854881267277
0.452234649407,0.84300791541
0.452364565436,0.836411609499
0.45196474778,0.841688654668
0.452094355013,0.823218996732
0.451952249362,0.848284960265
0.452036575859,0.835092349071
0.452356012248,0.827176780531
0.452200046944,0.844327176466
0.452293206331,0.852242744221
0.452145326106,0.841688654983
0.452031700388,0.83113456543
0.452075555409,0.84168865514
0.452042902365,0.833773086599
0.453042367832,0.839050131769
0.452271198063,0.831134564172
0.451927472702,0.836411609813
0.452006906979,0.836411609027
0.451874527107,0.833773087229
0.451932730021,0.846965699051
0.452020441322,0.840369393769
0.452183472135,0.848284960422
0.452189920681,0.841688654196
0.452296479947,0.833773086914
0.452199232924,0.829815303273
0.452104661899,0.832453826487
0.452070071546,0.843007915095
0.45208690231,0.833773087386
0.452271165115,0.839050132712
0.452157556853,0.8337730877
0.45218819427,0.844327176152
0.452084588108,0.829815304216
0.452158738252,0.854881266805
0.452221799652,0.839050131297
0.452189653876,0.833773087386
0.452141630933,0.845646437837
0.451989291368,0.831134564958
0.452258313866,0.835092348914
0.452073937827,0.839050132712
0.451921017157,0.8337730877
0.451947442774,0.844327176938
0.451940935488,0.853562006063
0.452198760333,0.839050132712
0.452113444305,0.829815303745
0.452060785331,0.829815302958
0.452106857009,0.84036939314
0.452061382085,0.829815303745
0.451953805374,0.839050131769
0.451917019714,0.835092349071
0.451956566453,0.839050132712
0.452241641865,0.837730870555
0.452299307157,0.844327177567
0.452083122369,0.843007915882
0.452095993276,0.837730871499
0.452130850355,0.829815304216
0.452052398848,0.83113456543
0.45204310933,0.833773087858
0.452105910294,0.844327177096
0.452073017179,0.86015831166
0.45208411245,0.841688654196
0.45215760136,0.825857520103
0.452132272846,0.845646438467
0.452236023537,0.841688653882
0.45202615059,0.85092348285
0.452083884412,0.832453826015
0.452017712876,0.841688654039
0.452069115198,0.845646437523
0.451987350207,0.835092348599
0.451924777361,0.839050131769
0.451934555826,0.85224274485
0.452011246008,0.829815303745
0.45234385927,0.839050131297
0.452447732552,0.846965698579
0.451888746825,0.845646437366
0.45184559377,0.841688653882
0.451820681781,0.831134564329
0.451860420779,0.843007915882
0.452027904091,0.82453825889
0.452453677761,0.845646438624
0.452461295597,0.837730870083
0.452286028768,0.833773087071
0.452083895027,0.835092347656
0.451965308048,0.846965699051
0.451957692257,0.844327176938
0.452096460205,0.841688654196
0.452042879404,0.850923483636
0.451935726923,0.83773087087
0.451882309366,0.840369392668
0.452146259965,0.835092347813
0.452099199974,0.849604222422
0.452085158598,0.836411609341
0.451991159243,0.8324538257
0.451999075495,0.845646438309
0.451925238865,0.828496041745
0.451861870163,0.84828495995
0.451880586336,0.835092347813
0.452054651872,0.846965699523
0.452162422181,0.840369393454
0.452135462874,0.835092347813
0.452248095837,0.841688654196
0.451985795139,0.833773086914
0.451949998383,0.83509234797
0.45195099216,0.835092349071
0.452031050713,0.832453825386
0.452035431025,0.839050132241
0.451978378293,0.839050132712
0.452011966768,0.835092348914
0.451963406793,0.833773087071
0.451866286175,0.837730871027
0.452025977162,0.853562005277
0.452339126205,0.836411610285
0.452182829695,0.839050132712
0.451809154494,0.854881266805
0.451806070308,0.82717678116
0.451969005659,0.843007915095
0.452300079894,0.845646437523
0.452085533998,0.841688654511
0.451743325332,0.848284961051
0.451811887815,0.84300791541
0.451757249779,0.84432717741
0.451825600265,0.835092348599
0.451913485269,0.839050131454
0.451882736035,0.839050132241
0.452281848658,0.845646438781
0.452154513085,0.820580474777
0.451799290004,0.836411610128
0.451778611045,0.836411609499
0.45180215146,0.833773086599
0.452028813651,0.84168865514
0.451975360159,0.846965699523
0.451961847125,0.837730871499
0.451890564688,0.833773087071
0.451938218995,0.829815302801
0.451975986165,0.840369393454
0.451848550963,0.841688653724
0.451879747664,0.853562005277
0.451907291733,0.836411609027
0.45193149287,0.839050132555
0.452045019352,0.841688654196
0.452336669755,0.8337730877
0.452122362512,0.833773087386
0.452121653783,0.848284959793
0.451867438401,0.832453825228
0.45189629098,0.841688653724
0.451841780016,0.836411609813
0.451927905426,0.829815302801
0.452067602278,0.850923482221
0.451983593699,0.825857519946
0.451857313632,0.846965698579
0.451804956927,0.833773087858
0.451866183558,0.840369393769
0.451954539344,0.840369392825
0.452030536682,0.828496043003
0.451937654874,0.839050131769
0.451998609588,0.833773086442
0.451960043416,0.848284960737
0.452059516177,0.83641160887
0.452178831623,0.831134564958
0.451930286623,0.846965699523
0.451833208979,0.8337730877
0.45179776293,0.850923483164
0.451904871848,0.829815304059
0.452003433082,0.840369393769
0.452044593785,0.836411609813
0.451972731893,0.845646438309
0.452070024209,0.853562005906
0.452134395652,0.843007916196
0.451973963224,0.837730871027
0.451975249206,0.839050131454
0.451819511234,0.8337730877
0.451817068387,0.848284960108
0.451950994912,0.837730871499
0.451839667747,0.835092349071
0.451938023668,0.840369393297
0.451951973671,0.846965698737
0.451989381405,0.841688653882
0.451927428746,0.844327176624
0.451909697072,0.848284960737
0.451880332348,0.828496043003
0.451941040386,0.840369393454
0.451997644472,0.835092348285
0.452057165332,0.837730871499
0.451957320239,0.835092347813
0.451854431771,0.844327177567
0.451849282653,0.832453826644
0.451924821318,0.845646438152
0.452029950543,0.836411610285
0.452044851154,0.840369393926
0.452131481944,0.837730870241
0.451904892292,0.850923483479
0.451860440438,0.836411609813
0.451827189067,0.841688654196
0.451772816263,0.841688654196
0.451848137269,0.856200528491
0.451947798672,0.83113456543
0.45208448266,0.841688654668
0.451895073961,0.829815303273
0.451939524635,0.839050132555
0.45182198522,0.84828495995
0.451798847923,0.841688654668
0.451956824373,0.83641160887
0.452005324074,0.835092349071
0.451934086734,0.824538259362
0.451743219176,0.83641160887
0.451756916606,0.846965699995
0.451763854492,0.828496043003
0.451921808059,0.844327176624
0.45188036679,0.844327177096
0.451853079815,0.837730870555
0.451744017941,0.837730870241
0.451744063784,0.835092349071
0.452027679669,0.840369392983
0.451967329023,0.843007914938
0.452088498503,0.852242744378
0.452026980219,0.835092349071
0.452002306019,0.828496041745
0.451837328698,0.833773087858
0.452001124463,0.844327176781
0.451882432979,0.83641160887
0.451990367869,0.841688653724
0.451974235613,0.833773087858
0.451965271798,0.840369393454
0.451901526439,0.854881266019
0.451904683126,0.839050131769
0.451850256693,0.848284961209
0.451733857,0.831134564801
0.451709514872,0.844327177096
0.451744197541,0.837730871499
0.451768198554,0.825857519946
0.451901799928,0.833773086599
0.451836818755,0.839050131769
0.452065624788,0.845646437523
0.451960841159,0.833773087386
0.452048825478,0.837730871027
0.451950679197,0.839050132712
0.451808153246,0.857519789705
0.45180316635,0.828496042531
0.451821206349,0.827176780374
0.451776727051,0.83773087087
0.451701705327,0.852242743434
0.451816078462,0.8324538257
0.451876887388,0.846965699995
0.451893455592,0.833773086914
0.451902881776,0.841688653724
0.451871439933,0.857519789233
0.451864875322,0.853562004805
0.451825268508,0.843007916196
0.451876831401,0.839050131769
0.451841036688,0.832453825386
0.451783400884,0.833773086599
0.451914272868,0.833773087858
0.451885867009,0.840369393454
0.451825924788,0.832453825228
0.451801067371,0.843007914938
0.451844653188,0.839050132241
0.451783541482,0.840369393926
0.451791974517,0.82453825889
0.451780735346,0.846965699523
0.451839853717,0.843007915095
0.451910558901,0.837730870241
0.451863951136,0.828496042059
0.451821563898,0.841688654196
0.451813909812,0.850923482378
0.451705126696,0.846965699523
0.451784080204,0.843007916354
0.451885327815,0.835092349071
0.451870497346,0.843007915095
0.451907647317,0.846965699523
0.451881939157,0.85224274485
0.451820624299,0.846965698579
0.451758690277,0.835092349071
0.451747649106,0.833773086442
0.451839355806,0.857519789547
0.451756582411,0.831134564487
0.451873680218,0.83641160887
0.451924165981,0.848284960737
0.452047491294,0.833773086599
0.451998795872,0.840369393769
0.452010205758,0.832453825858
0.451798787532,0.844327176466
0.451819255751,0.843007915567
0.451752958402,0.828496042059
0.451675791775,0.839050131454
0.451740661916,0.837730871027
0.451817876274,0.831134564801
0.451779236265,0.843007914781
0.4517688925,0.84168865514
0.451752330272,0.837730871499
0.451689994744,0.843007916196
0.451812594893,0.837730870555
0.451933288716,0.837730871499
0.45190950544,0.841688654511
0.451950800765,0.836411610285
0.451921918461,0.833773087858
0.451824738671,0.841688653724
0.451830994485,0.844327177567
0.451717271811,0.840369393926
0.451736899825,0.83113456543
0.451867664395,0.8324538257
0.451876574582,0.850923483164
0.45187092079,0.832453826644
0.451958520589,0.85224274485
0.451915136742,0.827176780374
0.451723505922,0.843007915882
0.451783518678,0.840369393454
0.451709771534,0.83641160887
0.451782973901,0.850923483636
0.451801294387,0.849604221479
0.451788881995,0.828496041745
0.451785583373,0.833773086442
0.451761334112,0.843007916354
0.451866303868,0.821899736777
0.45202093939,0.844327176624
0.45191328601,0.835092348128
0.451880052411,0.843007916354
0.451877491141,0.823218997833
0.451926180429,0.852242744378
0.451809055258,0.833773086442
0.451763481138,0.849604221479
0.451653421554,0.824538258261
0.451700967346,0.856200528334
0.451686983215,0.839050132555
0.451739773351,0.839050132241
0.451758817507,0.849604222422
0.451870292976,0.840369392983
0.451772740617,0.841688654196
0.451723433264,0.832453826015
0.45170912296,0.8337730877
0.451762001952,0.846965699523
0.451767796734,0.823218998148
0.451826109578,0.83509234797
0.451682037288,0.844327176152
0.451644396798,0.81926121372
0.451726045804,0.86015831166
0.451814761734,0.840369393454
0.451906363379,0.843007915567
0.452028013943,0.832453826172
0.451769133671,0.8324538257
0.451711139452,0.832453826644
0.45175727042,0.836411609027
0.451917368535,0.828496042531
0.451843678873,0.845646438309
0.451782322889,0.836411610285
0.45176570491,0.837730871027
0.451713053957,0.829815302958
0.451778180366,0.844327176624
0.45186461811,0.839050132241
0.451811667325,0.839050132712
0.451795463983,0.837730870712
0.451849456198,0.844327177253
0.451820331073,0.846965699208
0.451757564236,0.840369392511
0.451732322063,0.837730870241
0.451701142307,0.817941952349
0.451690347025,0.856200528491
0.451767268627,0.828496043003
0.45193257574,0.845646438624
0.45178322034,0.83905013114
0.451745538803,0.841688654196
0.451724598307,0.84300791541
0.451761957995,0.843007916354
0.451720790333,0.846965699995
0.451803334785,0.833773087386
0.451728215633,0.845646438309
0.451860960602,0.83641160887
0.45171897188,0.846965698579
0.451776623962,0.821899736462
0.451766088723,0.84168865514
0.451859209342,0.845646438309
0.451753187305,0.836411610285
0.451779364281,0.83641160887
0.451676084215,0.840369392983
0.451649857307,0.850923482692
0.451689435498,0.833773087071
0.451724242566,0.828496042531
0.451715020831,0.840369393926
0.451766155169,0.84300791541
0.451662888785,0.843007915882
0.451734643891,0.845646437837
0.451824781998,0.841688653882
0.451942066954,0.837730871499
0.45196536317,0.832453826487
0.45182855557,0.8324538257
0.451657497867,0.831134564644
0.451618222574,0.848284959793
0.45171777562,0.829815303745
0.45174318379,0.832453825228
0.451780795186,0.841688654196
0.452039112202,0.836411609813
0.45177762922,0.843007915095
0.451680914,0.840369392983
0.451748321978,0.844327177096
0.451744658809,0.839050132241
0.451765429691,0.858839050132
0.45182077795,0.835092349071
0.451716402433,0.831134565116
0.451720457947,0.85092348285
0.45162487895,0.835092347813
0.451759301578,0.835092348128
0.451646858438,0.837730870555
0.451710047225,0.850923483164
0.451834012776,0.854881266648
0.451668850075,0.835092349071
0.451633494023,0.836411610285
0.451659913821,0.839050132555
0.451676900594,0.843007916354
0.451729976722,0.835092347813
0.451719420566,0.821899735519
0.451756038578,0.849604222422
0.45172894921,0.839050131769
0.451786644226,0.846965698737
0.451759026359,0.828496042059
0.451706770228,0.833773087229
0.45174604041,0.841688654511
0.451714921988,0.837730871499
0.45173150474,0.828496043003
0.451689263604,0.846965698579
0.451620143054,0.833773086914
0.451685937303,0.840369392511
0.451738161195,0.833773087386
0.451630599581,0.837730870555
0.45170326928,0.832453826644
0.451781790772,0.83773087087
0.451781198029,0.841688654668
0.45176930242,0.839050132555
0.451750428192,0.845646437366
0.451721510661,0.836411609499
0.451726269989,0.825857519632
0.451736342624,0.839050131612
0.45170253067,0.839050131297
0.451756693757,0.843007916354
0.451803985403,0.846965698737
0.451868233391,0.835092349071
0.451720125757,0.841688654196
0.451569496013,0.841688653724
0.451551689086,0.845646438309
0.451597557297,0.850923483164
0.451745355271,0.816622692079
0.451781141019,0.839050131769
0.451740627238,0.845646437837
0.451650590569,0.8324538257
0.451648062169,0.832453825858
0.451703264091,0.844327176309
0.451885415885,0.839050132555
0.452007674447,0.844327177567
0.45179009123,0.843007916354
0.45164068055,0.848284960422
0.451671254352,0.820580475091
0.451752845719,0.841688654668
0.45179399447,0.827176781632
0.451782787538,0.841688653724
0.451698555795,0.835092348128
0.45170300562,0.856200528491
0.451653611691,0.816622690978
0.451710852753,0.845646437837
0.451681807991,0.839050132241
0.451783454041,0.837730870083
0.451670083097,0.839050132712
0.451645349214,0.845646437837
0.451616243196,0.835092348914
0.451657241677,0.850923483636
0.451682952668,0.817941952664
0.451726109812,0.846965699995
0.451703123807,0.833773086442
0.451683484785,0.845646437523
0.451633331329,0.839050131454
0.45165616785,0.839050132241
0.451782461207,0.843007914938
0.451729988832,0.839050132712
0.451635423625,0.840369393769
0.45174040203,0.840369393769
0.45164369892,0.839050132712
0.451634154156,0.849604222422
0.45169188039,0.828496042845
0.451648260012,0.860158310874
0.451718349649,0.837730870241
0.451803375989,0.839050131769
0.45179519993,0.848284960265
0.451763431126,0.835092348599
0.451747137041,0.835092347656
0.451748258835,0.844327176152
0.451796249538,0.840369392511
0.451708202862,0.840369393454
0.451599856244,0.817941953293
0.451623397955,0.836411610128
0.451771142615,0.83641160997
0.451816567881,0.846965699995
0.45166051089,0.837730870398
0.451605494859,0.840369392983
0.451715824157,0.836411609656
0.451701571413,0.845646437995
0.451666975713,0.827176781789
0.451669635748,0.840369393297
0.451809683702,0.843007916354
0.45183057049,0.836411609813
0.451683306285,0.835092348128
0.451617149061,0.82585751916
0.451651951883,0.84432717741
0.451703927448,0.845646438781
0.451720688305,0.841688654354
0.451832600823,0.828496042531
0.451685187842,0.84168865514
0.451637600846,0.839050131297
0.451634437082,0.839050131454
0.451595021977,0.825857520575
0.451667780455,0.844327176152
0.45178694626,0.836411609813
0.45179745264,0.843007915725
0.451615610506,0.841688654511
0.451705436436,0.84960422195
0.451797191889,0.83773087087
0.451719281541,0.843007916354
0.451662649855,0.849604221164
0.451701482871,0.841688654196
0.451808883364,0.824538257946
0.451664035584,0.832453826644
0.451660479908,0.835092347656
0.451635846519,0.833773086914
0.451607363991,0.848284960265
0.451683849489,0.839050131297
0.451691794679,0.848284960108
0.451694805106,0.836411609027
0.451693896647,0.829815303745
0.451732762885,0.833773086914
0.451632127598,0.846965699523
0.451681747286,0.845646438624
0.451696246312,0.852242743592
0.45167191936,0.841688654668
0.451695344693,0.835092348599
0.451634358762,0.828496041745
0.451590111514,0.844327176152
0.451583042937,0.835092348442
0.451713448936,0.832453825228
0.451657296957,0.843007915725
0.45164581001,0.835092348128
0.451677348809,0.832453826015
0.451660799791,0.837730870555
0.451613139666,0.816622691607
0.451584532424,0.839050131454
0.451666425511,0.833773087386
0.451678792531,0.844327176309
0.451626003968,0.835092347813
0.451712876008,0.840369393769
0.451710428286,0.8337730877
0.451732053606,0.848284961051
0.451662727428,0.836411610128
0.451703575403,0.841688654196
0.45170187211,0.84960422195
0.451580166188,0.840369392668
0.451634196776,0.84300791541
0.451732758167,0.843007915253
0.451822536916,0.837730870241
0.451637710383,0.853562004648
0.451652637494,0.833773087858
0.451616665383,0.860158311346
0.451684978596,0.837730870555
0.451688928859,0.843007916354
0.451655048415,0.839050132241
0.45168775493,0.846965698737
0.451699115356,0.843007915882
0.451667216334,0.845646438309
0.4516164088,0.833773086757
0.451675410006,0.841688653724
0.451648834749,0.841688654354
0.451599480137,0.831134564958
0.451669736321,0.845646437523
0.45166425521,0.82585751916
0.451627086366,0.833773086442
0.451562803937,0.841688653724
0.451676069982,0.845646437366
0.451691267122,0.84168865514
0.451814653848,0.849604221636
0.451710863132,0.831134564644
0.451536291114,0.840369393926
0.451529825583,0.828496042845
0.451522248559,0.845646437837
0.451724731749,0.841688654354
0.451707757007,0.836411609027
0.451707846257,0.849604221793
0.451659237489,0.828496042845
0.451611852898,0.850923482692
0.451590535509,0.829815303273
0.451749302152,0.837730871499
0.451740410051,0.837730871499
0.451581008516,0.848284960737
0.451687969759,0.840369393454
0.451739649502,0.845646438781
0.451654425004,0.843007915095
0.451637951082,0.845646437837
0.451651344041,0.846965699523
0.45169398739,0.843007915095
0.4516205135,0.839050132241
0.451585697389,0.82189973599
0.451612585138,0.836411609813
0.451701050698,0.844327177096
0.451700080982,0.835092347813
0.45168806066,0.840369392511
0.451596821833,0.824538258103
0.451627164529,0.820580474462
0.451650374168,0.839050131926
0.451658603698,0.841688653724
0.451669977452,0.82981530343
0.451614788466,0.856200527704
0.451594693365,0.83641160887
0.451668303686,0.850923482535
0.451872200088,0.833773087386
0.451676387192,0.850923483636
0.451590066613,0.828496042059
0.45165378736,0.85356200512
0.451682154925,0.824538258418
0.451606548635,0.85224274485
0.451663078922,0.846965699051
0.451634380937,0.845646438152
0.451609403445,0.827176780374
0.451655371523,0.858839050446
0.451616300285,0.8324538257
0.451794742909,0.839050131769
0.451726833245,0.836411609656
0.451640436627,0.850923482378
0.451639219607,0.8324538257
0.45158577217,0.848284961051
0.451587856288,0.840369393926
0.451555459197,0.840369393926
0.451546926454,0.83641160887
0.451690817257,0.848284961209
0.451862786172,0.824538257946
0.451751912489,0.841688653724
0.451662313812,0.837730871499
0.451635276737,0.846965699995
0.451561972931,0.850923482692
0.451692764394,0.84168865514
0.451669655327,0.836411609813
0.451627596702,0.849604221007
0.451598171115,0.82453825889
0.451598556186,0.844327177096
0.451624374591,0.846965699051
0.451641776631,0.836411609027
0.451683592671,0.845646437837
0.451680117279,0.839050131454
0.451722806079,0.827176781789
0.451594048565,0.843007916196
0.451528435254,0.827176781003
0.45151769014,0.829815303587
0.451651187402,0.853562006063
0.45164092581,0.831134565273
0.451698254941,0.848284960737
0.451679771525,0.849604221164
0.451588813658,0.832453826644
0.451658144947,0.840369393454
0.451630585426,0.828496041587
0.451550789118,0.846965699051
0.451579899854,0.832453826644
0.451589455233,0.84300791541
0.45160182705,0.84828495995
0.451584309261,0.836411610285
0.451720502414,0.827176781789
0.451593371133,0.840369392983
0.451526640273,0.848284960737
0.451547811402,0.840369392511
0.451620746728,0.840369392983
0.451625854013,0.8337730877
0.451617547343,0.837730870555
0.451646656506,0.837730871027
0.45163248845,0.840369393769
0.451640283999,0.831134564958
0.451643199358,0.84960422195
0.451602258201,0.833773087858
0.451547166917,0.854881265704
0.451586232494,0.844327177096
0.451639369012,0.832453825228
0.451675092325,0.817941952035
0.451650644984,0.837730870083
0.451563293198,0.845646437366
0.451559435488,0.832453825386
0.451562044488,0.848284960265
0.451595971405,0.84300791541
0.451650825843,0.837730871499
0.451694419642,0.835092348128
0.451680343352,0.827176781317
0.451572245139,0.839050132712
0.451592513156,0.837730870083
0.451562220472,0.846965699208
0.451566408759,0.83641160887
0.451614079343,0.839050132241
0.451627404913,0.843007915095
0.451583390107,0.831134564487
0.451608965611,0.854881266491
0.451641864701,0.833773086914
0.451669998093,0.832453825858
0.451623947922,0.835092349071
0.451647616943,0.837730870555
0.451809721131,0.840369393454
0.451735538354,0.850923483164
0.451694829168,0.833773087229
0.451720899595,0.841688654668
0.451611800527,0.840369392511
0.451559560437,0.832453825228
0.451551322887,0.820580475249
0.451584983784,0.843007915095
0.451634325264,0.843007916354
0.451561244465,0.845646438624
0.45160052888,0.845646438624
0.451574595276,0.839050132241
0.451530816766,0.848284960737
0.451540279436,0.844327177567
0.451560333882,0.827176780845
0.451516899317,0.841688653724
0.451606284031,0.83773087087
0.451635966279,0.846965699208
0.451659003789,0.835092348914
0.451613713695,0.840369392983
0.451626033456,0.844327176152
0.451569999428,0.828496042845
0.451614351732,0.839050131297
0.45170772343,0.84300791541
0.451693315855,0.83641160887
0.451615913405,0.840369393297
0.451522124081,0.845646438309
0.451468526059,0.827176781789
0.451510125383,0.849604221321
0.451540274482,0.821899735833
0.4516438889,0.857519788446
0.451601982746,0.835092349071
0.451736667619,0.833773087858
0.451731469669,0.84300791541
0.451693507486,0.835092348599
0.451545743326,0.841688653724
0.451495596082,0.835092348128
0.45148387166,0.849604221164
0.45165752421,0.839050131454
0.451681776695,0.836411609499
0.451758100521,0.833773087386
0.451653731923,0.817941953293
0.451599907277,0.83641160997
0.451536041058,0.835092349071
0.451578868175,0.849604221479
0.451536799955,0.84300791541
0.451544926475,0.843007914781
0.451608195783,0.82321899689
0.451551615406,0.839050131769
0.451530806622,0.831134564958
0.451513173555,0.846965699051
0.451572504946,0.837730870241
0.451577077126,0.845646438309
0.451794136561,0.836411609813
0.451666486295,0.839050131926
0.451576833596,0.841688654668
0.451578596415,0.824538258418
0.451523322425,0.844327176309
0.451537776591,0.852242743592
0.451592602013,0.835092348128
0.451609358781,0.828496042374
0.451561837445,0.844327176309
0.451547076016,0.821899735361
0.451637708889,0.853562004648
0.451714175987,0.839050132241
0.451609941617,0.840369393769
0.451656204651,0.845646438781
0.451627458777,0.840369392825
0.451616703678,0.845646438309
0.451632163455,0.832453826487
0.451614586612,0.839050131769
0.451626197644,0.839050131454
0.451645164895,0.843007916354
0.451613314076,0.836411609499
0.451593278187,0.844327176781
0.451565620295,0.823218997204
0.451617491827,0.84960422195
0.451545129036,0.828496041587
0.451634608032,0.835092347656
0.451648401396,0.827176780374
0.451565268486,0.831134564015
0.451529129829,0.848284961051
0.451524251212,0.840369392668
0.451617964025,0.839050131454
0.451643884182,0.835092349071
0.451572579885,0.836411609341
0.451548916841,0.84168865514
0.451566870263,0.837730870241
0.451604167201,0.845646438152
0.451608358477,0.829815303273
0.451596939312,0.835092348128
0.451572570606,0.861477572088
0.451570689678,0.827176780531
0.451563691794,0.840369392668
0.451585822574,0.84168865514
0.451559957461,0.848284960737
0.451597686336,0.835092348442
0.45154371952,0.849604222422
0.451513390506,0.835092348128
0.451582801531,0.84036939314
0.451645616412,0.829815303745
0.451594994612,0.858839050446
0.451567252739,0.821899736462
0.451562529189,0.835092347656
0.451556138753,0.839050131297
0.451531254286,0.837730871499
0.451503176566,0.852242743434
0.451497459632,0.850923483164
0.451665272027,0.841688653724
0.451715586211,0.853562006063
0.451689655438,0.828496042845
0.451595019539,0.823218997991
0.451580074107,0.836411609656
0.451555632979,0.843007916354
0.451493194047,0.837730871341
0.451507570954,0.853562005592
0.451674262656,0.835092348914
0.451808374247,0.833773087386
0.451607017294,0.856200527704
0.45146437811,0.829815302801
0.45145230699,0.84960422195
0.451480981071,0.821899735833
0.451506819999,0.856200528019
0.451549482849,0.833773086757
0.451682079436,0.829815302958
0.451605268314,0.848284960737
0.45158840248,0.831134565273
0.451626149756,0.844327177096
0.451536037362,0.835092348442
0.451560176614,0.846965698737
0.451622929532,0.836411609813
0.451615259641,0.843007916196
0.451582119852,0.840369392668
0.451579061221,0.835092347813
0.451562075942,0.836411609813
0.451584860329,0.844327176624
0.451600502459,0.84300791541
0.45158456836,0.817941952035
0.451555279204,0.846965699523
0.451560873469,0.827176780531
0.451539727346,0.840369393454
0.451564166823,0.844327176624
0.451632361771,0.846965699208
0.451646113616,0.831134564487
0.45158992059,0.836411609341
0.451578253649,0.823218996732
0.451565407433,0.849604221007
0.451567417006,0.840369392511
0.451681896454,0.84432717741
0.451611943012,0.825857520418
0.451524524859,0.849604221479
0.451519156666,0.846965698579
0.451546201763,0.832453826644
0.451578684643,0.82585751916
0.451577968679,0.835092347656
0.451570333466,0.839050132712
0.451589606525,0.848284960579
0.451544376193,0.832453825386
0.45150493569,0.829815303587
0.451512819859,0.84960422195
0.451595114372,0.853562005277
0.451657407281,0.843007916196
0.451672978797,0.849604221793
0.451553348186,0.839050131297
0.451543346165,0.841688653882
0.451537111189,0.831134564487
0.451520226876,0.835092347656
0.451553347321,0.832453825858
0.451595043601,0.846965699366
0.451619846368,0.845646438309
0.451507054721,0.839050132241
0.451560649598,0.843007916354
0.451619788886,0.835092348599
0.451561955946,0.823218998148
0.451546745439,0.839050132241
0.451514677511,0.845646438781
0.451535765288,0.824538258418
0.451531939582,0.831134564801
0.451554592807,0.849604221164
0.451568865131,0.837730871499
0.451554174238,0.854881266805
0.451705810577,0.846965699366
0.451606614609,0.832453826172
0.451508626381,0.848284960737
0.4515200413,0.827176781789
0.45157940155,0.848284959793
0.451537507662,0.832453825228
0.451522928272,0.836411609027
0.451516115414,0.837730870083
0.451533992246,0.837730870555
0.451573479065,0.844327176624
0.451574696085,0.831134564015
0.451601085688,0.84168865514
0.45169921467,0.836411609813
0.451656147956,0.840369393926
0.451547002415,0.832453825228
0.451524945236,0.837730871499
0.451468199885,0.836411609813
0.451610925566,0.841688654196
0.451615377749,0.845646438309
0.451624521008,0.839050131297
0.45157161182,0.839050131297
0.451541894659,0.837730871499
0.451488384196,0.84168865514
0.451466207061,0.831134564172
0.451550888119,0.833773087229
0.451589171522,0.829815303273
0.45157925183,0.84168865514
0.451574369597,0.828496043003
0.451569422097,0.833773087386
0.451545434058,0.844327177567
0.451542124899,0.844327176309
0.451564339975,0.835092348599
0.451554737336,0.835092347499
0.451513056941,0.8324538257
0.451594269055,0.844327176781
0.451585860161,0.843007916354
0.451584390647,0.849604221164
0.451569506235,0.844327176624
0.451530493501,0.839050132555
0.45153506686,0.833773086599
0.451557759402,0.844327177096
0.451568196741,0.833773087386
0.451493802045,0.837730870712
0.451577479025,0.856200528334
0.451589490461,0.833773086442
0.451588265893,0.833773086914
0.451636235758,0.854881266333
0.451573517203,0.839050131769
0.451530939435,0.844327176152
0.45152111324,0.849604221479
0.451516202462,0.833773086914
0.451540640995,0.841688654668
0.451550334613,0.833773087543
0.451525366401,0.85356200512
0.451548449282,0.835092348599
0.45155314877,0.827176780845
0.451530310755,0.833773087858
0.451532795436,0.832453826172
0.451537618065,0.836411610285
0.451516667661,0.840369393926
0.451530085547,0.83905013114
0.451550252048,0.843007915567
0.451535109794,0.828496042845
0.45155236644,0.849604221007
0.451532913701,0.840369392983
0.451528070313,0.836411609813
0.451561419976,0.841688654983
0.451530861823,0.835092348914
0.451647310899,0.850923483636
0.451621641977,0.835092349071
0.451584020516,0.839050132712
0.451536250775,0.823218997676
0.451538956653,0.829815302801
0.451515703922,0.841688654668
0.45151260047,0.835092349071
0.451526508718,0.844327177567
0.451531119035,0.840369392511
0.451579236104,0.821899736462
0.451561534389,0.852242743906
0.451497771101,0.833773086442
0.451485440646,0.845646438309
0.451487546703,0.858839050918
0.451655634318,0.835092348599
0.451591572299,0.821899736777
0.451525676534,0.844327175995
0.451510169497,0.844327177567
0.451539609237,0.849604221164
0.45156724173,0.8337730877
0.451521701659,0.840369393926
0.451486223606,0.843007915882
0.45147118625,0.840369392668
0.451502304593,0.8324538257
0.451604234826,0.850923483164
0.451546358873,0.843007915095
0.451478060129,0.835092348599
0.451444389323,0.837730871499
0.451478217397,0.846965699051
0.451558300562,0.823218996732
0.451552980493,0.832453825228
0.451575042704,0.843007914938
0.451528508619,0.840369392983
0.451532445671,0.840369392983
0.451495921392,0.837730870555
0.45149928237,0.832453825228
0.451554061162,0.840369393926
0.451520606679,0.833773086914
0.451575841627,0.844327176309
0.451563080886,0.83113456543
0.451683152949,0.844327176938
0.451579717541,0.836411610285
0.45148385668,0.833773087858
0.451490495246,0.835092348914
0.451494819531,0.839050131454
0.451563742985,0.833773086442
0.451563371753,0.845646438309
0.451575227652,0.837730869926
0.451556253952,0.850923483636
0.451523557581,0.82189973599
0.451495230355,0.840369393769
0.451530199252,0.844327176152
0.451539952239,0.843007915882
0.451540426796,0.837730870555
0.451651793986,0.835092348285
0.451672359239,0.833773086442
0.451525345956,0.85356200512
0.451487034323,0.824538259204
0.451471063581,0.848284960265
0.451580760661,0.828496042059
0.45155535084,0.856200528491
0.45154445758,0.836411609341
0.451537475894,0.835092349071
0.451550640815,0.817941952349
0.451511372677,0.844327177567
0.451500741347,0.828496041745
0.451499193356,0.858839049503
0.451492903965,0.836411609027
0.451489003242,0.839050132712
0.451475064248,0.8324538257
0.451527651743,0.843007916354
0.451562513777,0.833773086914
0.451506584647,0.833773086914
0.451484687725,0.84036939314
0.451541014114,0.84828495995
0.451537322243,0.825857520575
0.451520967295,0.840369392511
0.451562276302,0.836411609656
0.451527683905,0.844327176466
0.451576276631,0.845646438781
0.451525628724,0.848284959793
0.451527803114,0.840369393454
0.45151450487,0.856200527233
0.451579612368,0.839050131769
0.451531479415,0.84960422195
0.451495150424,0.829815302958
0.451482340497,0.835092348285
0.451528429277,0.836411610285
0.451523829733,0.84960422195
0.451550628076,0.829815304059
0.451559512549,0.835092348128
0.451482375253,0.835092348442
0.45142019715,0.845646438624
0.451453726572,0.846965699523
0.451504891301,0.835092349071
0.451516597284,0.836411609813
0.45148887672,0.829815304216
0.451510193795,0.837730871341
0.451504155168,0.825857520418
0.451628382885,0.844327176781
0.451588010725,0.833773086442
0.451620370543,0.839050132712
0.451602603798,0.845646437523
0.451570645879,0.846965698737
0.451541484267,0.833773087858
0.45153980826,0.836411609027
0.451510593099,0.843007915095
0.451575549108,0.82453825889
0.451481926724,0.833773086599
0.451504224051,0.833773086442
0.451512237809,0.825857519632
0.451609923689,0.84960422195
0.45150336867,0.829815303116
0.451450054438,0.833773086442
0.451428264144,0.83641160887
0.451489848638,0.835092348599
0.451453064237,0.83773087087
0.451488181752,0.850923483479
0.451475562946,0.832453825228
0.451521194547,0.839050132241
0.4515837843,0.849604222422
0.45151018829,0.839050131926
0.45144227383,0.825857519632
0.451454958453,0.852242744378
0.451525418142,0.827176781317
0.451530883683,0.841688654668
0.451588569735,0.832453826487
0.451559873244,0.841688654511
0.451547634554,0.844327176309
0.451518772774,0.824538259204
0.451507221504,0.850923483636
0.451500047873,0.835092349071
0.451492655914,0.835092347813
0.451469962782,0.837730871027
0.451504134251,0.831134564015
0.451526216907,0.835092348599
0.451549119166,0.840369392511
0.45152204757,0.839050132555
0.451482017311,0.831134564015
0.45158427364,0.836411609341
0.451537479197,0.864116095616
0.451518010496,0.837730871341
0.451547629129,0.844327177567
0.451502101402,0.836411609813
0.451454973079,0.831134565273
0.451473086522,0.836411609341
0.451457609995,0.849604222422
0.451473364415,0.840369392511
0.451520945356,0.836411609341
0.451509698557,0.837730870555
0.451480106974,0.816622690664
0.45155277227,0.837730871499
0.451495433074,0.850923483007
0.451515537453,0.856200528491
0.451495447071,0.836411610128
0.451455154016,0.840369393454
0.451486534761,0.843007915882
0.451553620968,0.848284961209
0.45148964875,0.831134564329
0.451604597408,0.835092348128
0.451512166881,0.839050131454
0.451444761813,0.825857520418
0.451449732824,0.833773087386
0.451494325591,0.832453826644
0.451507443017,0.840369393769
0.451534684384,0.843007914938
0.451501455974,0.846965699523
0.451493908516,0.827176781317
0.45146338103,0.837730871499
0.451480020319,0.843007915095
0.451600989283,0.8337730877
0.45159127404,0.845646437366
0.451519609363,0.852242743906
0.451502837732,0.839050132241
0.451523874869,0.852242744063
0.451546887059,0.820580474305
0.451497280975,0.854881265862
0.451481284913,0.837730870555
0.451460343867,0.844327177567
0.451486376392,0.843007916196
0.451541442513,0.839050131769
0.45159221356,0.82453825889
0.451536562402,0.828496041745
0.451527680759,0.844327177567
0.451563807937,0.836411610128
0.45149724386,0.829815302801
0.451495418448,0.843007916196
0.451495531366,0.828496042845
0.451489990965,0.843007915882
0.45149889549,0.837730870083
0.451492577555,0.832453826644
0.451497208946,0.845646437837
0.451481017164,0.848284961051
0.451493264346,0.839050132241
0.451477249804,0.828496043003
0.451474693646,0.845646438624
0.45150905187,0.829815302801
0.451508546096,0.828496041745
0.451452484389,0.835092348914
0.451461854821,0.827176781789
0.451500558366,0.846965699051
0.451543194637,0.815303429765
0.451551180795,0.844327177567
0.45159970621,0.846965698737
0.451505599362,0.845646437523
0.451491208378,0.827176780845
0.451506461191,0.833773087858
0.451518858957,0.837730871027
0.451549821919,0.848284960422
0.451518392736,0.836411610128
0.451500172823,0.83641160887
0.451510366632,0.845646437837
0.451452679165,0.836411610285
0.451497574595,0.824538258418
0.451534818534,0.824538258103
0.451484144363,0.837730870555
0.451456748637,0.836411609027
0.451481471433,0.839050131769
0.451540317888,0.836411609499
0.451533339819,0.832453826172
0.451494641386,0.833773087858
0.451524976297,0.832453826172
0.451446705569,0.840369393769
0.451415139877,0.849604222422
0.451419298441,0.831134564487
0.45150201805,0.846965698737
0.451478730366,0.853562005592
0.451470363974,0.835092347656
0.451457230507,0.828496042059
0.451478804164,0.845646438624
0.451474498318,0.849604221164
0.45151856864,0.831134564487
0.451511077956,0.816622692079
0.451509624484,0.84432717741
0.451513338923,0.848284959793
0.451581541262,0.831134564644
0.451488456185,0.841688653882
0.451455943817,0.831134565273
0.451484182736,0.845646437837
0.451471359639,0.833773086914
0.451471924939,0.835092348285
0.451490983328,0.837730871499
0.451474081872,0.841688654196
0.451451215706,0.839050131297
0.451544678777,0.840369392511
0.451581582624,0.841688654196
0.451579037474,0.839050131297
0.451516847104,0.854881265862
0.451497523797,0.833773087071
0.451474472684,0.83641160887
0.451470316557,0.820580474305
0.451448450617,0.849604221164
0.451501529575,0.829815303273
0.451498289536,0.846965699523
0.451474873246,0.819261214035
0.45155180916,0.840369392983
0.451568389788,0.849604221007
0.451451287106,0.862796833144
0.451439130511,0.831134564015
0.451466262576,0.856200527233
0.451481813491,0.84168865514
0.451446759512,0.835092348599
0.451516649339,0.844327175995
0.451517793308,0.856200528491
0.451528285141,0.848284960265
0.45147723793,0.84960422195
0.451493217322,0.835092349071
0.451474678194,0.84168865514
0.451499582595,0.833773086757
0.451498676416,0.848284960737
0.45151836081,0.845646437837
0.451526705225,0.839050131297
0.451541308166,0.84036939314
0.45154711439,0.860158311975
0.451513412917,0.840369392983
0.451481961559,0.829815302801
0.451587954895,0.844327176624
0.451564610004,0.846965699995
0.451489430776,0.819261213563
0.45147314361,0.85356200512
0.451490133608,0.84828495995
0.451470313726,0.827176781789
0.451451968235,0.840369392825
0.451454563946,0.843007915725
0.451466652837,0.829815302801
0.451434968958,0.844327176624
0.451443370147,0.845646437995
0.451444647086,0.832453826015
0.45151514617,0.843007914938
0.451512475127,0.8337730877
0.451509949714,0.84036939314
0.451504283499,0.832453826172
0.451473122615,0.836411609813
0.451472189307,0.84168865514
0.451505235286,0.841688654983
0.451522524643,0.846965699051
0.451512591427,0.845646437837
0.45154090843,0.825857520575
0.4515136338,0.833773087858
0.451469578498,0.837730870083
0.451483038768,0.839050132241
0.451518865799,0.840369393769
0.451510629663,0.837730871027
0.451507780357,0.83113456543
0.451525880039,0.839050131926
0.45147002797,0.839050131769
0.451458378801,0.821899736305
0.451500164173,0.841688654668
0.451544881024,0.846965699995
0.451505873008,0.839050131454
0.451478648469,0.837730870083
0.451500021531,0.843007916354
0.451465306622,0.846965698579
0.451469062029,0.827176781789
0.451546578577,0.832453825228
0.45149399061,0.841688654983
0.45145779911,0.840369393926
0.451454103465,0.83773087087
0.451463677559,0.831134564487
0.451480678644,0.856200528491
0.45149312359,0.835092347813
0.451481887722,0.841688654668
0.451508243354,0.824538258418
0.451486059261,0.843007916196
0.451460417468,0.836411610285
0.451468154906,0.83113456543
0.451495716943,0.836411609341
0.451504044372,0.841688654196
0.451470755021,0.82453825889
0.451448242394,0.857519789233
0.451482120793,0.82717678116
0.451495274548,0.833773086914
0.451535716692,0.837730870083
0.451506830693,0.827176780845
0.451502660176,0.833773087229
0.451491939518,0.854881266805
0.451522080125,0.825857519474
0.45149103617,0.829815304059
0.451448306874,0.823218997047
0.451464252492,0.857519788918
0.451452290005,0.827176781789
0.451463634468,0.844327177567
0.451461587858,0.828496042845
0.451515994789,0.84168865514
0.451496442893,0.82981530343
0.451542402006,0.856200528491
0.451536631561,0.81926121372
0.451503610234,0.850923483636
0.451506213337,0.821899735361
0.451461667357,0.846965699208
0.45144015354,0.831134564487
0.451457335641,0.841688654668
0.451497486289,0.833773087858
0.451494092992,0.843007915882
0.451455467609,0.844327176624
0.451530335132,0.849604221164
0.451512074408,0.832453826015
0.451474417797,0.846965699995
0.451478682911,0.825857520103
0.451478240004,0.85224274485
0.451561741511,0.828496042059
0.451511730305,0.848284960265
0.451581595913,0.832453826172
0.451434851007,0.832453826015
0.45140995907,0.843007916354
0.451446238404,0.845646438781
0.451436989226,0.840369393769
0.451466594806,0.83641160887
0.451506801441,0.841688654354
0.451460798057,0.837730870083
0.451461537532,0.837730871499
0.45146420543,0.839050131769
0.451484456855,0.833773086914
0.451504303,0.845646438152
0.451505578288,0.848284960737
0.451499996053,0.843007916354
0.451492520624,0.82717678116
0.451444394749,0.848284960737
0.451444821653,0.828496042059
0.451445597851,0.849604221479
0.451481237811,0.823218997204
0.451542434796,0.840369393454
0.451548134746,0.829815304216
0.451536132667,0.852242744378
0.451489731866,0.850923482378
0.451484340005,0.843007916196
0.451526344609,0.843007916354
0.451557370006,0.835092347656
0.451462278895,0.831134564487
0.451408299576,0.843007916354
0.451412263835,0.833773087071
0.451437674994,0.846965698737
0.451479585315,0.841688653882
0.451536493204,0.836411609341
0.451478103849,0.843007915882
0.451469539023,0.839050132712
0.451468196268,0.83113456543
0.451442394533,0.846965699523
0.451444939762,0.833773087386
0.451455476809,0.837730871027
0.451511487797,0.832453826644
0.451617416417,0.850923482378
0.451506177479,0.816622690978
0.451477457162,0.852242743906
0.451495608585,0.824538258732
0.45146794511,0.833773086914
0.451447227542,0.840369392354
0.451431708789,0.852242744378
0.451419175929,0.840369393769
0.451437148538,0.852242743434
0.451465180178,0.846965698737
0.451483930793,0.856200527075
0.451458065365,0.840369393769
0.451454161811,0.837730871027
0.451457035416,0.833773086442
0.451471999012,0.854881265862
0.451487664812,0.836411609813
0.451540864631,0.839050131454
0.451524457548,0.841688654196
0.451478460219,0.846965699208
0.451452112843,0.828496041587
0.451471253718,0.841688653882
0.451471662301,0.829815303745
0.451474965326,0.84168865514
0.451503562345,0.823218997204
0.451486036299,0.845646437366
0.451468281664,0.839050132555
0.451516433253,0.837730870083
0.451538347003,0.824538258575
0.451490014634,0.857519788446
0.4514443964,0.836411609813
0.451434500928,0.837730870083
0.451445822587,0.844327177567
0.451449447225,0.843007915882
0.451489352142,0.83113456543
0.45145875762,0.836411610285
0.451522712028,0.841688653724
0.451514159312,0.839050131769
0.451539983142,0.845646438781
0.451491647235,0.843007916354
0.451455010902,0.82058047462
0.45150634497,0.849604221793
0.451445257758,0.857519789547
0.451414647706,0.823218997519
0.451415685126,0.841688653724
0.451442835435,0.856200528491
0.451449577915,0.827176780688
0.451471101168,0.84960422195
0.45147120583,0.836411609813
0.451479520364,0.827176780845
0.451445091054,0.831134564329
0.451503586958,0.837730870083
0.451475647005,0.835092349071
0.451427243552,0.821899736462
0.4514209312,0.84036939314
0.451456650895,0.843007915882
0.451426389192,0.835092348599
0.451449498574,0.835092348128
0.451462366572,0.848284961209
0.451461836814,0.825857519474
0.451499451984,0.839050132241
0.45149599979,0.84036939314
0.451474421336,0.841688654196
0.451468232282,0.837730871027
0.451513600538,0.836411610128
0.451422888245,0.820580475249
0.451416044562,0.848284961209
0.451457212814,0.836411609027
0.451477682213,0.837730870241
0.451541965036,0.827176780845
0.451597713937,0.836411609341
0.451565070643,0.858839050918
0.451480717017,0.843007915882
0.451462065482,0.836411610128
0.451440600732,0.850923482221
0.451452640399,0.829815304216
0.451462745824,0.835092349071
0.451474251093,0.849604221164
0.451439011852,0.833773086757
0.451424025294,0.835092348914
0.45140922793,0.843007915567
0.45142734499,0.844327177567
0.451418995071,0.839050132555
0.451489927744,0.846965699523
0.451519913677,0.836411609813
0.451449534667,0.84960422195
0.451482250618,0.844327177567
0.45149042534,0.845646437523
0.451467951794,0.840369392983
0.451446767218,0.839050132241
0.451447658143,0.833773086599
0.451453894141,0.844327176938
0.451513447595,0.843007915095
0.451494916133,0.831134564958
0.451469690787,0.840369392668
0.451469894449,0.825857520575
0.451462494037,0.837730871027
0.451482551236,0.831134564801
0.451521880394,0.841688654196
0.451507117786,0.835092347499
0.451488445176,0.837730870555
0.451422532504,0.836411609813
0.451438326241,0.84300791541
0.451477867318,0.828496042059
0.451451267841,0.843007915882
0.451463326615,0.827176781317
0.451481094697,0.841688654983
0.451484054956,0.836411610285
0.451482236857,0.837730870555
0.45147381491,0.828496041587
0.451440956316,0.854881266805
0.451535667625,0.844327177096
0.451460179286,0.839050131769
0.451398801127,0.835092347813
0.451372833397,0.83641160887
0.451389373135,0.831134564644
0.451438538239,0.844327176938
0.451446502379,0.839050132083
0.451466384223,0.848284960422
0.451476708723,0.817941951878
0.451435118992,0.848284960737
0.45142834608,0.831134564487
0.451441301126,0.843007915567
0.451430200744,0.846965699523
0.451440507001,0.839050132241
0.451478545301,0.8324538257
0.451491603279,0.843007916354
0.451500905299,0.837730870241
0.451465171843,0.840369392983
0.451458210602,0.823218998148
0.451426701134,0.845646437837
0.451423923541,0.839050131297
0.451495725121,0.849604221793
0.451475400409,0.836411609341
0.451451278535,0.840369392668
0.451455587605,0.833773087386
0.451451994184,0.860158312132
0.451440674177,0.839050131454
0.451455173046,0.840369392983
0.451481675764,0.835092347813
0.451453081851,0.839050131297
0.451476999512,0.839050132083
0.451500284955,0.845646438309
0.451535165153,0.843007916196
0.45151699643,0.840369392983
0.451466957151,0.841688654354
0.451448252813,0.836411610285
0.451457114128,0.833773086599
0.45148188552,0.839050131297
0.451421015653,0.836411609813
0.451432527055,0.843007916354
0.451560086578,0.840369392511
0.451475052846,0.839050131454
0.451438492985,0.841688653882
0.451413684124,0.854881265862
0.451444192895,0.841688654039
0.45143708626,0.836411609656
0.451470302403,0.848284960422
0.451460270265,0.835092348442
0.451452669808,0.832453825858
0.451484227243,0.83509234797
0.451459410952,0.835092348599
0.45145033296,0.84828495995
0.451456717419,0.835092349071
0.451461928029,0.829815303273
0.451440676064,0.828496041587
0.451424403052,0.837730871499
0.451447089933,0.837730871341
0.451466677686,0.848284960265
0.451469089315,0.83641160887
0.451492751966,0.854881266176
0.451564661588,0.833773086599
0.451515794351,0.831134564487
0.451500044806,0.841688653724
0.451474175447,0.836411609656
0.451429371548,0.829815302958
0.451435674778,0.845646438152
0.451525640205,0.843007915095
0.45151703905,0.844327176152
0.45155472617,0.837730870555
0.4514288907,0.839050132712
0.451420088242,0.83113456543
0.451414235074,0.835092349071
0.451418950485,0.839050132712
0.451430151047,0.824538257789
0.451456156444,0.835092348599
0.45154096599,0.840369392983
0.451562700611,0.846965698737
0.451522940696,0.835092348128
0.451473432197,0.836411609813
0.451449308987,0.840369392668
0.451460387587,0.817941951878
0.451452660529,0.846965698737
0.451432872338,0.843007914938
0.451450817189,0.827176781632
0.451479834979,0.839050131454
0.451475824483,0.841688654668
0.451446034977,0.82189973599
0.451450089666,0.841688653882
0.45145386941,0.836411609027
0.451449316614,0.824538257946
0.45147145282,0.849604221479
0.45146228723,0.840369392825
0.451492871175,0.849604222422
0.451495857855,0.829815304216
0.451469375936,0.836411609656
0.451450477804,0.84432717741
0.451468164892,0.828496042531
0.45146620305,0.854881265862
0.451433758622,0.836411610128
0.451441441567,0.839050132241
0.451397378833,0.835092349071
0.451400873057,0.846965699838
0.451483279703,0.840369392354
0.451477306814,0.841688654668
0.451459568377,0.837730871341
0.451424349502,0.835092349071
0.451464013877,0.845646437523
0.451491432171,0.832453825386
0.451448914244,0.832453825386
0.451420250857,0.84168865514
0.451418506753,0.833773086914
0.451421282537,0.837730870241
0.451466348052,0.829815303273
0.451443498242,0.840369392511
0.451438780825,0.824538259204
0.451437599505,0.839050132555
0.451424235404,0.827176780845
0.451393442607,0.857519788761
0.451402121688,0.82981530343
0.451436956435,0.843007916354
0.451415902549,0.844327176624
0.451444031695,0.829815302801
0.451459047269,0.829815302801
0.451443850837,0.845646438152
0.451407500339,0.835092348442
0.451400405027,0.841688654511
0.451457158714,0.845646438309
0.451480365995,0.837730871499
0.451466775035,0.832453826172
0.451448152122,0.833773087858
0.451452169381,0.835092348285
0.451409925886,0.844327176624
0.4514294998,0.831134564487
0.451461395283,0.843007915882
0.451468624666,0.836411609656
0.451470800786,0.846965698579
0.451444970665,0.846965699051
0.451504526478,0.837730871499
0.451438586992,0.828496041587
0.451455862903,0.836411610285
0.451458997651,0.844327176309
0.451456476799,0.841688654983
0.45144605904,0.84300791541
0.451441294914,0.849604221164
0.451438940609,0.836411610285
0.451424043694,0.837730871341
0.451434473878,0.844327176624
0.451457418521,0.833773086757
0.451475424156,0.836411608712
0.451449574062,0.860158310874
0.451442164607,0.837730871341
0.451430233613,0.84168865514
0.451416114232,0.837730871499
0.451418775918,0.82189973599
0.451452282614,0.848284960265
0.451425436855,0.836411609813
0.451411020001,0.849604221793
0.451398903116,0.844327176938
0.451410785868,0.832453825858
0.45140978403,0.846965698579
0.451394139384,0.831134564172
0.451443349466,0.846965698894
0.451458188663,0.840369393454
0.451432553004,0.831134564801
0.451442096196,0.835092348914
0.45146916614,0.841688654511
0.451477579202,0.854881266333
0.451474996701,0.843007916354
0.451471043136,0.831134564487
0.451476485874,0.849604221007
0.451474446577,0.837730870555
0.451446914421,0.827176781317
0.451473892993,0.831134564487
0.451443812778,0.835092348914
0.451462175412,0.839050131769
0.451447400065,0.829815303587
0.451440513527,0.832453826487
0.451466198175,0.835092348914
0.451450465065,0.845646438309
0.451427623118,0.828496041745
0.451427191968,0.857519788446
0.451449033925,0.839050131297
0.451449685329,0.835092347656
0.451425596403,0.845646438309
0.451461007538,0.84960422195
0.451499514183,0.829815303273
0.451502496775,0.836411610285
0.451469028688,0.832453826487
0.451461812516,0.853562006063
0.451442034468,0.825857520575
0.451424840651,0.840369393926
0.451416265131,0.848284960265
0.451424829564,0.825857520103
0.451438975995,0.835092348128
0.451449156751,0.843007916354
0.451510825855,0.828496041745
0.4514889942,0.848284960265
0.451453230312,0.837730870555
0.451448919591,0.844327176309
0.451451771492,0.832453825858
0.45144142639,0.84564643768
0.451415391742,0.83509234797
0.451429718717,0.831134563857
0.451481768198,0.840369393769
0.451450800046,0.843007916354
0.451474682912,0.828496043003
0.451413875755,0.828496042531
0.451421018798,0.840369393926
0.451430836501,0.844327176781
0.451448314265,0.836411609813
0.451446454254,0.837730871499
0.451450362841,0.845646437366
0.451472893908,0.853562004805
0.45141620419,0.827176781632
0.451409382682,0.858839050132
0.451485009495,0.839050131297
0.451459501381,0.83641160887
0.451432544119,0.84828495995
0.451424552614,0.846965699523
0.451436394909,0.827176781317
0.451488487324,0.843007915882
0.451434910769,0.829815304059
0.451415015399,0.839050132712
0.451378714165,0.829815304216
0.451385903406,0.846965699208
0.451410229021,0.836411610285
0.451432387716,0.844327176152
0.451432087491,0.832453825386
0.451413208388,0.846965699523
0.451451790286,0.82981530343
0.451466130707,0.837730871499
0.451528413315,0.852242744378
0.451423286841,0.832453825386
0.45144266299,0.825857519632
0.451441806193,0.846965699051
0.451410449117,0.845646438624
0.451390439256,0.840369392983
0.451440781512,0.843007915095
0.45142548317,0.856200528019
0.451413449244,0.8324538257
0.451430934872,0.832453825543
0.451457249222,0.848284960265
0.451462245003,0.84300791541
0.451435957232,0.837730870712
0.45140475711,0.837730871341
0.451401427074,0.839050131454
0.451407838072,0.832453825858
0.451438313424,0.833773087229
0.451377935177,0.844327176152
0.451369087897,0.846965699523
0.451409473819,0.843007916196
0.451450657719,0.837730870241
0.451435273587,0.844327176309
0.451493656101,0.837730871499
0.45145354359,0.840369392668
0.451452957923,0.84168865514
0.451454124146,0.833773087858
0.451440647048,0.848284961209
0.451426270691,0.8324538257
0.451423502299,0.853562004805
0.451403273442,0.837730870083
0.45144911476,0.856200527862
0.451433531527,0.831134565273
0.451442247645,0.839050132083
0.451435289156,0.846965698579
0.451417895294,0.835092348285
0.451475609497,0.84036939314
0.451452273964,0.829815303745
0.451420507205,0.835092348128
0.451446970487,0.829815304216
0.451441860293,0.840369392668
0.451449349562,0.832453826487
0.451422426112,0.840369392983
0.451418332264,0.845646438309
0.451430420055,0.84300791541
0.451438941474,0.84960422195
0.45141589327,0.827176780845
0.451401830663,0.825857520103
0.451396388869,0.835092348599
0.451426763805,0.836411610128
0.451414179833,0.843007915095
0.451406546193,0.836411609341
0.451453973876,0.828496042216
0.451438013356,0.840369392668
0.451450740914,0.824538257789
0.451579724814,0.832453825228
0.451452296611,0.846965699051
0.451399568832,0.83509234797
0.451429956585,0.833773087386
0.451428796654,0.844327176309
0.451441888444,0.844327176938
0.451438737183,0.828496041587
0.45141537633,0.846965698737
0.451432287693,0.83641160887
0.451416231947,0.846965699051
0.451435489516,0.831134564329
0.451481848247,0.843007915253
0.451482393182,0.839050132712
0.451441477188,0.844327177096
0.451447144976,0.84168865514
0.451457045009,0.845646437837
0.451436070386,0.823218997676
0.451426883329,0.849604221636
0.451493706741,0.835092349071
0.451504992935,0.835092348285
0.45144532271,0.837730870398
0.451437015804,0.836411609027
0.45137933046,0.833773086442
0.451396250552,0.835092349071
0.451423337875,0.84828495995
0.451402095031,0.849604222422
0.451386489701,0.833773087858
0.451403640348,0.849604222422
0.451444525596,0.845646437523
0.451445116453,0.845646437523
0.451437853257,0.844327176624
0.451441256226,0.845646438152
0.451414541472,0.848284960422
0.451409370926,0.828496041745
0.4514126147,0.84300791541
0.451461201214,0.84828495995
0.451546991092,0.848284961051
0.451460643463,0.850923482378
0.451399169292,0.83113456543
0.451398135962,0.852242743906
0.451424767128,0.840369393454
0.451412264385,0.833773086442
0.451417869031,0.836411608712
0.451443102319,0.843007915882
0.451431420044,0.83641160997
0.451462471705,0.848284961209
0.451436651728,0.832453826644
0.451406244709,0.839050132241
0.451415436092,0.829815304216
0.451415814479,0.837730870241
0.451427315659,0.827176780374
0.451414497672,0.848284960737
0.451401829405,0.840369392825
0.451489602592,0.850923483636
0.451448351852,0.835092347656
0.451436505075,0.846965698579
0.451388268483,0.84168865514
0.451407324592,0.840369393454
0.4514165755,0.829815303587
0.451413566016,0.840369393297
0.45140018611,0.836411610285
0.451440263392,0.835092348914
0.451419875773,0.83773087087
0.451431837906,0.84036939314
0.451406905865,0.831134564801
0.451429206337,0.836411609813
0.45141495261,0.84168865514
0.451437015961,0.84300791541
0.451438258301,0.848284961209
0.451458502649,0.828496041587
0.451438675455,0.841688654668
0.451428804989,0.8337730877
0.451475777459,0.846965698737
0.451468792078,0.835092348285
0.451431615607,0.841688654668
0.451427011502,0.846965699523
0.451449593799,0.843007915882
0.451453484143,0.839050132712
0.451413935124,0.839050132555
0.451441635714,0.828496042059
0.451439242092,0.856200528491
0.451415150178,0.829815302958
0.45142108894,0.832453825386
0.451446989281,0.841688653724
0.451452936849,0.827176780688
0.45149249786,0.841688653882
0.451443497298,0.843007916196
0.451446222284,0.848284960265
0.451429239206,0.833773087386
0.451409945151,0.848284960265
0.451404318646,0.843007915882
0.451440050372,0.83773087087
0.451489626575,0.849604221164
0.451499029247,0.840369393926
0.451462675446,0.845646437837
0.451457979182,0.844327176624
0.451445845391,0.839050132241
0.451443931515,0.835092347813
0.451442888749,0.840369393926
0.451428967132,0.836411610285
0.451390108836,0.841688653882
0.451422038997,0.835092348599
0.451430861742,0.843007914938
0.451444569238,0.849604221007
0.451431508901,0.836411609813
0.451447150402,0.839050132083
0.451394124994,0.835092347656
0.451372422298,0.833773086442
0.451387039432,0.832453826015
0.451394838991,0.827176781789
0.451430869448,0.840369393612
0.451448328105,0.829815304216
0.451472188756,0.843007915095
0.451475173471,0.831134565273
0.451440171626,0.824538258575
0.45143061027,0.843007915095
0.451459888968,0.837730871499
0.451431177694,0.836411609813
0.451401909769,0.844327176309
0.451407650294,0.840369393454
0.451424103692,0.833773086599
0.45142880609,0.843007914938
0.451419406406,0.833773087386
0.451432763744,0.829815303116
0.451451216807,0.828496043003
0.451442775594,0.836411609656
0.45144552362,0.843007916354
0.451416241462,0.828496042845
0.451452567898,0.850923483479
0.451438525893,0.844327176152
0.451442302689,0.823218997047
0.451426933183,0.85224274485
0.451421994962,0.836411609499
0.451416109829,0.843007915567
0.451410973214,0.832453825228
0.451427876949,0.841688653724
0.451414488865,0.828496041587
0.451427480948,0.845646438624
0.451417752416,0.835092348599
0.451407390251,0.849604222265
0.451444321619,0.8324538257
0.451422460122,0.843007916354
0.451409941495,0.841688653882
0.451425009007,0.841688653882
0.451516311842,0.829815303745
0.451456403748,0.845646437523
0.451432804791,0.835092349071
0.45139817575,0.833773086285
0.451421011721,0.843007916354
0.451436076756,0.808707123853
0.451466785572,0.841688654983
0.451419758136,0.849604221007
0.451387200318,0.843007916354
0.451382200447,0.84300791541
0.451407430276,0.837730870712
0.451411452646,0.844327176466
0.451444146422,0.832453826644
0.451433749186,0.82585751916
0.451426194494,0.837730870555
0.451432788278,0.84300791541
0.45139594726,0.836411609341
0.451395451472,0.849604221007
0.451432585874,0.841688653882
0.451434718902,0.831134564329
0.451465222641,0.833773087858
0.45148218716,0.845646438781
0.451448575055,0.831134564644
0.451432810177,0.829815304216
0.451423292739,0.840369393454
0.451430166696,0.8324538257
0.451403170431,0.844327176309
0.451405106245,0.839050131454
0.45139373198,0.844327176152
0.451471176814,0.850923483636
0.451468276396,0.827176781632
0.451458297414,0.835092347813
0.451406454033,0.833773086285
0.451428096417,0.840369393769
0.451424144189,0.844327176624
0.451426928976,0.844327177096
0.451410055947,0.837730870083
0.451404863423,0.833773086914
0.451494536802,0.835092349071
0.451414916714,0.845646437523
0.45139093874,0.840369393454
0.451385354304,0.8337730877
0.451413976014,0.841688653882
0.451432893333,0.831134564801
0.451426716467,0.837730870241
0.451411764469,0.833773087386
0.451420999769,0.841688654668
0.451387502745,0.841688654039
0.451455410206,0.839050131454
0.45146324806,0.824538258418
0.451437020679,0.849604221007
0.451426978633,0.844327177096
0.451441285793,0.845646438152
0.451419544566,0.823218997204
0.451414600683,0.843007915882
0.451424207646,0.836411610285
0.451439066109,0.840369392983
0.451400888627,0.848284961051
0.451388491804,0.833773086914
0.451397589376,0.853562004805
0.451440913067,0.848284961209
0.451440968583,0.843007916196
0.451469503795,0.840369393454
0.451472196777,0.827176780845
0.451456680226,0.853562006063
0.4514101047,0.835092348914
0.451397372739,0.837730871341
0.451472073243,0.83509234797
0.451432801567,0.844327176624
0.45140785545,0.823218997991
0.451377989277,0.849604221007
0.451400640929,0.835092349071
0.451413110567,0.836411609184
0.45140609672,0.846965699523
0.451406715649,0.849604221164
0.451421458048,0.835092349071
0.451365581603,0.854881266648
0.451376209001,0.829815303587
0.451426504155,0.835092348914
0.451396305517,0.829815302801
0.451393836485,0.846965699523
0.451431501038,0.84828495995
0.451450401372,0.835092348128
0.451441335136,0.843007916354
0.451426708289,0.843007916354
0.451438066198,0.835092348914
0.451471654752,0.832453826644
0.451455990762,0.82453825889
0.451463246802,0.841688654354
0.451429854282,0.827176781632
0.451422096871,0.836411610128
0.451414741124,0.85224274485
0.451425350986,0.828496042531
0.451431185007,0.836411610285
0.451434814049,0.824538258418
0.451443744445,0.848284961209
0.451398991658,0.832453825228
0.451409425616,0.845646438309
0.451426731172,0.839050131926
0.451413398761,0.845646437837
0.451407837364,0.832453826644
0.451408360596,0.837730871027
0.451445677035,0.836411609027
0.45140696602,0.825857520103
0.451399291411,0.833773087858
0.451408866999,0.827176780374
0.451428920738,0.846965698579
0.451454397399,0.84036939314
0.451436267915,0.853562005592
0.451417288239,0.82585751916
0.451416569209,0.837730870083
0.451429722963,0.836411609813
0.451428702057,0.848284961051
0.451406124085,0.828496042059
0.451408401721,0.828496043003
0.451409556463,0.843007915567
0.451424733551,0.836411609027
0.451418308438,0.831134564015
0.451418762393,0.8337730877
0.451450700496,0.839050131297
0.45147481254,0.836411609499
0.451527933175,0.839050131769
0.451449196147,0.836411609341
0.451416996192,0.846965699995
0.451406305258,0.841688654668
0.451404579397,0.829815302801
0.451403793449,0.840369392668
0.451401928799,0.850923482378
0.451393978341,0.841688653882
0.451390237717,0.841688654196
0.451384003213,0.828496042688
0.451428114896,0.839050132712
0.451432020966,0.845646437837
0.451435268554,0.829815303273
0.451403832294,0.84168865514
0.451404157918,0.843007916196
0.451427847933,0.845646437995
0.451409363102,0.827176781317
0.451386261427,0.841688654196
0.451394286823,0.831134564644
0.451435304097,0.831134564487
0.451432454397,0.82717678116
0.45141706484,0.846965698737
0.451379897491,0.835092349071
0.451391432248,0.845646437208
0.451420209653,0.840369393454
0.451422955556,0.837730870555
0.451388488737,0.837730870555
0.451384138463,0.825857519789
0.451390135886,0.832453826644
0.451389147455,0.85092348285
0.45140022983,0.833773087386
0.451439233915,0.840369393297
0.451428634746,0.840369393926
0.451420235917,0.84168865514
0.451469894292,0.829815304059
0.451427014726,0.843007915882
0.451398787681,0.828496041745
0.451390993941,0.819261214035
0.451390567823,0.844327176624
0.451374967526,0.832453825386
0.451415150493,0.846965699051
0.451433351612,0.836411609813
0.451412193064,0.845646438152
0.451440091655,0.845646437523
0.451400895546,0.844327177096
0.451370454086,0.852242743434
0.451383887149,0.841688653724
0.451412175922,0.846965699051
0.451426248752,0.852242743906
0.451439099136,0.83773087087
0.451453451824,0.82058047572
0.451429760079,0.844327176152
0.451393098504,0.837730870555
0.451391889348,0.83113456543
0.451389008981,0.84828495995
0.451385592251,0.839050131612
0.451407907663,0.840369393454
0.451455578208,0.846965698737
0.451415890754,0.841688653882
0.451400610891,0.845646438781
0.451385847654,0.835092348128
0.4513879578,0.840369393454
0.451416597046,0.833773087386
0.451381012601,0.836411609341
0.451351998664,0.836411610285
0.451359690101,0.84036939314
0.451375114886,0.835092348599
0.451441456507,0.837730870555
0.451434670227,0.841688653724
0.451425839383,0.835092348128
0.451413220497,0.840369393454
0.451412008707,0.828496041745
0.451421689547,0.836411609341
0.451418962516,0.833773086757
0.451417452899,0.832453826487
0.451418064987,0.84168865514
0.45144425942,0.833773087386
0.451433978326,0.8337730877
0.451454029549,0.839050132083
0.451439562605,0.827176781317
0.451457046189,0.837730870241
0.451429030983,0.827176780374
0.451410600567,0.849604221007
0.451405244091,0.833773086914
0.451366671157,0.853562006063
0.451365796589,0.837730870398
0.451401238391,0.848284960737
0.451402055871,0.829815303587
0.45144295661,0.846965699523
0.451453228739,0.839050131769
0.45143370177,0.843007915095
0.451411466328,0.825857520575
0.451398088781,0.841688654668
0.45137441638,0.840369393454
0.451404739338,0.85356200512
0.451430571111,0.825857520418
0.451423136414,0.841688653724
0.451404212647,0.831134564487
0.45143146345,0.854881265862
0.451404535755,0.828496041587
0.451398679795,0.846965699523
0.451411079291,0.825857520575
0.451409542938,0.84432717741
0.451409937052,0.829815302801
0.451388376684,0.845646437523
0.451372014187,0.840369392511
0.451409176346,0.831134564015
0.451389823866,0.840369393297
0.451383098763,0.846965699995
0.451425908109,0.837730870083
0.451423776103,0.84828495995
0.451409020179,0.83773087087
0.451416740474,0.854881267277
0.451418118615,0.8324538257
0.451391969083,0.837730871027
0.45140388608,0.835092348914
0.451398669572,0.839050132712
0.451470258132,0.836411610128
0.451444119765,0.839050131769
0.451398744432,0.844327176152
0.451364996487,0.843007915882
0.451352865605,0.829815303273
0.451388087468,0.843007915095
0.451453761485,0.840369392668
0.451448774904,0.835092347656
0.451476009037,0.839050132241
0.451425561647,0.831134564801
0.451414800492,0.837730870712
0.451409089534,0.831134564015
0.451408322694,0.83113456543
0.451398748049,0.824538259362
0.451408664123,0.860158310717
0.451401031583,0.844327176152
0.451425816264,0.839050131297
0.451428905011,0.829815303587
0.451410806745,0.824538258103
0.451414580867,0.837730870083
0.451398029963,0.839050132241
0.451420098543,0.836411609341
0.451391489179,0.840369393926
0.451383250527,0.831134563857
0.451387427728,0.828496042688
0.451402393683,0.839050131769
0.451403106973,0.864116095773
0.45139944459,0.832453825228
0.451384032779,0.853562005434
0.451376392061,0.850923482378
0.451390305106,0.83641160887
0.451387495982,0.845646438309
0.451391915533,0.841688654511
0.451426999393,0.853562006063
0.451407864572,0.835092347656
0.451399771865,0.839050132241
0.451404610772,0.845646437837
0.451423166138,0.846965699208
0.451434393435,0.841688654983
0.451398360619,0.837730871027
0.451411481898,0.836411609499
0.451422255358,0.843007915567
0.451407772885,0.832453826487
0.451439050225,0.845646437366
0.451414055356,0.840369392983
0.451395018591,0.844327177096
0.451394045259,0.827176781789
0.451400247995,0.8337730877
0.451419970527,0.844327177567
0.451412468913,0.837730871341
0.451444031066,0.84432717741
0.451426191427,0.841688654668
0.451412531191,0.843007916196
0.451412284752,0.84828495995
0.451414301638,0.823218997676
0.451408363505,0.856200527547
0.45141449146,0.845646437523
0.451399948006,0.835092348128
0.451390407016,0.831134564801
0.451381820487,0.846965699995
0.451390792638,0.829815303273
0.451374389801,0.832453826172
0.451389047275,0.840369393926
0.451370134203,0.840369393926
0.451365949689,0.831134564172
0.451417887588,0.854881266019
0.451401962375,0.824538259362
0.451423920475,0.840369392983
0.451507478245,0.840369392983
0.451469490585,0.837730871027
0.45140265294,0.836411609499
0.4513731061,0.829815303273
0.451391698581,0.841688654196
0.451395345867,0.839050132555
0.45139979231,0.84168865514
0.451427850843,0.843007915725
0.451423805905,0.840369392983
0.451436308883,0.840369392511
0.451399013675,0.841688653724
0.451388863508,0.845646438781
0.451435196368,0.831134564172
0.451429740184,0.840369393454
0.451423065172,0.836411609341
0.451415698887,0.844327176152
0.451389501781,0.84828495995
0.451441208888,0.828496041902
0.451423904119,0.835092347813
0.451402620936,0.844327176309
0.451382642371,0.844327176938
0.451426375667,0.85488126712
0.451430564899,0.8324538257
0.451420675796,0.836411609656
0.451392859221,0.853562006063
0.451395107605,0.848284960579
0.451376546184,0.833773086599
0.451370707917,0.848284960265
0.451369231011,0.836411609341
0.451408093712,0.840369393769
0.451406340958,0.825857520103
0.451390083751,0.829815303273
0.451385151703,0.839050131926
0.451372827106,0.828496042531
0.451387799352,0.829815302801
0.451435256602,0.837730871499
0.451456231933,0.832453825228
0.451409264573,0.835092347656
