loss,accuracy
1.4559218223,0.56200527673
1.32319094795,0.573878627968
1.28383946356,0.584432716892
1.24522388768,0.60158311385
1.21880529455,0.622691293348
1.16236112552,0.651715040207
1.18941532559,0.654353562163
1.10060569856,0.663588390187
1.13157585963,0.660949867917
1.05205535826,0.688654353247
1.02816703373,0.696569920687
1.03796103951,0.670184696255
0.984086020955,0.688654352933
0.960876317955,0.711081793409
0.95025386046,0.705804749655
0.9525959833,0.709762532352
0.879885207223,0.709762533611
0.883496537372,0.716358838736
0.847273134776,0.737467018312
0.865197147968,0.738786279998
0.797193341173,0.738786279998
0.758897441987,0.75725593699
0.747254667779,0.75197889245
0.753929832051,0.763852242587
0.717384046332,0.757255936833
0.699383043755,0.76385224353
0.674201649066,0.771767810184
0.637804416836,0.787598944434
0.619003575207,0.795514512031
0.603047541547,0.802110817313
0.611317557678,0.806068602212
0.622462467185,0.807387863583
0.567010716272,0.816622690507
0.550275254533,0.803430078841
0.548280122884,0.819261213878
0.552868576509,0.828496043003
0.544421553454,0.808707123539
0.532313625542,0.825857520418
0.523975938794,0.823218997991
0.54171541923,0.819261214507
0.517602845673,0.817941953293
0.515807568398,0.821899735519
0.529857204583,0.839050131769
0.507040427983,0.816622691214
0.502129699199,0.8324538257
0.511348797416,0.828496041745
0.50471662209,0.831134564644
0.501666395205,0.827176781789
0.498272846431,0.832453826172
0.504003173758,0.828496041587
0.497555070785,0.833773087858
0.50170395942,0.828496042531
0.495705058046,0.829815302958
0.494013012871,0.841688654039
0.491424529565,0.83113456543
0.500185498304,0.828496042845
0.489315786745,0.841688653882
0.485033956241,0.833773086599
0.49510556082,0.836411609813
0.48252366495,0.819261213563
0.478678810958,0.833773086914
0.492059920425,0.829815304059
0.487315834512,0.841688654196
0.481001152605,0.831134564958
0.494180511044,0.843007915567
0.485928720487,0.836411609027
0.484036184474,0.817941951878
0.477834693203,0.839050132241
0.482881651783,0.824538258103
0.479475380012,0.836411609341
0.47646717912,0.836411609341
0.480550964778,0.829815304059
0.472573533222,0.845646437995
0.481514970514,0.833773086599
0.480306801271,0.824538257946
0.480422693381,0.836411609341
0.480259544145,0.829815304216
0.471790358699,0.831134564015
0.479952028999,0.841688654354
0.4756402702,0.835092348442
0.469659481954,0.839050132241
0.475008922233,0.833773086442
0.478138651807,0.836411609813
0.481407036253,0.837730870555
0.471080765482,0.829815302958
0.469305651326,0.844327177096
0.471880263263,0.837730870083
0.47412255776,0.845646437208
0.47220558392,0.84168865514
0.472012989675,0.823218997676
0.47347281083,0.846965699838
0.473724732849,0.840369392983
0.469467535812,0.839050131769
0.469702943963,0.816622691136
0.470611401472,0.829815304059
0.47270496917,0.833773086914
0.472958433439,0.833773086599
0.476104293225,0.827176780845
0.466199327034,0.837730870555
0.464525104513,0.840369392825
0.466627518388,0.841688654668
0.471645008448,0.840369392511
0.46808250217,0.833773087386
0.467283684298,0.843007915567
0.476949987515,0.831134564487
0.468913037418,0.831134564958
0.464819321925,0.843007915882
0.470144887162,0.8324538257
0.473016107224,0.836411610285
0.469005799702,0.839050132712
0.465609866428,0.82058047572
0.4675038383,0.848284959793
0.465884899558,0.833773086442
0.467166711756,0.836411609656
0.46475729936,0.829815303745
0.465268670805,0.839050131769
0.463911238163,0.83641160887
0.466921377858,0.837730870241
0.468896150039,0.846965698737
0.470802996986,0.844327176781
0.467485867893,0.836411610128
0.462269583525,0.832453825386
0.461438583274,0.837730871027
0.462845556811,0.836411609656
0.468266847108,0.840369393297
0.468123856981,0.853562004805
0.464642560419,0.844327176624
0.467210572046,0.839050131297
0.467729677232,0.839050131454
0.464536374823,0.8324538257
0.463023034831,0.824538257946
0.463423369585,0.833773086442
0.466930982384,0.835092347656
0.464444959777,0.840369392983
0.46185899174,0.836411609341
0.464168928544,0.839050131454
0.467224853413,0.827176781317
0.46035365316,0.824538258418
0.460716809792,0.841688654196
0.462895124758,0.82189973599
0.467048959556,0.846965699366
0.464194753318,0.84168865514
0.463180414448,0.837730870555
0.463600666982,0.83113456543
0.463016794508,0.837730870083
0.463636153449,0.823218997204
0.463665251839,0.845646437523
0.462252880542,0.83641160887
0.460408736345,0.833773086442
0.459778210733,0.832453826172
0.461139307173,0.828496041745
0.463030532278,0.841688654196
0.462874344872,0.846965699995
0.463825515204,0.8337730877
0.463318763827,0.823218997204
0.46201366941,0.837730871027
0.460651969847,0.856200527547
0.461706141526,0.829815302801
0.463344324862,0.840369392511
0.465795037536,0.841688653882
0.463060512549,0.829815304059
0.462078205986,0.839050131769
0.462010948749,0.831134564801
0.465455665752,0.845646437366
0.461060187905,0.839050132241
0.459078262538,0.84168865514
0.459550470114,0.829815304216
0.459271681419,0.839050132241
0.46079937465,0.833773086914
0.461675400784,0.839050132712
0.460203403533,0.844327176309
0.459546458202,0.840369393454
0.461350911525,0.82453825889
0.459904305381,0.846965698579
0.46133909864,0.845646437523
0.461580443862,0.836411610285
0.462374604629,0.84960422195
0.461421810857,0.833773087858
0.459677237713,0.850923482692
0.457963766869,0.835092348599
0.459300012419,0.846965699995
0.459721032894,0.833773086914
0.461252074443,0.843007915253
0.461768141601,0.840369393454
0.459616966172,0.833773086914
0.460703344018,0.836411609027
0.461816989495,0.843007915882
0.45887903189,0.845646438781
0.458277761464,0.841688654196
0.460054688686,0.846965699051
0.458085300268,0.833773086442
0.459422416297,0.853562006063
0.460084344435,0.828496041745
0.460349896181,0.8324538257
0.460961752957,0.844327176938
0.459488687698,0.832453826015
0.459179414608,0.845646437837
0.459717967579,0.844327177567
0.460019979754,0.844327176152
0.458830983626,0.837730870083
0.456983083156,0.837730870712
0.457628173218,0.840369393926
0.460757367215,0.835092348599
0.458832223686,0.836411610285
0.458163776152,0.844327176938
0.459822711577,0.840369393454
0.457306395263,0.844327176152
0.458357506188,0.833773086442
0.460334779719,0.83773087087
0.458283372793,0.836411610285
0.457788255724,0.83113456543
0.459449180355,0.849604221007
0.458275179435,0.83113456543
0.45844555656,0.846965699208
0.459011709234,0.845646438309
0.456428295154,0.848284960737
0.458254336682,0.829815302958
0.458823962702,0.825857519946
0.459424349752,0.835092347656
0.458154765943,0.84300791541
0.458152426736,0.844327177096
0.457417547781,0.828496042845
0.457557543444,0.844327176624
0.458079811058,0.837730871499
0.458103379112,0.849604221007
0.458305202169,0.829815304216
0.457950383346,0.844327176624
0.457850692848,0.844327177096
0.457030861862,0.835092349071
0.457801765691,0.836411609499
0.458790479596,0.849604221164
0.457950485728,0.836411610128
0.457844516454,0.846965699995
0.456174403036,0.840369392983
0.457794232073,0.844327176624
0.457488893283,0.831134564644
0.456990535703,0.849604221636
0.45757642695,0.825857520103
0.456798315205,0.844327177567
0.457682450088,0.844327176781
0.459165735342,0.843007915095
0.456972502467,0.839050132241
0.458593364363,0.848284960737
0.457100731166,0.852242744378
0.456472132955,0.844327177567
0.455989361753,0.849604221793
0.457027273631,0.848284960737
0.456918225754,0.833773087071
0.456744401939,0.841688653724
0.456190383293,0.837730870555
0.45769371804,0.835092348599
0.45701867861,0.839050131769
0.456539988832,0.835092348599
0.457147074249,0.836411609656
0.457331221462,0.844327176152
0.456010321042,0.832453826172
0.457443756997,0.835092347656
0.456979966808,0.840369393926
0.455899450663,0.841688653882
0.456898432608,0.837730870555
0.456555151766,0.839050131769
0.457047481493,0.83641160887
0.457067344465,0.835092348914
0.457320132797,0.833773086442
0.45831159976,0.846965699051
0.456527757613,0.840369392511
0.454660216862,0.844327176624
0.455767592528,0.835092348599
0.456171941081,0.853562004805
0.455618714122,0.850923482221
0.456457543342,0.835092348128
0.458150570342,0.843007915882
0.456212258905,0.841688654983
0.456072837822,0.839050131769
0.457945087969,0.832453826487
0.456283533164,0.825857519632
0.456293125266,0.841688654196
0.455388015524,0.839050132241
0.454809248683,0.832453826644
0.456375026137,0.837730871341
0.457652510274,0.849604221164
0.455841996424,0.831134564644
0.455394321586,0.837730870555
0.455628248978,0.8324538257
0.455833673477,0.839050131926
0.456726996282,0.839050131769
0.456685611,0.832453826644
0.455535112475,0.844327177567
0.456627714917,0.841688654039
0.456515242682,0.840369392668
0.456144595681,0.845646438152
0.456481549152,0.835092348599
0.455442060581,0.854881266805
0.45489698444,0.837730871499
0.455566633188,0.833773087386
0.455552407101,0.849604221164
0.456625270812,0.843007915095
0.456593112534,0.831134564958
0.456416483919,0.835092347656
0.455440168488,0.852242744692
0.45506015129,0.854881267277
0.45590437874,0.831134564958
0.454944681995,0.854881266333
0.455802111481,0.845646437366
0.456942360249,0.833773086599
0.455651269739,0.821899736777
0.454404107499,0.845646438152
0.455952230733,0.843007915882
0.45634602659,0.837730870241
0.455935618258,0.840369393926
0.455171466503,0.837730871027
0.455000060058,0.835092349071
0.455210817757,0.844327177096
0.455578714059,0.843007915882
0.455597456338,0.845646438152
0.455961960365,0.837730871027
0.455442668895,0.832453825228
0.455972685348,0.831134564958
0.455916980247,0.837730870241
0.455103573982,0.845646438309
0.454975097192,0.828496042059
0.454823188385,0.845646438624
0.455351620362,0.856200528334
0.456112366868,0.825857519946
0.455265973206,0.843007915882
0.455563750462,0.83641160887
0.455270950115,0.846965699995
0.455975135744,0.828496042531
0.454792844825,0.841688654196
0.45466508966,0.840369392668
0.455455900104,0.846965699051
0.45564769519,0.840369392983
0.456599729357,0.856200527547
0.455432302247,0.846965698737
0.45507946351,0.8324538257
0.454987522008,0.839050131454
0.454677696278,0.83113456543
0.45524119513,0.839050131454
0.45566503448,0.83641160887
0.455287758939,0.833773087229
0.455771045666,0.84168865514
0.455031919605,0.845646437837
0.454455737388,0.837730870555
0.454697700792,0.835092347656
0.455066065675,0.841688654983
0.454756608739,0.845646438309
0.454730226371,0.831134564958
0.455405353713,0.849604221479
0.455027575229,0.833773086914
0.455494118633,0.840369392983
0.454771205744,0.833773086914
0.454994418612,0.837730870083
0.455077274887,0.841688654668
0.454748503766,0.848284959793
0.45405862907,0.840369393454
0.454477338803,0.840369392983
0.454565553678,0.835092347656
0.454343565221,0.846965699366
0.454073240229,0.854881265862
0.455280823176,0.843007916354
0.455743313543,0.837730871499
0.454894944043,0.8337730877
0.455058106961,0.841688653882
0.454405896582,0.83641160887
0.454380027065,0.848284961209
0.454730107476,0.828496042059
0.454941535688,0.839050131926
0.45458619733,0.843007914938
0.454044973827,0.840369393926
0.454212762121,0.843007915882
0.454710167914,0.831134564329
0.454793832469,0.850923483636
0.454997373445,0.832453826644
0.4543606933,0.844327176309
0.454555024258,0.828496041587
0.456061982857,0.853562005906
0.454430933206,0.835092348128
0.453934619798,0.843007915567
0.454128938803,0.83641160887
0.45517214252,0.856200528491
0.454203796261,0.833773086914
0.453999023482,0.85224274485
0.454673558238,0.835092347656
0.454260072167,0.837730871027
0.454518629253,0.839050131454
0.454571550157,0.8324538257
0.453911474795,0.83641160887
0.454223986823,0.843007916354
0.454230070979,0.836411610285
0.45448593351,0.84036939314
0.454817154398,0.846965699995
0.454499505912,0.831134564015
0.45414033367,0.840369393454
0.454329272531,0.846965699523
0.454526661254,0.839050132555
0.454985779162,0.84300791541
0.455167602266,0.850923482692
0.454392998546,0.828496042845
0.45379062221,0.844327176152
0.454549920905,0.857519789233
0.454414210093,0.837730871499
0.454091590753,0.836411610285
0.454050788779,0.820580475091
0.453692787713,0.843007916354
0.453863523724,0.839050131297
0.454142117563,0.835092348128
0.453921917089,0.849604221479
0.453837965598,0.8337730877
0.45411217134,0.840369393926
0.454332228544,0.829815303745
0.454345594374,0.845646437366
0.453969493548,0.835092348128
0.453548405919,0.844327176152
0.453521347219,0.84168865514
0.454220044581,0.840369392983
0.454645219139,0.837730871027
0.454386236328,0.835092348128
0.454470497401,0.849604222422
0.453925954556,0.837730871499
0.453499608902,0.837730870555
0.453564576077,0.852242744692
0.453709897312,0.827176780374
0.454342138327,0.845646438624
0.45438391442,0.850923482692
0.45432187259,0.835092349071
0.454503677137,0.825857519632
0.454184714282,0.843007916196
0.453468673934,0.828496042059
0.4531746811,0.846965699208
0.453659885005,0.835092347656
0.454604600067,0.846965699995
0.454273499883,0.836411609341
0.454389808989,0.827176781317
0.454323423727,0.844327176624
0.45352034778,0.82981530343
0.454042929537,0.828496041745
0.454343826758,0.837730870555
0.453923771281,0.846965699995
0.454335909012,0.831134564015
0.454100521542,0.853562005434
0.453340476688,0.846965699995
0.453834683883,0.848284961209
0.453656543764,0.825857520575
0.454008029445,0.845646437837
0.454172116078,0.835092349071
0.453828249884,0.833773086914
0.454055464598,0.831134564958
0.453342443091,0.841688653724
0.45405863772,0.840369392983
0.454092451639,0.845646437837
0.453899606866,0.839050131769
0.453792696263,0.835092347656
0.45339626412,0.840369393926
0.453750062115,0.845646438624
0.453452739835,0.84432717741
0.453199687136,0.85356200512
0.453414352321,0.833773087858
0.453563463719,0.839050131297
0.453955058451,0.835092348128
0.453864528589,0.840369392511
0.453476655137,0.841688653882
0.453915536561,0.846965699208
0.454100620306,0.840369393454
0.454241262655,0.846965699995
0.453750865912,0.845646437366
0.453357589905,0.843007916196
0.454132770957,0.836411609341
0.453906124846,0.841688654668
0.453373919848,0.832453825071
0.453842675466,0.837730870555
0.45371109027,0.84300791541
0.453481133742,0.848284960737
0.453735449383,0.840369393454
0.453387214829,0.852242744378
0.453385451145,0.837730871499
0.4536066579,0.829815304216
0.453558272296,0.850923482692
0.453707823181,0.83641160887
0.453829075227,0.848284959793
0.453635647225,0.835092347813
0.453414953793,0.844327177096
0.453228507948,0.829815303745
0.453767515896,0.853562006063
0.453115536701,0.841688654196
0.45309439561,0.848284960737
0.453285573576,0.846965698737
0.452994471568,0.84828495995
0.453072926614,0.833773086914
0.453807172486,0.840369392983
0.452986403631,0.84168865514
0.453163423765,0.840369393454
0.454073911842,0.828496042059
0.454147973366,0.844327177096
0.453481784282,0.840369392668
0.453314963777,0.84300791541
0.453009083749,0.835092347813
0.453377288847,0.837730870555
0.453942298103,0.841688654196
0.454068865421,0.848284960737
0.45330586424,0.828496042059
0.452968807208,0.836411609341
0.453215770246,0.846965699523
0.452971524566,0.816622690821
0.453062882524,0.848284960579
0.453298497955,0.82981530343
0.453601288449,0.848284961051
0.454357938826,0.841688654196
0.453370208004,0.833773086914
0.453006233263,0.844327177096
0.453359675124,0.846965699523
0.453601499189,0.84300791541
0.453861093773,0.840369392668
0.453281415798,0.843007916196
0.452988343849,0.844327176624
0.452730857367,0.841688654983
0.46453594729,0.831134564487
0.453793790693,0.843007916196
0.452530776526,0.839050132712
0.45222794066,0.845646438309
0.452222251247,0.823218997676
0.452751245694,0.841688654983
0.453144111073,0.844327177567
0.453457615778,0.848284960265
0.453325103959,0.843007914938
0.453090085596,0.839050132241
0.453307950245,0.843007916354
0.453142529231,0.84168865514
0.452983657336,0.828496042059
0.45274065313,0.833773086599
0.452919660977,0.848284960422
0.453113407604,0.839050132083
0.453002810871,0.848284961209
0.453153057039,0.841688654983
0.453542285591,0.84828495995
0.452987635199,0.846965699523
0.453026962312,0.84168865514
0.453262722036,0.853562005592
0.453161576178,0.829815302958
0.452973854927,0.835092348285
0.453126763606,0.835092348599
0.453334651396,0.829815303745
0.453279522368,0.840369392511
0.453399473806,0.829815302958
0.453349579607,0.829815304216
0.453379244988,0.833773087386
0.452973017041,0.839050132712
0.453041037815,0.839050132241
0.453111670105,0.831134564958
0.452954435883,0.852242743434
0.452871030978,0.832453826487
0.453028997205,0.829815303273
0.453090239012,0.840369393769
0.453407057357,0.831134564487
0.452898888129,0.836411609341
0.453182916056,0.841688653882
0.452872040876,0.841688653724
0.452808064332,0.835092348128
0.452864943205,0.829815303745
0.453199692483,0.836411609341
0.453289470918,0.844327176624
0.45302444547,0.837730870241
0.453107804532,0.845646438309
0.453244048404,0.850923482535
0.453104155045,0.849604222422
0.452930901878,0.836411609341
0.453186076046,0.837730871499
0.453018852306,0.841688653882
0.453081595394,0.828496042531
0.452787603662,0.850923482378
0.452482409952,0.833773086914
0.452877099407,0.84432717741
0.453509100745,0.825857520575
0.453657423286,0.84960422195
0.453278561774,0.837730871027
0.452952963774,0.832453825386
0.453155139191,0.829815302958
0.45290916875,0.840369393454
0.452686118262,0.843007915882
0.453099077405,0.832453826172
0.45305197338,0.843007916354
0.452716212238,0.839050132241
0.45307129763,0.84168865514
0.452719183113,0.836411609341
0.45275334428,0.835092348128
0.45298530299,0.835092348599
0.452995707932,0.841688653882
0.452549487746,0.837730871499
0.452798606695,0.83641160887
0.453265213243,0.84300791541
0.453784511869,0.843007916196
0.453016457111,0.846965698579
0.452673018293,0.831134564487
0.452469508613,0.841688654983
0.452702077366,0.844327176624
0.452426038427,0.850923483636
0.452655472196,0.823218996732
0.453100376676,0.828496042845
0.453013554255,0.848284960108
0.452891305757,0.840369392511
0.452623055132,0.843007914938
0.452609671845,0.829815304216
0.452909741757,0.8324538257
0.453099563207,0.836411609341
0.452585669574,0.829815303745
0.452628991377,0.831134565273
0.452838703636,0.849604221479
0.452774639652,0.843007916354
0.452615850598,0.85883904966
0.452918093013,0.835092348599
0.453469773514,0.844327176781
0.453408910841,0.831134564958
0.453004832554,0.844327177096
0.452743717108,0.836411609813
0.45230956466,0.845646437837
0.452362671927,0.831134564172
0.452603667424,0.84168865514
0.452749891772,0.833773087386
0.452887989836,0.858839050446
0.45262991006,0.82453825889
0.452434603803,0.839050131769
0.452747514349,0.839050131297
0.452812574941,0.831134565273
0.452664909545,0.840369392511
0.452748755981,0.836411609813
0.452504435362,0.840369392668
0.452644091168,0.840369393454
0.45281493424,0.841688653882
0.452980192639,0.840369393454
0.452973312077,0.831134564958
0.452935587526,0.828496042531
0.452918997541,0.843007915882
0.452878524886,0.835092348599
0.452744070647,0.831134564958
0.452707723019,0.824538259362
0.452660499116,0.840369392668
0.453052696892,0.825857519003
0.452788901518,0.86279683393
0.452857871719,0.828496042845
0.452680773817,0.840369392511
0.452587479337,0.833773086914
0.452629538435,0.844327177096
0.452639796803,0.835092348914
0.45275474672,0.845646438781
0.453300434949,0.820580474777
0.453216999376,0.850923483007
0.453181256877,0.832453826172
0.45237303189,0.846965699995
0.452320551102,0.831134564487
0.45271806588,0.835092349071
0.452757985658,0.836411609341
0.452576042244,0.832453826172
0.452471542012,0.840369393926
0.452587391582,0.836411609341
0.452739244165,0.840369392983
0.452754343248,0.840369393926
0.45277089313,0.84168865514
0.45256425979,0.844327176152
0.452471758099,0.833773086599
0.452412197646,0.852242744378
0.452460913199,0.833773087386
0.452448354076,0.836411609813
0.452446651176,0.841688654196
0.452575600949,0.836411609813
0.452627162506,0.827176781632
0.452517796475,0.861477573346
0.452755508369,0.836411609813
0.453070205757,0.844327176309
0.452749020349,0.844327177096
0.452481756896,0.841688654983
0.452536241832,0.841688653882
0.452277187464,0.840369393297
0.452421165865,0.827176781789
0.452501241717,0.848284961209
0.452706938998,0.84300791541
0.452811651305,0.846965699838
0.452922218393,0.833773086442
0.452711949562,0.849604221164
0.452469216016,0.837730870555
0.452246788467,0.845646438309
0.45262737183,0.840369392983
0.452568499268,0.833773087386
0.45278447489,0.83641160887
0.452790510843,0.840369393769
0.452555957366,0.843007914938
0.452724420694,0.844327177567
0.452556181552,0.843007916196
0.452448241943,0.839050131769
0.452536259053,0.824538258103
0.452649193735,0.837730870555
0.452730030215,0.84300791541
0.452534773733,0.831134565273
0.452527373007,0.833773087229
0.452345268078,0.844327176938
0.452607629796,0.844327176309
0.452750279674,0.843007915882
0.452574986738,0.828496041587
0.452753210288,0.845646437366
0.453751655871,0.841688653882
0.452746224356,0.835092349071
0.452122229935,0.841688654196
0.452362828723,0.844327177567
0.452698882463,0.852242743592
0.452401729718,0.839050131769
0.452459258895,0.850923483479
0.452360776452,0.83113456543
0.452431971605,0.829815302801
0.452203279907,0.844327176309
0.452363741901,0.839050131769
0.452691172861,0.829815302644
0.45251561721,0.850923482378
0.452461100977,0.833773087858
0.452325028213,0.832453826172
0.452532163711,0.839050132712
0.452698766556,0.831134565273
0.452782780718,0.835092349071
0.452637616751,0.850923483164
0.452629632717,0.828496042059
0.452393571116,0.832453826172
0.452705977775,0.841688653882
0.452356891888,0.832453825386
0.452225116438,0.836411609813
0.453013376542,0.850923483164
0.452611768151,0.833773086914
0.452172944131,0.835092349071
0.452176690102,0.849604221164
0.452459011512,0.841688654511
0.452577236774,0.819261214507
0.452366105642,0.836411609656
0.452493563491,0.828496041745
0.452571036083,0.854881266805
0.452238099792,0.827176781317
0.452455558296,0.850923482692
0.452551779929,0.829815302644
0.452668538902,0.836411609341
0.452282991919,0.837730871499
0.452260868295,0.840369392983
0.452345012046,0.83641160887
0.452728630528,0.82189973599
0.452315959657,0.84168865514
0.452323429896,0.848284960265
0.45229515048,0.844327176152
0.452444607476,0.844327176152
0.452560744845,0.840369393612
0.452654438472,0.844327176938
0.452655892967,0.840369393926
0.452363850888,0.854881266019
0.452265702797,0.819261214507
0.452568608727,0.84432717741
0.452850360158,0.846965699995
0.452426631957,0.835092349071
0.452105065606,0.832453825386
0.452133437574,0.84036939314
0.452456434201,0.837730870083
0.452372683856,0.82189973599
0.452369605331,0.841688654511
0.452484148945,0.82453825889
0.452235777963,0.841688654196
0.452341954438,0.835092349071
0.45245781877,0.836411609499
0.452535467129,0.836411609341
0.452387925188,0.840369393454
0.452281603791,0.839050132712
0.45218427208,0.841688654983
0.452219202682,0.833773086914
0.452723195024,0.844327177096
0.452542268231,0.827176780531
0.452356483345,0.829815304059
0.452437906907,0.843007915882
0.452243161469,0.843007916354
0.452367945837,0.837730870398
0.452438950696,0.84564643768
0.452379779325,0.844327176781
0.452150649398,0.835092349071
0.452222079432,0.831134564958
0.452488309161,0.825857519632
0.452679060301,0.846965699995
0.452594014774,0.840369392983
0.452540935344,0.823218997204
0.452672680167,0.83773087087
0.452530322808,0.831134565273
0.452206967688,0.846965699838
0.452175731552,0.835092348914
0.452238255723,0.837730871027
0.452159052159,0.853562004963
0.452340826038,0.84168865514
0.452259045163,0.848284960737
0.452609131786,0.840369393769
0.452716062991,0.84960422195
0.452343927288,0.831134564958
0.452209226453,0.833773086599
0.452387734422,0.840369392668
0.4523880742,0.839050131297
0.452336868856,0.829815302958
0.452294718464,0.836411609184
0.452430712752,0.846965699208
0.452326316239,0.845646438781
0.452350768612,0.836411609341
0.45241223311,0.850923482378
0.452167834408,0.821899735676
0.45232483839,0.820580474777
0.452907473871,0.844327176624
0.452123790822,0.835092348128
0.452020973596,0.844327177567
0.452155103234,0.844327177567
0.452207172688,0.839050132555
0.452147625053,0.827176780531
0.45234659841,0.845646438309
0.452428382667,0.836411609813
0.452583907462,0.860158311346
0.452237398612,0.837730870241
0.45211562994,0.836411609656
0.452066323688,0.849604221007
0.452263882025,0.840369392668
0.452375778815,0.844327177567
0.4523240353,0.828496042059
0.452487873213,0.845646438624
0.452243518546,0.83641160887
0.453145682497,0.84168865514
0.452482968805,0.844327177096
0.452144642068,0.824538258103
0.452033938707,0.841688653882
0.452052011103,0.824538259362
0.45196295217,0.840369392983
0.452020660711,0.83113456543
0.452167268715,0.837730871027
0.452524350863,0.843007915882
0.452409990859,0.832453826644
0.452135369221,0.827176780845
0.452340488384,0.846965699995
0.452287361458,0.835092347813
0.452274021813,0.844327176309
0.452086665542,0.84300791541
0.452350424273,0.840369393926
0.452325417294,0.835092349071
0.452160100981,0.860158310874
0.452499311486,0.829815304216
0.452218036853,0.846965699995
0.452104800373,0.849604221164
0.452218132787,0.848284960737
0.452270648568,0.835092347656
0.45220046748,0.836411609813
0.452129075741,0.849604221007
0.452283656062,0.841688654196
0.452163372317,0.839050132241
0.452307107345,0.839050131454
0.452214474257,0.835092347656
0.452181186321,0.832453826644
0.452187697302,0.840369392983
0.452200411335,0.854881266648
0.452187683306,0.835092348599
0.452273042661,0.841688654196
0.452351107132,0.839050132555
0.452477259183,0.854881266491
0.452448003132,0.835092349071
0.452204299712,0.852242743906
0.45239609244,0.833773086914
0.452289668425,0.836411609813
0.45214874779,0.840369393297
0.452231038214,0.843007914781
0.452185277731,0.835092348128
0.452147565605,0.840369392983
0.452104725239,0.827176780531
0.452079312468,0.854881267277
0.452185916397,0.83113456543
0.452211104943,0.832453826172
0.452232220399,0.840369392825
0.452263996595,0.835092348442
0.452323492095,0.832453825386
0.452079545146,0.85092348285
0.45204484046,0.84300791541
0.452426064769,0.832453826172
0.452270616642,0.840369393926
0.45222837299,0.827176781632
0.452434809353,0.835092348128
0.452183575146,0.833773086442
0.451973407596,0.846965698579
0.452074625089,0.840369393926
0.45232824765,0.844327177096
0.452110759344,0.839050132241
0.452013332642,0.839050132555
0.452032954523,0.856200527233
0.452239488706,0.823218997991
0.452225728211,0.857519788446
0.452347058577,0.83113456543
0.452212910028,0.835092349071
0.45209789512,0.83773087087
0.452067665107,0.846965698737
0.452042170282,0.850923482221
0.451981242776,0.829815302801
0.452083512944,0.840369393454
0.452184695996,0.839050131297
0.452286678678,0.841688654668
0.452205426932,0.833773086914
0.452055131225,0.832453826644
0.45208760231,0.8337730877
0.45218972732,0.837730870083
0.452171611125,0.846965699995
0.452427493551,0.848284960422
0.452959681249,0.828496041587
0.452151396501,0.856200528019
0.451844048846,0.840369392668
0.451740812658,0.849604221164
0.451935489448,0.828496041745
0.451935478204,0.85224274485
0.452156188384,0.84168865514
0.452103865493,0.832453826172
0.452023846886,0.845646437837
0.452077589438,0.833773087386
0.452266858719,0.852242744378
0.452260344356,0.846965699995
0.452184617991,0.835092349071
0.45208554076,0.832453826172
0.452162150343,0.831134564958
0.452358807297,0.84168865514
0.452555584876,0.835092347656
0.45223102233,0.848284961051
0.452112547011,0.845646437523
0.452012361826,0.852242743592
0.452127655295,0.829815303745
0.45208720969,0.843007915567
0.452019611025,0.843007915095
0.451948138529,0.848284960265
0.452033286595,0.833773087386
0.451940436791,0.852242743592
0.452064200174,0.824538259362
0.45201935397,0.825857520418
0.4520451329,0.852242743592
0.451938830768,0.835092348128
0.452245455933,0.839050131769
0.452355071548,0.84828495995
0.452162712498,0.828496042059
0.451999102466,0.849604221007
0.451936070711,0.840369393454
0.452001426654,0.840369392983
0.451893179351,0.84432717741
0.452048521086,0.819261213091
0.452043176169,0.839050131769
0.453161478672,0.836411609813
0.452249472405,0.846965699051
0.451990908243,0.841688653724
0.451891665251,0.820580474148
0.451973989409,0.841688653724
0.45203844798,0.837730871499
0.451903678496,0.840369392668
0.452010764925,0.823218997204
0.451977262554,0.827176780845
0.451995842847,0.84168865514
0.452117290849,0.82717678116
0.452290013629,0.849604221479
0.452080243181,0.84564643768
0.45210213106,0.84960422195
0.451950169097,0.828496042531
0.451882258726,0.862796833301
0.452114851777,0.831134565273
0.452234512269,0.84036939314
0.45207955529,0.827176780374
0.452068040113,0.857519788761
0.451965637603,0.837730871499
0.451931969943,0.844327177567
0.452019524134,0.832453826644
0.452027918953,0.849604221636
0.452111291972,0.84036939314
0.452302439861,0.852242743906
0.452067385091,0.833773087858
0.452022061184,0.840369392983
0.452131610904,0.840369393926
0.452315068497,0.845646437995
0.45211623495,0.846965699838
0.452019068921,0.837730870712
0.452010268586,0.833773086914
0.452092831714,0.850923482221
0.451981911559,0.827176781789
0.451942883491,0.832453826487
0.451958146054,0.832453826644
0.452046570174,0.839050131297
0.452026412953,0.839050132712
0.452095046521,0.846965699995
0.451974259675,0.839050131612
0.452053252814,0.837730870555
0.451982311806,0.854881266805
0.451872668354,0.839050132083
0.451961497675,0.839050132555
0.452123613974,0.853562005906
0.45228636658,0.843007915882
0.451992735385,0.831134564015
0.451747918978,0.848284961209
0.451770010598,0.829815302958
0.451880646098,0.841688654196
0.451941235556,0.82585751916
0.452092735151,0.857519789233
0.452027412313,0.835092348128
0.452090016613,0.84960422195
0.452192559956,0.841688654196
0.452205091793,0.841688654983
0.45217048076,0.829815302958
0.452118715699,0.832453826172
0.452060413549,0.829815304059
0.452063609868,0.837730871027
0.452013627284,0.837730870555
0.452247678604,0.831134564958
0.451955726562,0.846965699051
0.45210043107,0.827176781317
0.452109072171,0.844327177567
0.451891518048,0.841688654196
0.451824672776,0.84432717741
0.451903168948,0.843007914938
0.451986241938,0.841688654511
0.452156333307,0.850923483164
0.452106924044,0.843007916354
0.452245244329,0.836411610285
0.452140432077,0.848284960737
0.452031310756,0.832453825386
0.451964516438,0.845646437366
0.45209065292,0.841688654983
0.452104078984,0.829815304216
0.452140972136,0.841688654196
0.451960147843,0.845646438781
0.45182814856,0.832453826487
0.45197782809,0.841688653882
0.452131787281,0.846965698737
0.451885727826,0.825857520575
0.451954590928,0.835092348914
0.451997483783,0.839050131769
0.45191473162,0.84432717741
0.452241920544,0.83113456543
0.452213331546,0.837730870241
0.452171100476,0.846965699523
0.452164626688,0.848284960579
0.452017654844,0.841688654196
0.452073721112,0.841688654983
0.451997109013,0.846965698737
0.452033032921,0.839050132241
0.451801190118,0.846965699838
0.451920403733,0.844327176624
0.452036654257,0.843007915567
0.452100088147,0.828496043003
0.451950857696,0.846965699051
0.45184420749,0.841688653882
0.451875108606,0.839050131454
0.451993673411,0.845646438781
0.452257339275,0.829815302801
0.452050195284,0.840369392983
0.451840863457,0.839050131454
0.451907247855,0.841688654668
0.452157311436,0.827176781789
0.452194166529,0.848284959793
0.452058685172,0.84168865514
0.451955201837,0.843007916354
0.451923457409,0.844327176309
0.451824373101,0.844327176152
0.451818581307,0.83509234797
0.45201678578,0.828496042374
0.452032848288,0.850923482221
0.451914317532,0.827176780374
0.451899358497,0.835092348599
0.451838236685,0.845646437837
0.451865541432,0.839050132712
0.452015053235,0.846965699523
0.452151132762,0.845646437523
0.452079943428,0.839050131297
0.452040622448,0.832453826015
0.451995387084,0.845646437366
0.4519197885,0.840369393454
0.451818798337,0.841688654196
0.451911022135,0.844327176152
0.451968650705,0.841688654039
0.451896309853,0.845646437523
0.451910153542,0.840369393769
0.452006816864,0.837730870083
0.452008289366,0.836411609813
0.451842046193,0.845646438781
0.451935641998,0.849604221007
0.452001289123,0.831134564958
0.451956152601,0.84168865514
0.452002650358,0.839050131454
0.451854187297,0.844327177567
0.451757770022,0.829815303273
0.451849665208,0.85224274485
0.451859006152,0.844327176624
0.451948806919,0.840369393926
0.452003623455,0.836411609027
0.451816432709,0.832453826487
0.451849762085,0.832453825228
0.452135556763,0.833773086599
0.451982086441,0.840369392983
0.451857045332,0.837730870555
0.451835542681,0.849604221007
0.451786855123,0.831134564487
0.451958516814,0.849604221007
0.452025188305,0.825857520103
0.451988165328,0.825857520103
0.452072523829,0.848284960265
0.452062006126,0.836411610128
0.451833646577,0.825857519632
0.451759874821,0.831134565273
0.451978329776,0.825857519946
0.452116007147,0.843007914938
0.452067093201,0.828496042531
0.451916094742,0.835092347656
0.45189834105,0.829815304059
0.451903804861,0.84960422195
0.451919066088,0.82453825889
0.451884378701,0.844327176309
0.451908360056,0.836411610128
0.451930602025,0.84036939314
0.451977598321,0.841688654668
0.451926286585,0.821899735519
0.451925641786,0.84168865514
0.451891495244,0.843007915725
0.451902813286,0.843007916354
0.451934848895,0.841688653724
0.451881296716,0.836411609341
0.451811303957,0.84960422195
0.452025839946,0.837730870241
0.452016368312,0.84036939314
0.451926311748,0.841688654983
0.451825611195,0.840369393926
0.451850050358,0.817941952349
0.451838597301,0.833773086442
0.452070014772,0.84432717741
0.452024978116,0.827176781789
0.452028517594,0.846965699995
0.451998593703,0.835092348599
0.452138937164,0.849604221164
0.451974069852,0.840369392983
0.451787488599,0.836411609813
0.451728976968,0.835092348442
0.451877730975,0.840369393926
0.451988990908,0.83641160887
0.45195693273,0.852242744063
0.451756520133,0.832453825228
0.451800343701,0.824538257946
0.451877959171,0.848284960737
0.451867706464,0.833773086442
0.451885347395,0.84960422195
0.451896040924,0.83113456543
0.451705517272,0.832453825228
0.451886957113,0.849604222108
0.451853743015,0.857519789547
0.452004092979,0.83641160887
0.451837824486,0.848284960265
0.452143830092,0.850923482692
0.451977353612,0.828496042845
0.451986642579,0.854881266333
0.451836025809,0.840369393454
0.451741838675,0.839050131769
0.451769174325,0.840369393926
0.451775006852,0.845646438781
0.451819312053,0.844327176781
0.451839545943,0.829815304059
0.451817647684,0.840369392668
0.451739717521,0.843007915882
0.452004495192,0.857519788918
0.451967386426,0.829815302801
0.451954313193,0.833773087386
0.45198901953,0.843007916354
0.451939628708,0.843007916354
0.451902196086,0.840369393297
0.451878489794,0.852242743906
0.451940309246,0.843007916354
0.451921950465,0.836411609813
0.451903059017,0.831134564329
0.451802743771,0.850923483636
0.45183966531,0.845646438309
0.451953075885,0.832453826172
0.45196919906,0.843007915095
0.451792476517,0.840369393454
0.451863500405,0.831134564487
0.45183019399,0.845646438781
0.45191904871,0.839050132712
0.451907474164,0.853562004648
0.451801005092,0.825857520575
0.451755117615,0.856200528491
0.45181939745,0.828496042216
0.451892875273,0.846965698737
0.451739805827,0.835092347499
0.451792903972,0.833773087543
0.451944609273,0.84168865514
0.451986822651,0.841688654196
0.451936059545,0.831134564172
0.451851179858,0.836411609341
0.451827131035,0.84300791541
0.45189685919,0.831134564015
0.451956536336,0.841688654196
0.45190890326,0.833773086442
0.45179105379,0.846965699051
0.451902246727,0.841688653724
0.45187087707,0.82585751916
0.451727108465,0.844327177567
0.45182761546,0.823218997361
0.451859325249,0.836411609184
0.451829265951,0.853562005592
0.451788394385,0.828496042059
0.451859840145,0.846965698579
0.451845864979,0.836411609341
0.451886461365,0.825857520103
0.451774735092,0.829815303587
0.451862700539,0.84960422195
0.451774609278,0.837730871499
0.451828586552,0.840369393297
0.451880559915,0.839050131297
0.451919397374,0.829815302958
0.45214243646,0.83641160887
0.451669772335,0.846965699523
0.451572966135,0.848284961051
0.451589041461,0.836411610128
0.451715090108,0.861477573346
0.451891668711,0.840369392983
0.451892316263,0.844327177096
0.451874610617,0.832453825228
0.4517329428,0.852242743592
0.451749434257,0.827176780531
0.451876646611,0.83773087087
0.451792016272,0.831134564958
0.451849691078,0.836411609341
0.451927610784,0.836411609341
0.451929799485,0.839050132712
0.451814890222,0.836411610128
0.45178912466,0.837730870083
0.451826792436,0.845646438624
0.45177427005,0.833773087071
0.451730231261,0.835092349071
0.451752558547,0.841688653724
0.451861058187,0.829815303273
0.451841946485,0.837730871027
0.451933406746,0.835092347813
0.451831247137,0.849604221164
0.451933785447,0.843007915567
0.451877911204,0.85356200512
0.451815735067,0.844327176152
0.451743861223,0.84168865514
0.451749345558,0.832453826172
0.451730187776,0.841688653724
0.451757686119,0.833773086599
0.45202082254,0.837730870083
0.451874236476,0.843007914938
0.451791664227,0.848284961209
0.451842166975,0.837730871499
0.451889129301,0.831134564172
0.451807165209,0.841688654196
0.451871161568,0.828496042059
0.451765367648,0.857519789233
0.451745860809,0.832453826487
0.45175262979,0.84432717741
0.451818315209,0.844327176152
0.451681403497,0.839050131769
0.45170540797,0.8324538257
0.451703732592,0.839050131612
0.451756826413,0.835092348599
0.451835986492,0.843007916196
0.45186144664,0.844327177567
0.451734344374,0.841688654196
0.451847042525,0.845646437523
0.451772649244,0.827176780845
0.451725370337,0.856200527233
0.451737583627,0.831134564644
0.451828485114,0.848284960579
0.451835883482,0.841688654668
0.451873592777,0.852242743434
0.451758161856,0.841688654983
0.451742288227,0.82058047572
0.451805655591,0.8324538257
0.45189353226,0.850923482378
0.452019137333,0.845646438781
0.451774113332,0.843007914938
0.451665736597,0.829815303745
0.451780701533,0.844327177096
0.451848841437,0.839050131612
0.452084806632,0.839050131769
0.45173374361,0.82585751916
0.451571538769,0.846965699523
0.45162060676,0.828496041745
0.451629764565,0.839050131454
0.451730293224,0.831134564958
0.451899179447,0.837730870241
0.451913935213,0.844327176152
0.451906650551,0.841688654354
0.451791038692,0.833773087858
0.451807598404,0.846965699208
0.45173219098,0.837730870555
0.451712644981,0.836411609813
0.451822094521,0.82585751916
0.451697599133,0.848284960265
0.451799426827,0.829815303745
0.45174200365,0.829815303273
0.451694577382,0.845646438309
0.451752860895,0.829815302958
0.451719061366,0.844327176781
0.451743480555,0.831134565273
0.451672610161,0.852242744692
0.45167276507,0.843007915725
0.451767664786,0.841688654196
0.451749996806,0.845646438781
0.451763231081,0.845646437523
0.451919248834,0.837730871341
0.452003462333,0.849604221479
0.451788502192,0.8324538257
0.451763887047,0.846965698737
0.451642841179,0.836411609656
0.451654878644,0.846965699995
0.451635110504,0.825857519632
0.451713547386,0.854881267277
0.45179119887,0.829815303273
0.451790234502,0.839050132712
0.45176326395,0.831134564958
0.451814099085,0.840369392668
0.451786850405,0.837730871027
0.451779206148,0.844327177567
0.451731809997,0.833773086914
0.451657256854,0.836411609341
0.451705897546,0.835092348599
0.451716231639,0.853562004648
0.4516673081,0.827176780845
0.45168900364,0.850923483479
0.451749802973,0.837730871499
0.451751921926,0.829815303745
0.451819101629,0.833773087386
0.451819690048,0.852242743434
0.451805147458,0.821899736305
0.451841278252,0.848284959793
0.451800602722,0.824538259204
0.451715075915,0.837730870241
0.451637615393,0.837730871027
0.451685359736,0.821899735361
0.451704073078,0.84828495995
0.451798241772,0.852242744063
0.451746884311,0.833773086914
0.451940862359,0.839050132712
0.451745275379,0.831134564958
0.451607911757,0.846965699051
0.451584734042,0.850923483636
0.451630893358,0.84300791541
0.45169389413,0.837730870083
0.451827188988,0.82717678116
0.452029039803,0.864116094515
0.452018321347,0.840369392668
0.451641062948,0.849604221007
0.451606434694,0.854881266805
0.451562007373,0.825857520103
0.451677607672,0.845646438624
0.451855209305,0.835092347813
0.451832679299,0.8324538257
0.451673542525,0.839050132083
0.451680344139,0.840369393769
0.451794884686,0.835092347813
0.45186847873,0.84960422195
0.45171419942,0.835092347656
0.451635629332,0.840369392983
0.451673233572,0.839050131297
0.451708927239,0.845646438624
0.451775650629,0.828496041587
0.451792670429,0.841688653724
0.45166190523,0.84828495995
0.451627118135,0.845646437366
0.451664392426,0.845646438309
0.451766358831,0.827176780845
0.451801757935,0.837730870241
0.451803933819,0.821899735676
0.451717100861,0.84828495995
0.451726507307,0.833773086442
0.451662474462,0.837730870555
0.451655625196,0.832453826172
0.451740874543,0.839050131769
0.451805900301,0.836411610285
0.45166723725,0.841688654668
0.451687210625,0.839050132241
0.451730298414,0.835092348599
0.452138363371,0.844327177567
0.451721666985,0.82453825889
0.451589867591,0.846965698894
0.45172955257,0.833773087386
0.451668319256,0.819261213091
0.45178923003,0.870712401842
0.451687524533,0.839050131769
0.451645900203,0.846965699838
0.451613142104,0.845646438309
0.451665366545,0.841688653724
0.451805980743,0.843007915882
0.451725449757,0.844327177096
0.451688442822,0.831134564487
0.451719576262,0.839050132712
0.451787443227,0.84300791541
0.45166625401,0.827176780688
0.451695855186,0.844327177096
0.451703531918,0.846965698737
0.451749732359,0.82189973599
0.451644450898,0.845646438781
0.451581032028,0.835092347656
0.451649973764,0.831134564801
0.451792753859,0.841688654196
0.451736927819,0.852242744692
0.451649487884,0.836411609813
0.451669245093,0.839050131769
0.451623232824,0.849604221164
0.451646416121,0.827176780845
0.451657077568,0.84300791541
0.451778782232,0.845646437523
0.451747724516,0.829815302958
0.451691536601,0.845646437837
0.451686487192,0.828496042216
0.451700720277,0.832453825071
0.451675674689,0.843007915882
0.451650898815,0.827176780688
0.451676681992,0.839050131454
0.451708940686,0.833773087386
0.451747599252,0.831134565273
0.451651970441,0.848284961051
0.451685670262,0.831134564958
0.451820894722,0.827176781317
0.451829552965,0.84960422085
0.451745200283,0.840369393297
0.451715137367,0.839050131612
0.451637446723,0.845646437366
0.451609258444,0.832453826172
0.451736502566,0.837730870083
0.451679469728,0.837730871341
0.451702069481,0.840369393454
0.451742568557,0.837730871027
0.451751690505,0.839050131769
0.451708587068,0.839050132241
0.451677027667,0.831134564958
0.451652173946,0.854881266805
0.451709670803,0.840369393454
0.451664054142,0.844327176624
0.451677728847,0.845646437366
0.451647424289,0.839050131297
0.451676113388,0.829815303745
0.451760419126,0.853562005277
0.451765299787,0.829815303745
0.451576787438,0.83113456543
0.451574292378,0.850923483636
0.451633846618,0.83113456543
0.451692327739,0.843007915095
0.451632916141,0.83509234797
0.451575731107,0.846965699523
0.451652486595,0.836411610285
0.451693844591,0.832453826644
0.451627736041,0.825857519946
0.451691643898,0.843007915095
0.451690614066,0.839050131297
0.451735407429,0.841688654668
0.451741759412,0.841688654196
0.452479851041,0.833773086914
0.451786141597,0.832453825543
0.451654325375,0.825857520103
0.451508936593,0.825857520575
0.451483114964,0.831134564958
0.451619618329,0.839050132712
0.45172450662,0.841688654983
0.451849940348,0.836411609341
0.451823030974,0.825857520575
0.451704691771,0.849604221007
0.451656461863,0.836411609499
0.451710771838,0.832453825228
0.451702612528,0.84168865514
0.451666202268,0.841688653724
0.451596745558,0.835092347656
0.451610179328,0.848284960422
0.451614250294,0.828496042374
0.45169629994,0.850923483164
0.45174890851,0.8324538257
0.451683885189,0.837730871027
0.451658562651,0.8337730877
0.451614297632,0.83905013114
0.451707368869,0.828496042845
0.451671944916,0.852242743592
0.451633977701,0.832453826172
0.451683739402,0.837730870083
0.45164500519,0.836411610285
0.451614607607,0.832453825228
0.451577789629,0.836411610285
0.451604249609,0.841688654511
0.451741240113,0.845646438152
0.451677472933,0.825857519317
0.451658576176,0.853562004805
0.451652864825,0.852242743906
0.451695988864,0.841688654668
0.451682311407,0.839050132712
0.451680511787,0.836411610128
0.45170834574,0.840369392511
0.451624012245,0.846965698894
0.451649044938,0.840369392354
0.451651364722,0.828496042845
0.451650203061,0.846965699051
0.451705659914,0.840369392511
0.45179711986,0.833773087858
0.451682396489,0.840369392983
0.451592656821,0.841688653882
0.451600614513,0.831134564015
0.451692003767,0.844327176624
0.451661949265,0.843007914938
0.451637636703,0.836411609184
0.451650121203,0.837730871499
0.451604997262,0.837730871027
0.451572537422,0.839050131454
0.451686031979,0.836411609813
0.451726430639,0.844327176309
0.451664733148,0.835092349071
0.451654370982,0.845646437995
0.451630905703,0.832453825228
0.451583652823,0.841688653567
0.451615235422,0.841688654668
0.451688173578,0.845646438624
0.451656616536,0.831134564958
0.45167212031,0.836411609499
0.451816025777,0.846965698737
0.451682198173,0.8337730877
0.451658186938,0.840369393769
0.451698146898,0.837730871341
0.451679959146,0.844327177096
0.451617237131,0.84300791541
0.451595117203,0.849604221479
0.45163299509,0.846965698737
0.451689700023,0.828496043003
0.451624370502,0.829815302958
0.451632165067,0.833773087858
0.45157654839,0.852242744378
0.451619460904,0.82189973599
0.45171593912,0.831134564015
0.451673225237,0.837730870241
0.451586510858,0.848284960265
0.451585895861,0.82453825889
0.451590158615,0.836411609813
0.45166108657,0.845646437366
0.451645815121,0.829815303273
0.451732359964,0.846965698579
0.451648600655,0.839050131297
0.451665468691,0.835092348599
0.451717882798,0.839050132555
0.451641434966,0.836411609027
0.451635356943,0.837730871027
0.451627347746,0.846965698737
0.451604641994,0.836411609341
0.451663403052,0.836411609184
0.451737776281,0.853562005592
0.451715260508,0.831134565273
0.451651858308,0.858839050446
0.451612296079,0.837730871341
0.451608992622,0.840369392668
0.451605481963,0.82585751916
0.451642848099,0.835092348599
0.451662708241,0.837730870555
0.45161440827,0.844327177567
0.451702166437,0.840369392668
0.451682419922,0.837730871341
0.4515883829,0.845646437523
0.451641337224,0.848284961209
0.451695896154,0.835092349071
0.451601113839,0.8324538257
0.451577927475,0.845646438781
0.451627160125,0.836411609813
0.451706419991,0.850923483479
0.451672345636,0.844327177096
0.451563166597,0.835092347656
0.451593349508,0.839050132555
0.451668154596,0.84300791541
0.451702883659,0.832453825228
0.45169424303,0.833773087858
0.451635445171,0.845646437837
0.451567865063,0.828496043003
0.451592116683,0.843007916196
0.451605661485,0.829815302801
0.451612516412,0.833773086914
0.451650206049,0.83641160887
0.451655905134,0.848284960265
0.451643467185,0.836411609813
0.451678211897,0.844327176781
0.451641355781,0.846965699995
0.451607941638,0.84960422195
0.451657147552,0.839050131926
0.45156109797,0.836411609027
0.451589423465,0.836411609341
0.451602083555,0.827176781632
0.451647733321,0.848284961209
0.451659642062,0.841688654668
0.451601225185,0.837730870555
0.451540688097,0.837730871341
0.451537605955,0.84300791541
0.451572534198,0.835092348599
0.451578336215,0.846965699838
0.451653536832,0.835092348914
0.451626290747,0.849604221479
0.451663953333,0.82717678116
0.451648656171,0.844327176309
0.451607055274,0.833773086599
0.451551802476,0.835092349071
0.451588210298,0.837730870398
0.451665769309,0.836411610128
0.451744190543,0.839050131769
0.45165974751,0.835092348599
0.451542690593,0.836411609813
0.451569036318,0.836411609656
0.451661197208,0.849604221479
0.451657294519,0.853562006063
0.45157860074,0.833773086442
0.451571963079,0.844327176781
0.451608164801,0.829815302801
0.451576658792,0.849604221007
0.45153935635,0.849604221007
0.451556413973,0.825857520575
0.451599882272,0.846965699838
0.451607689143,0.846965698579
0.451620837944,0.844327176781
0.451674476462,0.844327177567
0.451606181335,0.821899735519
0.451527260696,0.835092348599
0.451534428587,0.837730870241
0.451587392504,0.846965699523
0.451619424417,0.83509234797
0.451630297311,0.836411610128
0.451662462667,0.857519789705
0.451637204845,0.819261213563
0.451665484732,0.835092348914
0.451565472109,0.841688654668
0.451613236622,0.845646438781
0.451568475578,0.839050131454
0.451574110104,0.843007915882
0.451622014389,0.841688653724
0.451612852887,0.836411609813
0.451623429881,0.848284961209
0.451673439751,0.839050132241
0.45156965564,0.841688654196
0.451584338041,0.833773087229
0.451608433887,0.839050131454
0.451550545195,0.841688654354
0.451534787709,0.840369392983
0.451553337178,0.843007915882
0.451563036851,0.849604221479
0.45161908865,0.827176781632
0.451599535653,0.850923482378
0.451650638694,0.829815303745
0.451719064983,0.857519788446
0.451687835766,0.833773086599
0.451641062869,0.843007916354
0.451616032772,0.841688653882
0.451623314918,0.840369392983
0.451516205057,0.835092349071
0.451533180271,0.846965699208
0.451582441072,0.827176780374
0.451590356223,0.837730871027
0.451576619161,0.837730870083
0.451571846071,0.83509234797
0.451611578936,0.833773087858
0.451616353756,0.846965699523
0.451610526655,0.853562005592
0.451523359187,0.840369393926
0.451526836701,0.836411609341
0.45164297069,0.844327177096
0.451743190002,0.827176780374
0.451691830143,0.840369393454
0.451627309294,0.831134565273
0.451557634688,0.832453826487
0.451658691847,0.833773087858
0.451566289157,0.846965699051
0.451605165539,0.833773087386
0.451636476693,0.84432717741
0.45160508777,0.827176780845
0.451591329241,0.848284960265
0.451619465622,0.832453826487
0.451645140126,0.852242744378
0.451632392123,0.828496041587
0.451700239745,0.839050132241
0.451580480252,0.828496042059
0.451558553921,0.839050131454
0.451659173638,0.840369393926
0.451661007071,0.84432717741
0.451561312208,0.84828495995
0.451509568024,0.8324538257
0.45150110676,0.844327176781
0.451515768637,0.845646437366
0.451565690909,0.843007915882
0.451719986889,0.844327176309
0.451801688108,0.827176781317
0.451596998681,0.831134564958
0.4515177926,0.843007916354
0.451532873519,0.835092348599
0.451527513898,0.835092348599
0.451563979674,0.845646438624
0.451716088604,0.84828495995
0.451597428888,0.828496042531
0.451563469024,0.827176780374
0.451539515191,0.839050131297
0.45156755493,0.839050132555
0.451561505059,0.835092348914
0.451652839819,0.84300791541
0.451635019289,0.845646438309
0.451573967855,0.829815302801
0.451592659258,0.833773087543
0.451661797344,0.852242743592
0.451584444905,0.835092348599
0.451692459451,0.833773087229
0.451754603977,0.839050132712
0.451586694469,0.8324538257
0.451558026365,0.839050131454
0.451532935876,0.853562006063
0.451561573942,0.844327176152
0.451790993242,0.832453825858
0.451683422192,0.841688653724
0.45150210848,0.844327176624
0.45149971761,0.835092347813
0.451544724228,0.821899736777
0.451551475437,0.844327176781
0.451555632271,0.833773086599
0.451572625787,0.84828495995
0.451690666358,0.835092348599
0.451593367437,0.824538258103
0.451495384478,0.845646437837
0.451507518191,0.828496042845
0.451543430382,0.857519789075
0.451586338178,0.843007915882
0.451577758805,0.833773087386
0.451558291598,0.84168865514
0.451588130249,0.844327177096
0.451626040847,0.831134564487
0.451638444904,0.843007914938
0.451642340752,0.848284960265
0.451595252139,0.849604221321
0.451523139247,0.839050132241
0.451565272418,0.829815304216
0.451509543569,0.840369393926
0.451574482987,0.839050132555
0.451652823306,0.854881265862
0.451619716228,0.840369392511
0.451544654558,0.852242744378
0.45160178042,0.840369393454
0.451530946591,0.837730870083
0.451501223374,0.833773087386
0.451528924829,0.837730870555
0.451699103954,0.827176781789
0.4517480628,0.833773087858
0.451676143034,0.823218997519
0.451477131303,0.837730870241
0.451465305835,0.846965699838
0.451508429167,0.835092348599
0.451640780258,0.832453826487
0.45168503482,0.848284960265
0.451650845265,0.832453826172
0.451487209402,0.844327177567
0.451480029598,0.82058047572
0.451478021441,0.848284961051
0.451486359879,0.839050132241
0.451598171037,0.835092348128
0.451634669996,0.837730871499
0.451593506934,0.837730870555
0.451593371054,0.845646437523
0.451560604777,0.84168865514
0.45159858992,0.841688654196
0.451566336966,0.846965698737
0.451589298594,0.828496042059
0.451576728148,0.844327176624
0.451623016737,0.837730871341
0.451578825319,0.825857519632
0.451589490619,0.843007916354
0.451530747332,0.837730870241
0.451528837467,0.835092347656
0.451547841126,0.841688654354
0.451583974987,0.843007916354
0.451551561777,0.837730871184
0.451577410692,0.833773087386
0.451627745871,0.837730870083
0.451546912772,0.844327176309
0.451550105631,0.839050131454
0.451575325944,0.845646438309
0.451661587391,0.828496042216
0.451557211558,0.845646438309
0.45156237947,0.837730870083
0.45152600145,0.850923482221
0.451489935764,0.844327177567
0.451558245754,0.827176780374
0.451589785654,0.835092348442
0.451552283559,0.84168865514
0.45150506347,0.835092348128
0.451498022337,0.836411609656
0.451577128002,0.836411610285
0.451580273051,0.848284959793
0.451538424693,0.844327176624
0.451542099107,0.819261212934
0.451566959906,0.84828495995
0.451575889751,0.831134564487
0.4515519404,0.839050131297
0.451575694896,0.829815304216
0.451603482377,0.843007915882
0.451509915744,0.835092347813
0.451522053979,0.846965699995
0.451558852259,0.837730870241
0.451618953792,0.832453826644
0.451565601266,0.835092349071
0.451568578038,0.836411609813
0.45162240748,0.835092348128
0.451524331576,0.839050131612
0.451560167178,0.843007915095
0.451593081641,0.837730870712
0.451596780078,0.841688654668
0.451492019489,0.839050131454
0.451502286664,0.821899735833
0.451529864743,0.835092348128
0.451550226491,0.841688654983
0.451599521184,0.840369392668
0.451567262175,0.831134564172
0.451565706006,0.836411609341
0.451539661843,0.843007916196
0.451531513228,0.840369392668
0.451544273655,0.837730871027
0.451542512408,0.829815302801
0.451508842939,0.841688653724
0.45151307715,0.84168865514
0.451468147357,0.83641160887
0.451468941876,0.839050131769
0.451515432398,0.839050132555
0.451570505832,0.837730870083
0.451648185074,0.84828495995
0.451645049067,0.835092348599
0.451606876932,0.835092348128
0.451538071154,0.844327176624
0.451590529532,0.841688654983
0.45155348556,0.845646437837
0.451566398773,0.846965699523
0.451610134585,0.816622692079
0.451577396144,0.845646438781
0.451590735554,0.83509234797
0.451531694401,0.84960422195
0.451506757799,0.833773087229
0.451531260262,0.839050132083
0.451545792315,0.828496041587
0.451551402071,0.835092348599
0.451561531637,0.846965699366
0.451595931538,0.840369393454
0.451575474327,0.83641160887
0.451519535918,0.833773086914
0.451577068987,0.84168865514
0.451607842559,0.84432717741
0.451485310664,0.8324538257
0.45149302113,0.844327176624
0.45155400022,0.82058047572
0.451576712028,0.840369393454
0.451513240158,0.843007914938
0.451589084552,0.831134564958
0.45161319471,0.83641160887
0.451521212555,0.835092348128
0.451545982059,0.852242743434
0.45157087494,0.835092348914
0.451597934663,0.829815302801
0.451563669265,0.820580475249
0.451476689615,0.828496042059
0.451460195012,0.835092348599
0.451562498993,0.820580475091
0.451556930284,0.831134565273
0.451509547815,0.845646437837
0.451526819716,0.835092347656
0.45155367381,0.845646438781
0.451569360212,0.837730871027
0.451543970756,0.844327176624
0.451672038648,0.837730870398
0.451562994546,0.824538258418
0.451456532787,0.848284961209
0.451453107407,0.833773086599
0.451516873132,0.833773086914
0.451581543778,0.840369393454
0.451556450616,0.848284961209
0.451559327051,0.837730870241
0.451543640493,0.833773086914
0.451518190568,0.846965698579
0.451481432902,0.829815302801
0.451512018263,0.841688654983
0.451594654363,0.84168865514
0.451588384552,0.839050132083
0.451616935176,0.840369393926
0.451538436803,0.8324538257
0.451515485476,0.844327176309
0.451529705902,0.824538258261
0.451619336033,0.846965699366
0.451619768363,0.846965698737
0.451546242888,0.839050131297
0.451559444373,0.839050131769
0.451526699878,0.832453826015
0.451504012211,0.828496043003
0.45152799679,0.83113456543
0.451596305993,0.835092347656
0.451601485149,0.829815302801
0.451511398548,0.846965699995
0.451522338634,0.843007915095
0.451499864656,0.827176781317
0.451501664983,0.836411609813
0.451521688527,0.854881267277
0.451550369448,0.844327177567
0.451585417373,0.831134565273
0.451580921704,0.853562006063
0.451571871903,0.820580474462
0.45157045299,0.8337730877
0.451587686753,0.848284961051
0.451541557947,0.837730870712
0.451493630623,0.833773086442
0.451466097445,0.839050132712
0.45145673409,0.835092347656
0.451489809792,0.828496042059
0.451526223276,0.837730871341
0.451545797426,0.843007915567
0.451522418566,0.843007916354
0.451518035344,0.850923482692
0.451485714607,0.823218998148
0.4514891565,0.837730870241
0.451510229494,0.848284961209
0.45154710228,0.819261213563
0.451505870649,0.836411610285
0.451704167282,0.824538259204
0.451610304749,0.840369392983
0.45150487813,0.825857519632
0.451459348044,0.833773087858
0.45146980748,0.846965699366
0.451509428056,0.84168865514
0.451486894512,0.845646437523
0.451503743047,0.846965699523
0.451521679798,0.836411609027
0.451566435967,0.849604221007
0.451480124431,0.824538257789
0.451521143278,0.831134564329
0.451530196736,0.858839049503
0.451523008164,0.827176781789
0.451524137153,0.852242744063
0.451519988929,0.836411610285
0.451525664109,0.829815303273
0.45148745187,0.839050132241
0.451488994986,0.839050132712
0.451529246836,0.8337730877
0.451580427961,0.839050132241
0.451562678436,0.841688653724
0.451569171726,0.836411610285
0.45152755636,0.846965699523
0.451553324282,0.849604222422
0.451560713685,0.84300791541
0.451508394961,0.837730870083
0.451516400227,0.831134564329
0.451559097912,0.84168865514
0.451617759812,0.837730870555
0.451542284055,0.864116095773
0.451497815058,0.831134564958
0.451482320681,0.83773087087
0.45150945542,0.840369392983
0.45146228951,0.833773086914
0.451503449505,0.84960422195
0.451544964612,0.836411609813
0.451563624011,0.844327177096
0.451549884984,0.835092348285
0.451533141111,0.843007916354
0.451522560736,0.828496041745
0.451530622146,0.844327177096
0.451544864983,0.840369392983
0.451525367344,0.835092348599
0.451556850313,0.839050131926
0.451522346851,0.835092349071
0.451494995632,0.844327176781
0.451504050427,0.835092347656
0.45150360701,0.844327177567
0.451507579761,0.849604221007
0.451491082328,0.8337730877
0.451468146413,0.831134565273
0.451491520084,0.837730871027
0.451489312668,0.844327176309
0.451489194166,0.832453825386
0.451550214775,0.835092348128
0.451519634604,0.835092347813
0.451543863578,0.828496043003
0.451552691906,0.839050131454
0.451529596365,0.829815303745
0.451501157164,0.843007914938
0.451495273289,0.832453826172
0.451507682693,0.836411609813
0.451493055022,0.845646438781
0.451523397403,0.833773087386
0.451533660725,0.849604222422
0.451518569898,0.831134564015
0.451520206667,0.854881267277
0.451475497286,0.832453826487
0.451520139907,0.845646438309
0.451528338455,0.833773087386
0.451527858944,0.839050132241
0.45148871898,0.837730871499
0.451475379964,0.84168865514
0.451473363471,0.831134564015
0.451506451519,0.841688654196
0.451546392214,0.843007915882
0.451520612734,0.848284959793
0.451459486598,0.833773087386
0.451519711901,0.837730871027
0.451522753075,0.837730870555
0.451515111414,0.832453825386
0.451557286497,0.841688654196
0.45154005525,0.840369393926
0.451496430941,0.831134564958
0.451487851843,0.827176781003
0.451499033729,0.849604222265
0.451500883203,0.840369393454
0.45151400574,0.829815303745
0.451464000824,0.824538258418
0.451487647984,0.85356200512
0.4515412118,0.823218997204
0.451469545904,0.841688654354
0.451489213589,0.840369393454
0.451519326358,0.836411609341
0.451529530705,0.828496041587
0.451616201599,0.858839050918
0.451525121377,0.833773087858
0.451494351855,0.832453826644
0.451513240709,0.828496042059
0.451524050302,0.837730870083
0.451521381539,0.83641160887
0.451510884752,0.843007916354
0.451509918654,0.829815303745
0.451534029362,0.839050132241
0.451516917875,0.833773087858
0.451514430442,0.843007914938
0.451480918871,0.835092347656
0.451539489242,0.845646438309
0.451530059048,0.827176781632
0.451480581452,0.853562004805
0.451513212479,0.836411609813
0.451502263231,0.839050132555
0.45154699463,0.852242744378
0.451524609626,0.841688653882
0.451507408103,0.848284960737
0.451516957113,0.831134564958
0.451519079447,0.839050132555
0.451532148749,0.84960422195
0.451539453699,0.832453825543
0.451601203167,0.839050132712
0.45156457171,0.837730871499
0.451531782943,0.825857520103
0.451490810569,0.825857520103
0.451504752315,0.85224274485
0.451506315325,0.832453825858
0.451485374593,0.840369392511
0.451504856505,0.832453825228
0.451581113807,0.852242743592
0.451541265429,0.845646437837
0.451516196092,0.82717678116
0.451454743546,0.846965698579
0.451514342451,0.844327177096
0.451512624689,0.833773086599
0.451493335116,0.837730871499
0.451473551564,0.837730870555
0.451477151669,0.837730870083
0.45149354963,0.844327176309
0.451570136094,0.836411609656
0.451564656713,0.836411609499
0.451483388218,0.846965699366
0.451498771091,0.841688654668
0.451512375262,0.846965699995
0.451522309264,0.828496041587
0.451520283021,0.845646438781
0.451526797934,0.840369393454
0.451517456676,0.837730871341
0.45145558383,0.840369393769
0.451446775868,0.839050132712
0.451461303832,0.848284960422
0.451474062607,0.828496041745
0.451498315485,0.854881265862
0.45158594833,0.836411609499
0.451521148625,0.8324538257
0.45151070122,0.839050132241
0.451509271102,0.839050131926
0.451496203924,0.828496042059
0.451609355164,0.832453826329
0.451586151658,0.835092347813
0.451487947108,0.829815302958
0.451500377586,0.82058047462
0.451564784415,0.856200527547
0.451502952223,0.841688653882
0.451480369691,0.845646437366
0.451468778317,0.843007914938
0.451473912337,0.829815303745
0.451520520496,0.837730871499
0.451530379482,0.837730871341
0.45147753155,0.8324538257
0.451468090111,0.835092348914
0.451470005166,0.843007915095
0.451489712129,0.83641160887
0.451485498757,0.83773087087
0.451486102431,0.83773087087
0.451530500421,0.840369393297
0.451569840587,0.839050131769
0.451506732872,0.856200527547
0.451519543624,0.840369392983
0.45151561538,0.837730871027
0.451495689893,0.835092347656
0.451505271772,0.835092347656
0.451475662732,0.843007914938
0.451452347565,0.837730870241
0.451470598854,0.828496042059
0.451469766119,0.837730871027
0.451460191159,0.817941953293
0.451460669019,0.856200527075
0.45145958206,0.829815302958
0.451447546403,0.837730871341
0.451479832856,0.836411609341
0.451484149002,0.848284960737
0.451532009016,0.829815302801
0.451539707373,0.841688654039
0.451488592851,0.835092348914
0.451470550415,0.832453825228
0.451503640586,0.841688654511
0.451608064779,0.844327176781
0.451596060104,0.840369392511
0.451584364855,0.827176780374
0.451502240742,0.821899736148
0.451423979529,0.849604221007
0.451409585872,0.833773086914
0.451469068477,0.833773086442
0.451504361504,0.840369392825
0.451530220955,0.845646438781
0.451523197987,0.832453826487
0.451526622266,0.825857520418
0.451488804691,0.848284961051
0.451435077316,0.83641160887
0.451442716383,0.841688654668
0.451454354465,0.840369393926
0.451459061895,0.823218996732
0.451476174011,0.848284959793
0.451520341761,0.83641160887
0.45156495914,0.84300791541
0.451529308839,0.837730871027
0.451504426455,0.84168865514
0.451462117066,0.839050132555
0.451479824206,0.827176780374
0.451481754044,0.832453826644
0.451459567905,0.852242743592
0.451470243899,0.843007915095
0.451499264835,0.840369393454
0.451561736636,0.846965699995
0.451544672093,0.857519789233
0.451604211236,0.832453826487
0.451522420689,0.837730871027
0.451460445855,0.829815302958
0.451419658349,0.835092347813
0.451444349849,0.82717678116
0.451444144535,0.846965699995
0.451435139752,0.828496042059
0.451436296617,0.850923483479
0.451484841376,0.845646437366
0.451549131748,0.837730871499
0.451546765884,0.837730870555
0.451498730202,0.839050131926
0.451465051847,0.828496042531
0.451480113579,0.843007915725
0.45151185549,0.832453826172
0.451467271216,0.840369393926
0.45145327702,0.831134564015
0.451440472716,0.853562005592
0.451481875062,0.828496042059
0.451493435296,0.846965698579
0.451495948599,0.823218997047
0.451536423927,0.839050131769
0.451571289027,0.845646438309
0.45147461509,0.840369392983
0.451482752068,0.84300791541
0.451504855798,0.839050131454
0.451549562112,0.82189973599
0.451525179566,0.846965699523
0.45147906979,0.836411609656
0.451440791341,0.844327176309
0.451448608436,0.828496042059
0.451459428409,0.827176781789
0.45149913674,0.828496041902
0.451552718485,0.860158310874
0.451557149044,0.839050132241
0.451507234322,0.845646437837
0.451488499198,0.828496041745
0.451450440217,0.832453826015
0.451453242264,0.850923482535
0.451453867563,0.837730871027
0.451445893515,0.829815304216
0.451476430594,0.841688654983
0.451554545705,0.83113456543
0.451580856045,0.839050131297
0.451541918878,0.836411609341
0.451503196775,0.835092348599
0.451496379514,0.845646438624
0.451440789454,0.835092348442
0.451434901648,0.832453826172
0.45145764884,0.835092347813
0.451469587698,0.846965699051
0.451446826666,0.839050132555
0.451461660044,0.828496041587
0.451463973931,0.850923482378
0.451476334739,0.831134564487
0.451491772028,0.837730871341
0.451473062303,0.82717678116
0.451459647247,0.835092348599
0.451482727691,0.843007915253
0.451502615355,0.846965699051
0.45152649134,0.832453825386
0.451508526123,0.844327177567
0.451518036759,0.846965699051
0.451550748858,0.831134564487
0.451498675629,0.843007915095
0.451488636257,0.844327176309
0.451475408272,0.845646437995
0.451489057264,0.852242743592
0.45146243805,0.829815304216
0.451452592117,0.840369393926
0.451701623469,0.831134564487
0.451580493935,0.849604221164
0.451460639531,0.828496041587
0.451451988522,0.837730870712
0.45144975956,0.846965698737
0.451439828231,0.823218996732
0.451471510931,0.849604221164
0.451484559944,0.840369393926
0.451461760932,0.827176780531
0.451440702799,0.835092347813
0.451447425582,0.841688654668
0.451467777305,0.835092348128
0.451445158129,0.846965698737
0.451463827829,0.846965699523
0.451460728387,0.835092348128
0.451465916115,0.839050132241
0.451463358226,0.8324538257
0.451459948966,0.843007915567
0.451508733874,0.845646438309
0.451516475873,0.835092348914
0.45151395565,0.84300791541
0.451492060772,0.841688654983
0.451482485184,0.832453825386
0.451459236384,0.8337730877
0.451496682176,0.84828495995
0.451491764321,0.841688653724
0.451511464915,0.837730871499
0.451516712561,0.829815303745
0.451527534814,0.84168865514
0.451472271873,0.835092348599
0.451415329778,0.83509234797
0.451420005204,0.824538259204
0.451448656088,0.850923483636
0.451441694218,0.833773087229
0.451445030977,0.844327176624
0.45148218374,0.839050132241
0.451498689469,0.843007916354
0.451463400374,0.839050131769
0.451491088855,0.840369392668
0.451475814024,0.837730870083
0.451508431998,0.839050132712
0.451477584707,0.835092347656
0.45145552454,0.835092347656
0.451442976662,0.845646437837
0.451441657889,0.852242744063
0.451433929887,0.841688654511
0.451429165133,0.83641160887
0.451434166891,0.841688654354
0.451476366193,0.813984169023
0.451519382346,0.840369393926
0.451460303527,0.835092349071
0.451444961622,0.846965699838
0.451467052141,0.836411610128
0.451445369694,0.846965698737
0.451431305946,0.833773086442
0.451471509908,0.828496042531
0.451521329955,0.846965698422
0.451475334985,0.836411609027
0.451505221997,0.840369393454
0.451515176837,0.839050132241
0.451458317073,0.846965699995
0.451436203828,0.849604221007
0.451458603694,0.832453826644
0.451470428847,0.829815303587
0.45150287296,0.829815304216
0.451497054981,0.835092348128
0.451448267557,0.837730870555
0.451437927094,0.845646438781
0.451461416121,0.829815304059
0.451499410858,0.831134564487
0.451487462014,0.850923483007
0.451475030671,0.839050131769
0.451441548431,0.831134564172
0.451452506564,0.840369393297
0.451427979881,0.846965699995
0.451436733665,0.837730870241
0.451466667935,0.827176781789
0.451451594723,0.837730870241
0.45145355743,0.843007915095
0.451456354326,0.829815304216
0.451471430173,0.835092348285
0.451478599244,0.844327176624
0.451493013188,0.840369392668
0.451503529948,0.829815303745
0.451458133148,0.852242744692
0.45147789252,0.846965699995
0.451475387827,0.846965699523
0.451421032952,0.841688654668
0.451419463887,0.840369393454
0.451511655131,0.840369392983
0.451509255533,0.843007915882
0.451448112962,0.836411609027
0.451440994217,0.829815303587
0.451418119244,0.850923482063
0.451475221752,0.849604221164
0.451460011402,0.827176780845
0.451464279346,0.846965699995
0.451493087262,0.846965698579
0.451478129641,0.841688654668
0.451453541074,0.848284960265
0.451479995156,0.85356200512
0.451479590505,0.845646438309
0.451467734567,0.83113456543
0.451447813366,0.846965699995
0.451449510133,0.844327177567
0.451443839514,0.850923483321
0.451424331967,0.836411610285
0.451411910296,0.845646438781
0.451428812223,0.824538257946
0.451458079205,0.837730871499
0.451486366877,0.828496041587
0.45148206685,0.845646437366
0.451483000787,0.827176780531
0.451481715985,0.837730870555
0.451474894634,0.836411610128
0.451487591367,0.84300791541
0.451453957677,0.841688654196
0.451456719621,0.84828495995
0.451460787048,0.839050131926
0.451460634341,0.832453825386
0.451483861438,0.839050132083
0.451476500972,0.832453826487
0.451471784341,0.836411609027
0.451460900124,0.828496042845
0.45150448952,0.84036939314
0.451485921415,0.84168865514
0.451458460895,0.833773086914
0.451420202733,0.844327177567
0.451405117254,0.837730871499
0.451444986077,0.837730871027
0.451503127263,0.843007916196
0.451498169855,0.843007916196
0.451471858415,0.827176780531
0.451457945684,0.837730870555
0.45152239875,0.839050132241
0.451437716591,0.853562006063
0.451445236684,0.844327176152
0.451456337224,0.833773087858
0.451477851905,0.83113456543
0.451485796544,0.840369392983
0.451519555184,0.825857520103
0.451500398345,0.833773086599
0.45146253477,0.836411610285
0.4514715357,0.844327177567
0.451504139126,0.848284960265
0.45150968283,0.825857520575
0.451456282887,0.839050131454
0.45143886921,0.833773086914
0.451436741528,0.8337730877
0.451442333513,0.827176780531
0.451447631092,0.839050132241
0.45146706315,0.839050132241
0.451468799155,0.843007915882
0.451464897095,0.831134565037
0.451451971459,0.841688653724
0.45146070173,0.840369393926
0.451450237813,0.84960422195
0.45146374086,0.8324538257
0.451504377938,0.853562006063
0.451473811371,0.836411609813
0.451430783187,0.833773086914
0.451437279228,0.852242743434
0.451448303493,0.837730870241
0.451434843616,0.837730871341
0.451470390788,0.840369392511
0.451476623169,0.843007915882
0.451430244307,0.84168865514
0.451425253559,0.841688654983
0.451439082151,0.839050131612
0.451435095245,0.846965699523
0.451455495131,0.839050131769
0.451469114085,0.83641160887
0.451472930512,0.829815304216
0.451515573153,0.836411609341
0.451490529216,0.8337730877
0.451450229949,0.843007915253
0.45143719163,0.840369393454
0.451441198116,0.835092349071
0.451417543643,0.843007916354
0.451398034445,0.821899736305
0.451445265621,0.844327177567
0.451496395712,0.839050132241
0.451654322701,0.833773087386
0.451535307795,0.84828495995
0.451488725114,0.821899735519
0.451423177933,0.841688654196
0.451402569273,0.837730870083
0.451411410105,0.8324538257
0.451459464659,0.828496041587
0.451438256965,0.841688653724
0.451428778096,0.843007914938
0.451470486407,0.837730871499
0.451487487806,0.843007915882
0.451468108512,0.828496042531
0.451446119745,0.827176780374
0.451479502592,0.849604221479
0.451460907516,0.846965698737
0.451467408511,0.827176781789
0.451466025809,0.828496042216
0.451454826191,0.837730870555
0.451484513471,0.836411609813
0.451444255724,0.841688653882
0.45144829618,0.831134564487
0.451446909467,0.84300791541
0.451433562037,0.841688654983
0.451448118309,0.850923483636
0.451441142993,0.823218997676
0.451456393761,0.835092348128
0.451472590813,0.841688653724
0.451486582177,0.832453825228
0.451454598231,0.843007915567
0.451420274448,0.831134564329
0.451434999311,0.841688653724
0.451436919556,0.829815304059
0.451476543591,0.831134564015
0.451459607537,0.83641160887
0.451463070425,0.853562005592
0.451457310321,0.846965698579
0.45141682477,0.837730870555
0.451416207178,0.840369393926
0.451427318647,0.846965699051
0.451444296456,0.825857520103
0.451476520473,0.833773087386
0.451498629078,0.845646438781
0.45145287001,0.841688654668
0.451475680818,0.837730870555
0.451479255485,0.829815302958
0.451464165012,0.836411609341
0.451456788033,0.845646437837
0.451474641275,0.839050131297
0.451460254067,0.844327176466
0.451426661581,0.843007915882
0.451411534111,0.84300791541
0.451415400392,0.843007916196
0.451426361198,0.832453826644
0.451427277915,0.840369393926
0.451431352891,0.829815303745
0.451437188249,0.845646438309
0.451448018287,0.837730871499
0.451438264592,0.828496041745
0.451451239611,0.846965699838
0.451490771645,0.836411609813
0.451476992985,0.837730871341
0.45145393621,0.846965699051
0.451442036041,0.853562005592
0.451436281283,0.832453826644
0.45144290998,0.846965698737
0.451491490518,0.827176781789
0.451467364319,0.837730871499
0.451438451348,0.839050132083
0.451434276349,0.836411609499
0.451419512011,0.835092348757
0.451439993363,0.841688654668
0.451434171137,0.843007915095
0.451419985074,0.837730871027
0.451402801283,0.844327177096
0.451423661218,0.841688654196
0.451441159113,0.83113456543
0.451469545393,0.840369393454
0.451492198854,0.844327177096
0.451487181684,0.817941952821
0.451472620064,0.857519789075
0.451432821304,0.81530342945
0.451428684639,0.844327176309
0.451434104455,0.835092348128
0.451429215538,0.835092347656
0.451446951537,0.844327177096
0.451444202803,0.835092347813
0.451482676736,0.845646437523
0.451476080908,0.829815302801
0.451464264877,0.839050132712
0.451454703286,0.831134565273
0.451422287087,0.840369393926
0.451438240137,0.83641160887
0.451433784257,0.828496042845
0.45145479859,0.846965699838
0.451465011744,0.837730870241
0.451487237475,0.843007915882
0.451435826542,0.827176781632
0.451449366704,0.839050132712
0.451431294702,0.84960422195
0.451443386738,0.833773087229
0.451447260411,0.839050132241
0.451460360694,0.841688653724
0.451445054017,0.832453826644
0.451458405379,0.843007916354
0.451420127245,0.839050132241
0.451421364631,0.82585751916
0.451427610694,0.841688654196
0.451465872709,0.839050132241
0.451449339811,0.833773086442
0.451469825016,0.852242744378
0.451447197504,0.831134564487
0.451445261061,0.836411610285
0.451435226878,0.82585751916
0.451441884041,0.853562006063
0.451430622537,0.824538258261
0.451495593173,0.84960422195
0.451488563757,0.83509234797
0.451453062664,0.852242743906
0.451422226775,0.829815303273
0.451427178521,0.827176780688
0.451440122323,0.843007915725
0.451459043416,0.831134564958
0.451424612848,0.843007915095
0.451444145243,0.829815304216
0.451415806222,0.850923482378
0.451440557641,0.852242743592
0.451478290055,0.843007916196
0.451481136137,0.846965699523
0.45148331265,0.84300791541
0.451469847819,0.839050132241
0.45143059305,0.846965698737
0.451417602304,0.824538259204
0.451427224758,0.850923483479
0.451427729274,0.841688654668
0.451431743545,0.852242743906
0.451437625769,0.837730870241
0.451483030197,0.820580474305
0.451485035366,0.844327176309
0.451419559506,0.82717678116
0.451382165927,0.84960422195
0.451406738374,0.828496042059
0.451422921035,0.856200528491
0.45146323996,0.839050131454
0.451451529378,0.848284961209
0.451432949006,0.837730871027
0.451457781417,0.844327177096
0.451455531539,0.848284960737
0.451468755749,0.836411610285
0.451436719668,0.835092348599
0.451458753807,0.841688653882
0.451464194342,0.829815303745
0.451455514082,0.856200527075
0.451434471676,0.83113456543
0.451436649526,0.841688654039
0.451419096823,0.840369392825
0.451441201497,0.843007914938
0.451429277737,0.837730871027
0.451441641848,0.843007916354
0.451458636013,0.825857520103
0.451416259391,0.844327176152
0.451427633341,0.846965699995
0.451429867493,0.839050131769
0.451441997431,0.84432717741
0.45145250043,0.832453826329
0.451458386389,0.832453825386
0.451460922614,0.850923482692
0.451436806244,0.836411610285
0.451409224313,0.840369393454
0.451408578727,0.836411609813
0.451436439652,0.835092347656
0.451458182058,0.843007915095
0.451435531192,0.828496042531
0.451427269422,0.837730871341
0.451418609449,0.827176780845
0.451436518994,0.844327176624
0.45146888809,0.835092349071
0.451449759717,0.827176780374
0.451442722438,0.835092348128
0.45144702734,0.854881266333
0.451417890419,0.82058047572
0.451415461569,0.829815304059
0.451400575113,0.843007916354
0.451409251363,0.823218996575
0.451398006844,0.850923483636
0.451397937332,0.839050132555
0.451416177218,0.846965699523
0.451428436195,0.835092349071
0.45144295315,0.837730871027
0.451454916227,0.820580475091
0.451451597082,0.841688653882
0.451460529679,0.833773086599
0.451443376673,0.845646437837
0.451419055855,0.827176781317
0.451406639924,0.85224274485
0.451434658511,0.849604222422
0.451490918769,0.832453826172
0.451447841517,0.845646437523
0.451432885234,0.841688653882
0.45142254257,0.825857520575
0.451445172991,0.833773086442
0.451464987682,0.831134564329
0.451447102514,0.841688653567
0.451406550282,0.837730871341
0.451384577674,0.844327177567
0.451388352779,0.837730871341
0.451422800804,0.836411609499
0.451427480633,0.836411609341
0.45146676324,0.848284961209
0.451443872068,0.832453825228
0.451410474044,0.858839050918
0.451402787483,0.848284961051
0.451414752486,0.839050131454
0.451468002906,0.835092347656
0.451511453985,0.848284960579
0.451491528341,0.82189973599
0.451440171547,0.82717678116
0.451419463258,0.857519788761
0.451405802707,0.832453826644
0.451414811344,0.833773087858
0.451428160032,0.823218997204
0.451467553041,0.841688654354
0.451445510331,0.846965698737
0.45148940577,0.835092348128
0.451435184337,0.832453825386
0.451407513077,0.837730871341
0.451420419292,0.840369392983
0.451432759419,0.836411609027
0.451467208623,0.835092349071
0.451529426436,0.831134564329
0.451470437968,0.844327177096
0.451443689008,0.829815303587
0.451448440237,0.833773087858
0.451389170416,0.840369392668
0.451418547564,0.823218997519
0.451413023834,0.840369392511
0.45139528233,0.850923483636
0.451419480715,0.831134565273
0.451419423155,0.839050131297
0.451436558783,0.841688653724
0.45143549738,0.837730870555
0.451445623721,0.845646438624
0.451452828334,0.828496041745
0.451414215769,0.846965699523
0.451388027313,0.839050131769
0.451397049946,0.831134564958
0.451398245577,0.835092348599
0.45140005542,0.840369392668
0.451407263336,0.840369393612
0.451419043195,0.837730871341
0.451453465428,0.840369392983
0.45143372827,0.848284961051
0.451415071937,0.836411610285
0.45140062709,0.85092348285
0.451427239541,0.825857519789
0.451449255516,0.848284959793
0.451442177346,0.825857520418
0.451433619361,0.845646437366
0.451446134214,0.837730870083
0.451440826255,0.840369393926
0.451434059476,0.840369393769
0.451422709274,0.844327176938
0.451420131412,0.846965699995
0.451428366211,0.828496042374
0.451431446151,0.840369392511
0.451430614202,0.854881266805
0.451403841966,0.84300791541
0.451455696985,0.843007915095
0.451433906848,0.839050132241
0.451473466639,0.844327176781
0.451432056273,0.843007915882
0.451401232572,0.840369393297
0.451402318981,0.839050131297
0.451393322139,0.843007914938
0.451416884846,0.839050132241
0.451431889057,0.844327176309
0.451430258776,0.827176780845
0.451481754044,0.828496042531
0.451461167166,0.833773087386
0.451451966111,0.84168865514
0.451427318175,0.831134564015
0.451404429677,0.846965698422
0.451421883065,0.840369393926
0.451396518773,0.844327176624
0.451404342787,0.835092348599
0.451406647316,0.841688654668
0.45142947731,0.833773086442
0.451415299111,0.84960422195
0.451462514954,0.843007915095
0.451487257015,0.850923482378
0.451447369949,0.8324538257
0.451426541585,0.840369392983
0.451394682981,0.824538257789
0.451393623308,0.848284961051
0.451469849392,0.849604221479
0.451481375814,0.837730871341
0.451472241363,0.828496042845
0.451407868818,0.840369392511
0.451412006072,0.840369392983
0.451419222795,0.829815304216
0.451407220873,0.846965699208
0.451380698379,0.837730871499
0.451414714073,0.835092347656
0.451442028728,0.831134564487
0.451440577811,0.856200528019
0.451452454351,0.820580475091
0.451450927276,0.849604221479
0.451431135389,0.841688653882
0.451412618396,0.835092347656
0.45140238409,0.836411609341
0.451388454768,0.845646437523
0.451392851829,0.839050132712
0.451436785485,0.845646437366
0.451426021578,0.836411610285
0.451415046932,0.840369393926
0.451446264904,0.832453826015
0.451474596454,0.839050132555
0.451427555965,0.844327176309
0.451402487415,0.841688654983
0.451398284265,0.84432717741
0.451401802984,0.846965699523
0.45140400348,0.824538258103
0.451404043269,0.840369393926
0.45147206475,0.833773087858
0.451491334193,0.835092348599
0.451470984003,0.84300791541
0.451414194931,0.831134565273
0.451414912113,0.843007915095
0.451404078183,0.84960422195
0.451437475499,0.833773086285
0.451426711435,0.836411609813
0.451434663701,0.829815302801
0.451405858459,0.837730870555
0.451393876274,0.843007915095
0.451380040919,0.841688654668
0.45139236933,0.83113456543
0.451394912907,0.835092348128
0.451460249663,0.839050131454
0.451445151602,0.843007915882
0.451462901991,0.832453826487
0.451477639672,0.839050132241
0.451426384002,0.848284960579
0.451406365491,0.836411610285
0.451421783515,0.841688654196
0.45139043328,0.827176780374
0.451388682256,0.843007916354
0.451389254948,0.844327177096
0.451389354892,0.840369393454
0.451419767415,0.841688653724
0.451437640001,0.83641160887
0.451423302961,0.849604221007
0.451436346785,0.84696569968
0.451417972041,0.844327177096
0.451435110814,0.831134564487
0.451428098226,0.837730870083
0.451424379619,0.837730871341
0.451469575313,0.839050131454
0.451455908275,0.843007915567
0.451448159907,0.844327176781
0.451436176149,0.828496042059
0.451449933341,0.829815303745
0.451429746082,0.840369393926
0.451402851806,0.828496042059
0.451402055163,0.845646438781
0.451409388343,0.833773086285
0.451405378162,0.836411610285
0.45140916864,0.841688653882
0.451398256586,0.825857520103
0.451430520313,0.852242744378
0.451462404552,0.837730871341
0.451466685392,0.841688654983
0.451415126588,0.839050132555
0.451392587854,0.85092348285
0.451422569305,0.853562006063
0.451404184811,0.836411610128
0.451441127738,0.831134564487
0.451462637073,0.849604221164
0.451442227829,0.836411610128
0.451418262594,0.833773086914
0.451413310533,0.833773087858
0.451398558069,0.835092348442
0.451412596536,0.844327177096
0.451393694708,0.828496041745
0.451380736752,0.839050132241
0.451389431324,0.825857520575
0.451393701785,0.850923482692
0.451387768056,0.833773087858
0.45140298627,0.837730871499
0.451396080624,0.83641160887
0.451439322063,0.845646437837
0.451443751443,0.832453826015
0.451428083442,0.84828495995
0.451408235646,0.846965699523
0.451435916971,0.831134564801
0.45143982886,0.846965699523
0.451440432691,0.833773086599
0.451433089525,0.823218998148
0.451409817528,0.845646437523
0.451422373192,0.846965699523
0.451421048679,0.836411609341
0.451403568791,0.835092348914
0.45140902584,0.833773086599
0.451408879895,0.836411610128
0.451409200565,0.837730869926
0.451474943859,0.839050131926
0.451459671467,0.840369392668
0.451404003166,0.828496042845
0.451383714311,0.831134564172
0.451371071521,0.849604221793
0.45140390739,0.844327177096
0.451401000602,0.840369393454
0.451406798765,0.849604221636
0.451407497822,0.843007915567
0.451441140791,0.832453825386
0.451427613446,0.832453826172
0.451506697251,0.833773087858
0.451431883474,0.846965698737
0.451390672249,0.833773086599
0.451365513899,0.823218997204
0.451375394352,0.84828495995
0.451378077347,0.82453825889
0.451402798806,0.84828495995
0.451421838873,0.839050132241
0.451405194158,0.833773086442
0.451423370193,0.837730871027
0.451429363448,0.844327175995
0.451418518548,0.846965699051
0.451426364658,0.845646438624
0.451451293318,0.835092348914
0.451424592089,0.850923482378
0.451461602956,0.835092347656
0.451476035065,0.839050131297
0.451422889346,0.83641160887
0.451410961654,0.835092348128
0.451412323911,0.845646437837
0.451421006059,0.836411609813
0.451421360856,0.849604221793
0.451412171676,0.837730871027
0.451411999782,0.845646438781
0.451418080399,0.844327176152
0.451438289126,0.841688654354
0.451439812032,0.848284961209
0.451427672029,0.840369392668
0.45140775299,0.837730870555
0.451398414248,0.843007916354
0.451404354503,0.831134563857
0.451414836114,0.852242744378
0.45140066389,0.832453826015
0.451407565133,0.837730870241
0.45144904745,0.819261213878
0.451443675326,0.840369392983
0.451434024091,0.849604222422
0.4514158144,0.858839049503
0.451415199875,0.835092347813
0.451409776796,0.837730870398
0.451434505332,0.843007915095
0.451397300238,0.843007916354
0.451368080988,0.84300791541
0.451384326556,0.831134564172
0.451379794716,0.843007914938
0.451396709696,0.840369393454
0.451390702366,0.849604221007
0.451397582377,0.853562005906
0.451404966905,0.828496042216
0.45140654061,0.831134564487
0.451395931376,0.848284960579
0.451418138588,0.824538258103
0.451445666813,0.84828495995
0.451420381311,0.836411610285
0.451401073574,0.839050131454
0.451404016927,0.836411609341
0.451433552758,0.852242743434
0.451418011122,0.831134564958
0.451395150539,0.839050132083
0.451392074374,0.833773086599
0.451394792282,0.839050131769
0.451388384075,0.828496042059
0.451385443003,0.831134564958
0.451393389922,0.836411610285
0.451375748677,0.844327176624
0.451408665578,0.84168865514
0.451401518093,0.844327177096
0.451397208708,0.846965699051
0.451417147799,0.837730870083
0.451402389358,0.840369393926
0.451406841464,0.840369393926
0.451418336432,0.839050132712
0.451439954832,0.831134564487
0.451437599977,0.837730871499
0.451419167987,0.829815303273
0.45141380868,0.849604222422
0.451422335133,0.84432717741
0.451414023981,0.837730871027
0.451405244641,0.844327176152
0.451409881143,0.836411609813
0.451405764255,0.845646438624
0.451422709588,0.837730870083
0.451410934683,0.828496042531
0.451387610316,0.839050132555
0.451386041723,0.837730870555
0.451391631113,0.837730871499
0.451396669121,0.831134564958
0.451414035304,0.832453826644
0.451416706347,0.841688654039
0.451434055859,0.837730870555
0.45139752694,0.84300791541
0.451388131817,0.829815302644
0.451410980055,0.832453825228
0.451425533417,0.836411609499
0.451416073814,0.832453826487
0.451408559933,0.849604221636
0.451386616538,0.833773086914
0.451382210198,0.831134564958
0.451418645149,0.849604222422
0.451441358529,0.839050132712
0.451450026208,0.832453826487
0.451433070574,0.825857519317
0.451400028448,0.840369392983
0.451390064801,0.843007914938
0.451370955143,0.832453825228
0.451402313477,0.846965699051
0.451406215536,0.835092348599
0.451451476693,0.840369393297
0.451440402732,0.854881266333
0.451429952654,0.83113456543
0.451427589306,0.85092348285
0.451407399687,0.824538257946
0.45137454762,0.837730870241
0.451386914876,0.840369393926
0.451417641699,0.827176781003
0.451448492608,0.828496042531
0.45144485987,0.857519788761
0.451405404111,0.835092348599
0.451427329027,0.849604221793
0.451430972538,0.845646438309
0.451404798393,0.846965699523
0.451389050893,0.836411609656
0.451413060084,0.850923482221
0.451408935018,0.833773087858
0.451388853521,0.841688654668
0.451382585754,0.843007916354
0.451382675161,0.852242744378
0.451385005011,0.841688653882
0.451371809659,0.835092349071
0.45137064501,0.83113456543
0.451405944091,0.831134564958
0.4514242748,0.845646437523
0.451428428489,0.837730871027
0.451400337716,0.825857519632
0.451389377853,0.846965699995
0.451379992402,0.8324538257
0.451396532298,0.84300791541
0.451422651556,0.836411609656
0.451412310229,0.845646437366
0.451439567323,0.84828495995
0.451426280992,0.829815304216
0.451405530476,0.846965699995
0.451405617681,0.837730870712
0.451400115654,0.849604221636
0.451421389636,0.833773086914
0.451405940631,0.841688653882
0.451366507677,0.832453825386
0.451381561467,0.841688654354
0.451375994959,0.837730871027
0.451399524246,0.835092347813
0.451388445725,0.837730871027
0.451385555922,0.839050131612
0.451433403275,0.843007916354
0.451478982035,0.845646437523
0.451406251787,0.840369393454
0.4513894995,0.828496042059
0.451383534239,0.853562005592
0.451384041586,0.837730871499
0.451412829529,0.845646437995
0.451404035052,0.84168865514
0.451417395811,0.829815304059
0.451455578011,0.833773086442
0.451435023059,0.83113456543
0.451438126353,0.828496042059
0.451407322862,0.837730870555
0.451393316399,0.828496042059
0.451377967338,0.850923482692
0.451378164631,0.835092347813
0.451388500454,0.846965699995
0.45140873167,0.843007915567
0.451409481918,0.833773087858
0.45141822886,0.839050132712
0.451405613592,0.8324538257
0.451400348882,0.844327176309
0.451404691843,0.84300791541
0.451404090293,0.837730871499
0.451397656215,0.839050132083
0.451552456948,0.840369392511
0.451447477284,0.848284959793
0.45137831262,0.827176780531
0.451371656166,0.841688654668
0.451370920622,0.839050132712
0.451390155938,0.828496043003
0.451411363946,0.832453826644
0.451411928539,0.835092349071
0.451408082231,0.848284960737
0.451423361937,0.833773087858
0.451405412053,0.836411610128
0.451405356301,0.836411609341
0.451395816177,0.845646438309
0.45139150577,0.84432717741
0.451390612408,0.833773087386
0.4514695991,0.8324538257
0.451488252759,0.849604221007
0.451432782301,0.836411610285
0.451394088665,0.828496042845
0.451386715617,0.836411609027
0.451389341603,0.835092348599
0.45139229911,0.845646437837
0.451404079756,0.832453826487
0.451408251766,0.840369392668
0.451416718142,0.840369392983
0.451423205612,0.841688654668
0.451406603281,0.839050131454
0.451411353331,0.839050131926
