loss,accuracy
1.44115116115,0.547493404323
1.29203504654,0.577836412003
1.26073675829,0.610817941166
1.20781138642,0.63588390517
1.15738048717,0.664907651086
1.11221438536,0.667546174457
1.11152621608,0.64643799488
1.03000942069,0.687335092034
0.996791795722,0.696569920687
0.986640200137,0.684696570393
0.937909088537,0.688654354191
0.877473726908,0.717678100578
0.910238822092,0.689973614461
0.846867818946,0.725593667389
0.844282693473,0.733509234199
0.791223492188,0.726912928445
0.778542401451,0.738786279054
0.708936606674,0.778364115466
0.73301061288,0.75065963045
0.724110119576,0.775725594454
0.646434668815,0.773087070768
0.629416644101,0.79155672776
0.62111040769,0.796833773716
0.625825667366,0.803430079942
0.586602146676,0.824538257789
0.554601053921,0.817941952035
0.57252689103,0.802110818728
0.580981934133,0.821899735676
0.564504305102,0.819261212934
0.533635740702,0.839050132241
0.545554887651,0.823218997991
0.52833019885,0.836411610285
0.517959670608,0.83641160887
0.521324690539,0.83113456543
0.527452223848,0.825857520103
0.505488874179,0.819261213091
0.509245395189,0.836411609499
0.538689240302,0.837730869926
0.491364869719,0.835092347813
0.495060998406,0.828496042845
0.493370129597,0.829815304059
0.485684817416,0.8337730877
0.511310451578,0.836411609813
0.48919384209,0.827176780374
0.496961245043,0.845646437523
0.481933168969,0.831134564015
0.488493044332,0.839050132712
0.491865300094,0.828496043003
0.483434191008,0.827176780845
0.489068974448,0.825857519317
0.489906155025,0.831134565273
0.486810731385,0.837730870712
0.477421057728,0.835092348442
0.483865778018,0.821899736777
0.48173675059,0.852242744378
0.479222838514,0.832453826172
0.475885354199,0.841688653724
0.474397089991,0.839050132241
0.483723840526,0.825857519789
0.47941103554,0.836411609499
0.473442793128,0.841688654668
0.473218149906,0.84300791541
0.481013683971,0.831134564801
0.470206801684,0.844327177567
0.479349914516,0.821899735519
0.476183431995,0.841688654668
0.470099274275,0.827176780531
0.470213771024,0.844327176152
0.472819981443,0.839050132712
0.479887036503,0.840369393454
0.47448584288,0.841688654511
0.472619390897,0.833773087858
0.469569704778,0.841688654668
0.473370109117,0.837730871027
0.470671393941,0.839050132712
0.469690924191,0.827176781317
0.467920685271,0.836411609813
0.469500830431,0.828496041587
0.468175499766,0.833773086914
0.46563037479,0.840369393926
0.467632658563,0.843007915253
0.472520623956,0.841688653724
0.469825496224,0.836411610128
0.471440181805,0.848284960737
0.466442495742,0.843007915567
0.471968492921,0.825857519946
0.468884544983,0.845646438152
0.468688428834,0.839050132712
0.46202797138,0.835092347656
0.46386974586,0.836411610285
0.466446590141,0.839050131769
0.465487204079,0.846965698737
0.464424005206,0.845646437995
0.465293402722,0.841688654196
0.464733955413,0.848284960737
0.465674102542,0.840369392983
0.463679942575,0.843007914781
0.47294759656,0.854881265862
0.463721908334,0.850923482221
0.461407675749,0.839050132241
0.464040514819,0.841688654511
0.469036352037,0.829815303273
0.463409749295,0.82453825889
0.459750782295,0.844327177096
0.461008319754,0.840369393769
0.463083993791,0.843007914938
0.462326050041,0.850923483636
0.463935378988,0.83641160887
0.462616642028,0.845646437523
0.463351635238,0.843007916354
0.464011890593,0.840369392983
0.465584390632,0.829815303745
0.462062156924,0.852242743434
0.459217356189,0.840369393454
0.459902808581,0.823218997676
0.46337057599,0.843007916354
0.466265101389,0.84828495995
0.462296290967,0.84168865514
0.460402530227,0.837730870555
0.461470738722,0.840369393454
0.459951605048,0.848284960265
0.460247679405,0.840369392668
0.462718646256,0.846965699208
0.462329674837,0.833773087386
0.462223845453,0.839050131612
0.461622168175,0.849604221479
0.461072521191,0.833773087386
0.462053101657,0.846965698737
0.461971986734,0.835092349071
0.459721395397,0.840369393297
0.461101751686,0.844327176466
0.459806378882,0.850923483636
0.46242349931,0.837730870712
0.459308816213,0.836411610285
0.459720988701,0.840369393926
0.460477884652,0.831134564958
0.461194781012,0.833773087229
0.460687199966,0.837730870555
0.458673431408,0.839050132712
0.459413519006,0.835092348128
0.458974159173,0.833773086914
0.458717706178,0.843007916354
0.461215876652,0.835092349071
0.459526022066,0.831134564801
0.460544663558,0.861477573188
0.458927161775,0.831134564015
0.45860264468,0.837730870083
0.458952935673,0.840369393612
0.45982552078,0.829815302958
0.458212833449,0.849604221007
0.457205532251,0.846965699995
0.458937149878,0.831134564958
0.461743711324,0.833773087858
0.462620297806,0.841688654196
0.457712165127,0.846965699523
0.458017374799,0.840369393926
0.458610000035,0.845646437837
0.459552198806,0.845646438781
0.459101149149,0.837730870083
0.45847664109,0.841688653882
0.458224009555,0.840369392668
0.457136445435,0.839050131454
0.456880517009,0.837730870555
0.456606806504,0.843007916354
0.458773979883,0.8324538257
0.459717982992,0.840369393297
0.460789125639,0.846965698579
0.45852593822,0.827176780845
0.45847144778,0.836411609184
0.457844629844,0.846965698737
0.458194668972,0.836411609027
0.457773971054,0.832453825386
0.456431795708,0.85356200512
0.456716461122,0.829815303745
0.458999903661,0.837730871499
0.45818631866,0.84300791541
0.458113649275,0.832453826172
0.457990476827,0.857519788446
0.458868378542,0.839050131297
0.456996246347,0.844327176152
0.458100206776,0.848284961209
0.457876617487,0.843007914938
0.456730593242,0.836411610285
0.456755353624,0.849604222265
0.457338697048,0.831134564487
0.455665936099,0.837730871341
0.455202692889,0.839050131297
0.456108613662,0.852242743592
0.456727938869,0.836411610285
0.456347597699,0.835092349071
0.458428413698,0.840369392668
0.457746918566,0.854881267277
0.4578924794,0.849604221479
0.456811790731,0.848284960422
0.455747641957,0.841688653724
0.457262575548,0.843007915882
0.456716497451,0.837730871027
0.457657871586,0.837730871499
0.456134665925,0.844327176152
0.45586521841,0.843007915882
0.457014364901,0.835092348757
0.457902323288,0.820580474934
0.457220694006,0.836411609499
0.455959102645,0.832453826644
0.456920059658,0.837730870555
0.457841887166,0.827176781632
0.457623678493,0.849604221479
0.456274248365,0.835092347656
0.456114358197,0.841688654668
0.455452371634,0.840369392668
0.455759723103,0.835092349071
0.456307129055,0.831134564015
0.456434773738,0.839050131454
0.456060471352,0.836411609341
0.456397180192,0.83641160997
0.456616603605,0.840369392511
0.456378933779,0.854881266805
0.455487968267,0.832453825228
0.456391352934,0.832453826644
0.455962592662,0.836411609656
0.45617487311,0.833773087386
0.455821804447,0.832453826487
0.455991167664,0.840369392668
0.456127289339,0.845646438309
0.455652269021,0.829815304216
0.45572602859,0.837730870555
0.456055919224,0.836411609813
0.455723255873,0.841688654668
0.455828386592,0.84168865514
0.455939375316,0.845646438152
0.456965351797,0.837730870555
0.455330728541,0.845646437366
0.455509149541,0.836411609341
0.454536652974,0.833773086599
0.455777393954,0.843007914938
0.456974119577,0.843007914938
0.455712255828,0.845646438781
0.455497619659,0.833773087229
0.455941093707,0.845646437366
0.455607166705,0.845646438152
0.454900474064,0.844327177096
0.45431904884,0.837730870555
0.455562493575,0.846965699995
0.455989532232,0.841688654668
0.45531929994,0.827176781789
0.454453286521,0.832453826487
0.455016804717,0.846965699051
0.455623029719,0.836411609341
0.455176245569,0.841688654196
0.455541521783,0.837730871499
0.455587272436,0.837730870555
0.456099253846,0.835092347656
0.455402841197,0.841688654668
0.455902029625,0.833773087386
0.455631081614,0.84828495995
0.45461343964,0.825857519474
0.454710511309,0.839050132555
0.454985990688,0.853562005592
0.455881280761,0.83641160887
0.456413876885,0.832453825228
0.455425456206,0.839050131769
0.454040616672,0.829815302801
0.454711962422,0.840369393926
0.454896549829,0.850923483636
0.454301492087,0.845646438781
0.454754850874,0.835092348442
0.455454523535,0.850923482221
0.455308607197,0.844327176938
0.455199922138,0.841688654983
0.454548928071,0.84168865514
0.454888197788,0.848284961209
0.454591635271,0.835092348599
0.454678419712,0.833773086757
0.455938452938,0.848284960894
0.455361926933,0.850923482221
0.454564844555,0.841688653724
0.454588995917,0.856200527075
0.455016738271,0.833773086442
0.454670700203,0.841688654668
0.455357403271,0.84168865514
0.456655760711,0.833773086442
0.454396762996,0.84168865514
0.453526172993,0.84300791541
0.454309440776,0.839050131769
0.453903454825,0.840369392983
0.453923575167,0.84168865514
0.454767726185,0.848284960422
0.455414698118,0.848284961209
0.45527609538,0.828496042531
0.454753332843,0.837730870555
0.454981530955,0.825857519632
0.455479678504,0.832453825228
0.454865527342,0.848284960579
0.454441444304,0.848284960265
0.453847043354,0.848284961209
0.454429247213,0.84168865514
0.454892061867,0.833773087386
0.454492666633,0.828496042845
0.454400038656,0.833773087858
0.45461689844,0.840369393926
0.454084212516,0.840369392983
0.454083166682,0.833773086914
0.454924850162,0.836411609027
0.45455348704,0.833773087858
0.454132377944,0.8337730877
0.454089949974,0.83641160887
0.454374974235,0.84036939314
0.454798883609,0.850923482692
0.454242670756,0.844327176152
0.454536046548,0.832453826644
0.455212127879,0.836411609027
0.455079820272,0.839050131297
0.454426684213,0.844327176152
0.454755135451,0.846965699995
0.454181200124,0.839050132241
0.454067057387,0.848284961209
0.454263999626,0.844327177096
0.453776713726,0.84168865514
0.453957961386,0.840369393454
0.454531005473,0.843007915882
0.454109718428,0.82189973599
0.453888051428,0.837730870083
0.453931653877,0.856200528491
0.454065923169,0.839050131769
0.454600958286,0.833773087071
0.454491114003,0.836411609499
0.453700645932,0.849604221479
0.454005759278,0.840369393297
0.453962590457,0.849604221164
0.454250298264,0.844327176309
0.454423286512,0.840369393769
0.454053842927,0.833773086914
0.453987326817,0.840369392668
0.453705255149,0.837730871027
0.453943722245,0.844327177096
0.454866469535,0.843007916354
0.453977080244,0.833773087858
0.454055142041,0.832453826172
0.455576140837,0.825857520418
0.453955791556,0.837730871027
0.453873529126,0.839050131297
0.454145728677,0.845646437837
0.453666483271,0.853562005592
0.45358018872,0.849604221164
0.454331331958,0.827176781317
0.454016196382,0.823218997676
0.453659428141,0.853562004648
0.453851295807,0.825857519946
0.453795380438,0.850923483636
0.453509771415,0.837730871027
0.453947524597,0.837730871027
0.454003591493,0.832453826644
0.453633189437,0.839050132241
0.453618458676,0.839050131769
0.453652739368,0.840369393769
0.454006049438,0.852242743906
0.453835069032,0.832453826487
0.454717529009,0.828496043003
0.454948092985,0.831134564801
0.454371647973,0.853562004648
0.453701134407,0.835092347656
0.453411247611,0.852242743434
0.45371842463,0.833773087858
0.454202007257,0.846965698737
0.453978086603,0.82453825889
0.453991899547,0.848284961051
0.453876496698,0.850923482692
0.454276921645,0.844327176152
0.454309398471,0.84300791541
0.453818726194,0.844327177096
0.453784060588,0.825857520103
0.453607359945,0.841688653882
0.453825880481,0.840369393454
0.454426599603,0.839050131926
0.453262857051,0.8337730877
0.453859919608,0.844327176624
0.453752473901,0.858839049503
0.45368533957,0.83113456543
0.453528487588,0.837730871341
0.453849872058,0.844327177567
0.453923191905,0.825857519003
0.454383783888,0.840369392668
0.453404687561,0.85224274485
0.453483043686,0.835092348285
0.453552414371,0.852242744692
0.453515489686,0.845646438309
0.453354907854,0.829815303745
0.453504751572,0.832453826172
0.453178736261,0.852242743906
0.45333431209,0.84168865514
0.453666374402,0.835092347813
0.45374095204,0.835092347813
0.453741554141,0.835092349071
0.453815716867,0.850923483007
0.453714466543,0.840369393454
0.454299870259,0.849604221164
0.453875370658,0.844327177096
0.453480611061,0.843007916354
0.453609453264,0.837730871499
0.45295870485,0.837730871499
0.453317756703,0.83641160887
0.454264454524,0.83113456543
0.453736369481,0.844327176152
0.453275200481,0.840369392668
0.453424347894,0.844327176624
0.453832357218,0.84036939314
0.453802677525,0.835092347656
0.453827500658,0.836411609813
0.453367744162,0.835092347656
0.453214399261,0.853562004648
0.453806672216,0.839050131297
0.454154558893,0.832453825228
0.453232569477,0.832453826172
0.452809343552,0.8337730877
0.452911475167,0.840369393926
0.452942569448,0.82453825889
0.453445017416,0.85224274485
0.453548253998,0.837730870241
0.453501161768,0.839050131769
0.453399141263,0.839050132241
0.453631577281,0.833773086914
0.454225539453,0.833773086914
0.45331148241,0.827176781317
0.453432821897,0.839050131769
0.453108615957,0.848284960737
0.453740548962,0.839050132555
0.452843735982,0.837730870241
0.453007662281,0.835092347813
0.453708165711,0.831134565273
0.454267116996,0.84300791541
0.453192796509,0.845646437837
0.452909168279,0.831134564958
0.4531171936,0.86015831166
0.453349206174,0.846965699523
0.453331489598,0.82981530343
0.453147836678,0.836411609341
0.45296320618,0.839050131769
0.453207426147,0.849604222422
0.453192094071,0.831134564015
0.453984886093,0.84168865514
0.453561088419,0.835092348128
0.453005961189,0.835092347656
0.453106695083,0.85224274485
0.453116401519,0.848284961209
0.453285436202,0.831134564487
0.453697592099,0.833773087229
0.453767546956,0.836411610128
0.454018831096,0.850923482221
0.453899981164,0.844327176624
0.45348314418,0.845646438309
0.453111032855,0.832453826172
0.453259658294,0.839050131297
0.453089005007,0.832453826487
0.453388009034,0.850923483479
0.453470168925,0.828496042531
0.45345460362,0.845646437837
0.453293505555,0.853562006063
0.45295136357,0.835092347656
0.4532635635,0.83773087087
0.453642034594,0.854881266333
0.453221858806,0.823218998148
0.452838139358,0.839050132712
0.45285668285,0.846965699995
0.453188670303,0.84828495995
0.453154341291,0.829815302958
0.452874474994,0.831134564487
0.452858209925,0.849604221479
0.453063759845,0.836411610285
0.452932680974,0.853562006063
0.453192434084,0.85356200512
0.45323671719,0.843007915882
0.452959517454,0.839050132555
0.453318964602,0.837730871499
0.453249372247,0.832453826172
0.452985256832,0.844327177096
0.453013495672,0.846965698737
0.453217527325,0.833773086442
0.453517482746,0.839050132083
0.453225155226,0.829815303273
0.45355989436,0.836411609813
0.453123254323,0.832453825543
0.452721974309,0.848284959793
0.452958979204,0.831134564487
0.453244760829,0.840369392983
0.453161362057,0.831134564958
0.4533547693,0.84300791541
0.453420723019,0.825857520575
0.453038040126,0.840369392983
0.453092526792,0.845646437366
0.453256396002,0.845646438781
0.453148724693,0.832453825071
0.453279493981,0.840369392983
0.452990442121,0.839050131454
0.452790241757,0.837730871027
0.453324368887,0.848284959793
0.453351785608,0.831134564958
0.452988554353,0.840369393454
0.452694037895,0.835092348128
0.452987896736,0.850923483636
0.4533251557,0.83509234797
0.453082371277,0.840369393926
0.452967335728,0.836411610285
0.453191970143,0.83113456543
0.453158406438,0.840369393454
0.453129921472,0.845646437523
0.45256193568,0.85356200512
0.453149951778,0.832453826172
0.453190991463,0.836411609499
0.4531076924,0.846965698737
0.452838154416,0.832453825386
0.45300709698,0.840369393926
0.453245215885,0.833773087386
0.453202749541,0.837730871499
0.452772285111,0.836411609341
0.452868273988,0.829815302801
0.453023530405,0.84960422195
0.453439482913,0.840369392983
0.452874893092,0.846965699523
0.452905545606,0.823218998148
0.45278985126,0.843007914938
0.45285933164,0.824538257946
0.452673616856,0.850923482378
0.45269733054,0.836411610285
0.45287169292,0.832453826644
0.452932058507,0.836411610285
0.45321263652,0.8337730877
0.45329295488,0.835092348128
0.452690114132,0.827176781632
0.452925856636,0.844327177096
0.453070379813,0.835092349071
0.452872930778,0.84168865514
0.452857645725,0.84168865514
0.452878059529,0.839050131297
0.452993774005,0.833773086757
0.453215301587,0.829815302801
0.452702926457,0.846965699838
0.452691953069,0.837730871499
0.452700530751,0.839050132712
0.452782219035,0.83113456543
0.452934256644,0.846965699051
0.452786124004,0.825857520103
0.452933157969,0.833773086914
0.453050885005,0.840369392983
0.452772224012,0.846965699051
0.45291061955,0.837730871027
0.452712096136,0.841688654354
0.452778318941,0.825857520103
0.452854948261,0.850923483636
0.452565328348,0.845646438309
0.45261684414,0.839050131454
0.452949253346,0.840369393454
0.453284352782,0.84168865514
0.453399312685,0.839050131454
0.452965389613,0.829815302801
0.453378645915,0.844327175995
0.453095674515,0.82585751916
0.452548649506,0.84828495995
0.452582609764,0.84960422195
0.452869005285,0.840369393769
0.452582519728,0.840369392668
0.452554363846,0.845646438781
0.45290276762,0.832453826172
0.453208712365,0.832453826172
0.452978317373,0.832453826487
0.452880042681,0.852242744378
0.452584872145,0.832453826172
0.452609711241,0.837730871027
0.452904383394,0.824538258732
0.452874165766,0.84168865514
0.452837582314,0.843007914938
0.452519247903,0.831134564487
0.45259084928,0.844327176938
0.452786228194,0.835092348599
0.452439613267,0.843007916354
0.452527122164,0.837730870083
0.452567514848,0.857519789233
0.452733799147,0.831134565116
0.453140762991,0.840369392983
0.452848987089,0.835092348599
0.452685363532,0.837730871499
0.452578309579,0.843007916354
0.45260175866,0.850923482692
0.452667500381,0.850923483164
0.45267448073,0.828496041587
0.452597685099,0.84960422195
0.452675205894,0.845646437366
0.452829921938,0.835092349071
0.452921305451,0.83773087087
0.452508252026,0.843007914938
0.452724541083,0.825857519632
0.452909076434,0.840369392511
0.452696928091,0.841688653882
0.452938872151,0.828496041587
0.45282894027,0.844327176624
0.452526421534,0.849604221007
0.452730021722,0.835092348599
0.452559581926,0.829815304216
0.452336314328,0.832453826015
0.452421600397,0.840369393297
0.45256637945,0.843007914781
0.452826241705,0.840369393926
0.452908858932,0.841688654354
0.452700969019,0.833773086914
0.452673850085,0.844327177567
0.452709380508,0.829815304216
0.452466813823,0.841688654196
0.452434439772,0.845646437837
0.452669656214,0.839050132712
0.452802497982,0.827176780845
0.452781376471,0.841688654196
0.452709482339,0.833773086442
0.453069204705,0.849604221007
0.452753336417,0.831134564801
0.45245516253,0.845646437523
0.452510393232,0.8324538257
0.452635682589,0.845646437837
0.452795376249,0.841688654983
0.452701917031,0.846965698737
0.452555303366,0.83773087087
0.452858655701,0.837730871027
0.452442401632,0.841688654196
0.452374862217,0.836411609027
0.452611409816,0.836411609341
0.452635866199,0.846965699523
0.452472951647,0.831134564172
0.45262412204,0.846965699995
0.452521591671,0.837730870398
0.452503511805,0.846965699366
0.452629279493,0.841688654668
0.452693089725,0.844327177096
0.452706880966,0.839050131297
0.452555731293,0.836411609813
0.452425820846,0.836411609813
0.452490174833,0.83773087087
0.452599336887,0.839050132555
0.452868194803,0.837730871499
0.452596649331,0.829815303587
0.452471697944,0.825857519632
0.452210642574,0.839050132555
0.452372006187,0.850923483636
0.452558636665,0.824538257946
0.452844720717,0.846965699995
0.452625750316,0.833773086442
0.452474972897,0.837730871027
0.452557234619,0.841688654196
0.452669979872,0.840369393454
0.452664255152,0.829815304216
0.452615098777,0.848284961209
0.452656883992,0.835092348128
0.452353853192,0.837730870398
0.452406544091,0.84168865514
0.452393459141,0.823218997991
0.452304536718,0.843007914938
0.452374926343,0.829815302801
0.452383810502,0.836411609813
0.4526675419,0.82717678116
0.452812280064,0.83641160887
0.452444557464,0.84300791541
0.452348934236,0.837730870555
0.452471094584,0.85883904966
0.452356354857,0.825857520575
0.452699874117,0.839050131769
0.452650376392,0.836411609341
0.452445558869,0.844327176309
0.452762823149,0.837730871341
0.452727040468,0.845646438781
0.452828481204,0.840369393454
0.452691100872,0.856200527704
0.452603707056,0.832453826644
0.452695159138,0.837730870241
0.452550269998,0.837730870555
0.452347538323,0.833773086599
0.452511901749,0.845646438781
0.45249942295,0.844327177096
0.452541467068,0.843007916196
0.452452625165,0.840369393926
0.452352174354,0.848284960737
0.452185036639,0.844327177096
0.45245884182,0.832453826172
0.452658506214,0.845646437366
0.4524564688,0.837730870083
0.452524635715,0.844327176781
0.452385093889,0.837730870555
0.452340835789,0.836411609813
0.452239978046,0.846965699051
0.45232165363,0.833773087071
0.452543556218,0.850923483164
0.452465295477,0.839050132712
0.452246983479,0.83641160887
0.452322865854,0.83641160887
0.452474896543,0.836411608712
0.452474275176,0.840369392511
0.452599289549,0.837730871027
0.45245730641,0.846965699051
0.452482020949,0.849604221636
0.452394232901,0.844327176309
0.452446724463,0.840369393454
0.452580195697,0.841688654354
0.452513828284,0.828496042845
0.45252782185,0.844327177567
0.452436862803,0.824538257946
0.452297083857,0.853562004648
0.452375330994,0.841688654668
0.452403847964,0.845646437837
0.452289963696,0.839050132712
0.452249628337,0.840369392983
0.45238161378,0.839050131297
0.452359100288,0.841688654196
0.452376213426,0.837730871027
0.452512727721,0.840369393454
0.452450840958,0.844327176152
0.452423421012,0.828496041587
0.452173786695,0.856200528491
0.452238353859,0.832453826172
0.452463594779,0.848284960422
0.452510929202,0.832453826487
0.452701003853,0.850923482221
0.45245210099,0.836411609341
0.452585419124,0.832453825228
0.452399382884,0.833773086914
0.452375183162,0.844327176309
0.452351148493,0.837730870398
0.452182899993,0.857519789547
0.452164223452,0.841688654668
0.452067613444,0.828496042059
0.452380573372,0.839050131926
0.452296122712,0.829815303745
0.45246682782,0.846965699523
0.452372108097,0.846965699995
0.452265949394,0.841688654668
0.452511658612,0.8337730877
0.45248116313,0.844327176624
0.452319634936,0.833773086442
0.452450650191,0.839050132555
0.452450607257,0.845646438309
0.452255730028,0.844327177567
0.452257541836,0.83509234797
0.452603350686,0.841688654668
0.452455316339,0.844327176309
0.452345238669,0.833773086599
0.452194168024,0.840369392983
0.452421648049,0.841688654196
0.452427238776,0.840369392983
0.452383842978,0.837730870712
0.452251819633,0.846965698737
0.452261634112,0.843007915882
0.452624596596,0.837730870555
0.452436039898,0.832453825386
0.452503047471,0.846965698737
0.452662877168,0.835092348914
0.452282320541,0.843007915882
0.452071252159,0.828496041745
0.451937559098,0.835092348128
0.45204229012,0.844327176624
0.452138539669,0.848284961209
0.452351306705,0.844327176781
0.452530570112,0.84300791541
0.452466084649,0.820580475563
0.452333020582,0.831134564015
0.452207837539,0.836411609341
0.452359816644,0.843007916196
0.452404077732,0.841688654668
0.452294244694,0.84960422195
0.452193397173,0.835092348914
0.452173032279,0.84960422195
0.452145173399,0.846965699208
0.452410275672,0.827176781789
0.452343110673,0.84300791596
0.452155641799,0.860158310874
0.452266982489,0.837730871341
0.452430493442,0.839050132555
0.452563952016,0.840369393454
0.452412232953,0.839050131769
0.45214910416,0.84432717741
0.452016505686,0.84168865514
0.452165770971,0.848284960422
0.45223960823,0.850923483636
0.452197505019,0.831134564958
0.452249309947,0.831134564958
0.452200435869,0.841688653724
0.452104158405,0.840369392668
0.452006622166,0.827176780374
0.452459206996,0.841688654668
0.452314403252,0.835092348285
0.452158700586,0.837730871027
0.452195159364,0.828496041902
0.452194689918,0.840369392825
0.452336709072,0.837730871499
0.452321061673,0.839050131454
0.452230538416,0.845646438781
0.452233125163,0.844327176624
0.452326304051,0.841688654668
0.452665905839,0.833773087229
0.452163477214,0.844327176152
0.452259906206,0.833773087386
0.45226704744,0.844327177567
0.452338323194,0.828496043003
0.452256113212,0.84168865514
0.452366770572,0.835092348599
0.452128578931,0.840369393454
0.452133677802,0.829815304216
0.45218607803,0.852242743592
0.452036861851,0.828496043003
0.452311734254,0.844327176781
0.452244972727,0.843007916354
0.452213714966,0.840369393926
0.452240289358,0.844327175995
0.452321593554,0.833773087386
0.452125041576,0.829815304216
0.452331211133,0.840369392511
0.452225932424,0.835092349071
0.452331534869,0.846965699995
0.452230910277,0.833773087386
0.452064902298,0.845646437366
0.45231296818,0.836411609027
0.452130413464,0.853562005906
0.451992152156,0.840369392511
0.451965409722,0.848284960737
0.452201870784,0.837730871499
0.452199452628,0.84960422195
0.452372103851,0.8324538257
0.452381483404,0.835092349071
0.452353682084,0.829815302958
0.452162474001,0.837730870241
0.452549304685,0.846965699051
0.452445473787,0.839050132241
0.452297806583,0.823218997676
0.451961746395,0.862796834088
0.452036520579,0.8324538257
0.452073740928,0.828496043003
0.452190995845,0.845646437523
0.452106338614,0.839050132241
0.452327022766,0.829815304216
0.452120658905,0.845646437366
0.452438553122,0.835092349071
0.452413680921,0.84828495995
0.452177250448,0.835092349071
0.452170071155,0.833773086914
0.452303263789,0.828496042059
0.452386065335,0.846965699051
0.452056202064,0.829815302958
0.451985334501,0.837730871499
0.452108583067,0.846965699838
0.452156084823,0.850923482692
0.452226918417,0.831134564015
0.452177989373,0.844327176624
0.45210204299,0.849604221164
0.452014475746,0.831134564487
0.45201538515,0.839050132241
0.45199335455,0.846965699838
0.452267120727,0.844327176624
0.45231087148,0.841688653882
0.4522898783,0.843007915095
0.452131348266,0.837730870555
0.452190195665,0.837730871027
0.452117463765,0.856200528491
0.452312447386,0.844327177567
0.452326585404,0.829815304216
0.452309673097,0.832453826644
0.452144091551,0.843007915095
0.452173827663,0.849604222422
0.452233549001,0.820580475249
0.452179372311,0.841688653724
0.452131765342,0.836411609341
0.452082189296,0.843007915882
0.45227988367,0.843007915882
0.452090791159,0.84168865514
0.452075438245,0.840369393926
0.452101361154,0.835092349071
0.452080918333,0.839050131297
0.452088737551,0.8324538257
0.452116312169,0.846965699051
0.452103435836,0.836411609341
0.452132690079,0.841688654196
0.452272858972,0.846965699838
0.45229879344,0.844327176624
0.452198165938,0.839050132712
0.452143649549,0.848284959793
0.452136949294,0.84168865514
0.452062421785,0.840369393454
0.451995864393,0.837730870083
0.452023047649,0.848284961209
0.452189217457,0.841688654196
0.452238072821,0.829815303745
0.452266438183,0.832453826172
0.452294715083,0.833773087858
0.452193336861,0.84828495995
0.452185157107,0.825857519003
0.452180165729,0.852242743906
0.452099378788,0.843007915095
0.452091339081,0.828496043003
0.452064077584,0.85224274485
0.452197539146,0.827176781632
0.452328022835,0.840369392511
0.452179788442,0.849604222422
0.452065996177,0.841688654668
0.452060310696,0.853562006063
0.452204828527,0.828496041745
0.452345155514,0.839050131926
0.452200038452,0.844327176624
0.45202278855,0.846965698737
0.452022743178,0.824538258418
0.451974949768,0.850923482378
0.452137244919,0.835092349071
0.452007190769,0.833773087386
0.452193388681,0.835092348128
0.452062425481,0.845646437837
0.452239850816,0.843007915882
0.452107180942,0.840369393926
0.451947659018,0.848284960265
0.452117548219,0.839050132712
0.452176996539,0.832453825228
0.452140788132,0.82321899689
0.452172857397,0.837730871499
0.451932605543,0.848284961209
0.451988539469,0.827176780688
0.452136086836,0.833773086914
0.451978047872,0.843007915567
0.451991553042,0.837730871341
0.45202854952,0.831134564015
0.452045770622,0.836411609341
0.452095950185,0.832453826487
0.452362867018,0.841688654196
0.452443512732,0.840369393297
0.45216582224,0.84300791541
0.452134693361,0.835092348599
0.451934718834,0.845646437366
0.451968532439,0.852242744378
0.452088295077,0.846965699523
0.452227795659,0.839050131297
0.452257486557,0.846965699995
0.452118748411,0.833773087386
0.451945273889,0.841688653724
0.45199154801,0.831134564487
0.45207222329,0.841688654511
0.45208927761,0.841688654354
0.452022600772,0.849604221164
0.452234984073,0.843007916196
0.452248020348,0.839050132712
0.452175411197,0.832453825228
0.452071265605,0.843007915567
0.452019695635,0.837730870555
0.452085631976,0.8324538257
0.45199763075,0.83113456543
0.452026832072,0.852242743906
0.45214391541,0.825857520103
0.452207355512,0.839050131926
0.452009638413,0.835092347656
0.451815414161,0.835092347813
0.451808339216,0.829815303745
0.452094952239,0.844327176309
0.452021913667,0.8324538257
0.452026642171,0.849604222422
0.45218145926,0.827176780845
0.452188574702,0.841688654668
0.452146374692,0.8324538257
0.452346416136,0.841688654196
0.452275449415,0.837730871499
0.452033946256,0.840369392668
0.451971673714,0.840369392668
0.452059651349,0.837730870083
0.452040571965,0.841688654668
0.451965770967,0.837730871027
0.452009067686,0.8324538257
0.451947969859,0.843007915567
0.452093141217,0.848284960737
0.45198760797,0.829815302801
0.452165161557,0.837730870083
0.45223779304,0.840369393297
0.452238305735,0.843007914938
0.452029088084,0.839050131769
0.4518475586,0.857519788761
0.45184635487,0.843007915095
0.45196743455,0.835092348128
0.452086013902,0.825857519632
0.452087700524,0.848284961051
0.451998193849,0.832453826644
0.452063583526,0.833773086442
0.451971773107,0.843007915882
0.45190936901,0.840369392511
0.451926318511,0.840369392668
0.452083070391,0.824538259362
0.452004280679,0.848284961051
0.45212366949,0.835092348599
0.452285917107,0.853562005906
0.452174000816,0.844327177096
0.451971858583,0.846965698737
0.451939808033,0.836411610285
0.452155814951,0.837730870083
0.452039124469,0.839050132712
0.452073482536,0.83773087087
0.452173533572,0.83641160887
0.45195255863,0.844327176624
0.451938924972,0.839050131612
0.452056634945,0.84300791541
0.452020406408,0.852242743906
0.451994940127,0.839050132712
0.451926340686,0.833773087858
0.451921058362,0.844327176309
0.452074882616,0.824538258575
0.452087568104,0.839050132241
0.452012843696,0.845646437523
0.451922313126,0.824538258575
0.451913734146,0.835092349071
0.451968342931,0.828496041587
0.451882623431,0.843007914938
0.452101959402,0.852242743434
0.452229594178,0.827176780845
0.452176300077,0.840369392983
0.452000697087,0.832453825228
0.451982616749,0.844327177096
0.452033569127,0.844327177567
0.452011345087,0.836411609341
0.452065316542,0.831134564487
0.452090389181,0.813984168551
0.452009824146,0.850923482378
0.451985545712,0.848284960265
0.451997480638,0.835092348599
0.452073864147,0.828496042531
0.451879907409,0.836411610128
0.451955646906,0.845646438309
0.4519932204,0.840369392825
0.451905123555,0.844327177096
0.452052259351,0.841688653724
0.452075798467,0.841688654668
0.452038574816,0.840369393926
0.451940320334,0.84960422195
0.451939342991,0.831134565273
0.451808788217,0.831134564015
0.451908457877,0.835092348128
0.4519835764,0.840369392668
0.452188425218,0.829815304059
0.452178426814,0.833773087071
0.451816850728,0.83641160997
0.451791846815,0.844327176152
0.452026392822,0.835092348128
0.452129972877,0.841688653882
0.451919705855,0.837730870555
0.451772750525,0.845646438309
0.451834312765,0.833773087386
0.451791099005,0.849604222422
0.451982716457,0.832453825543
0.451953504991,0.840369393926
0.451995713572,0.835092347813
0.452131021227,0.841688653724
0.451879452275,0.837730871499
0.451918269761,0.835092348599
0.451833418145,0.840369393454
0.451915801987,0.835092348599
0.452082965415,0.833773087386
0.451988468856,0.848284961209
0.451822246914,0.836411609184
0.451842776625,0.820580474777
0.452018404384,0.845646438309
0.451979153232,0.854881267277
0.451957736921,0.837730871499
0.451899012821,0.837730871027
0.452013111681,0.843007915882
0.452072034096,0.825857519003
0.452090832835,0.856200527704
0.452035835519,0.832453826487
0.451849816107,0.860158312132
0.451927237743,0.825857520103
0.4520779186,0.845646437523
0.451958034787,0.846965698579
0.452065393683,0.8324538257
0.452083179064,0.836411609027
0.45188422505,0.840369392511
0.451924002029,0.840369393926
0.451937955335,0.846965699208
0.452003874533,0.846965699051
0.451997279177,0.84300791541
0.452024298954,0.833773087386
0.451970048504,0.843007914938
0.452025328274,0.836411609813
0.451892798919,0.840369393926
0.451733684162,0.843007915567
0.451861019028,0.833773087071
0.451889232312,0.83641160887
0.45186510863,0.832453826644
0.451870674665,0.832453826487
0.451965589794,0.841688653724
0.452013597089,0.831134564015
0.45189200959,0.84828495995
0.451906307234,0.848284960265
0.451858183718,0.827176780531
0.451852558392,0.841688654196
0.451903369464,0.844327176624
0.451863346597,0.829815303587
0.451880005309,0.857519788761
0.451911416721,0.840369393454
0.452055691729,0.837730870555
0.451931028929,0.848284961209
0.45193099378,0.854881265862
0.45199102352,0.825857519317
0.452058639957,0.854881266491
0.451920976386,0.836411609499
0.451843286882,0.846965698737
0.451808411323,0.833773087858
0.451914229226,0.825857519946
0.451996968651,0.848284960737
0.451958639169,0.84300791541
0.451863031825,0.845646437366
0.45191871483,0.83113456543
0.4519876189,0.840369393454
0.451989281539,0.83641160887
0.451824216383,0.843007914938
0.45190865344,0.857519788289
0.451994406595,0.840369392668
0.451889331706,0.8324538257
0.45191211853,0.837730871027
0.452066702075,0.844327177096
0.452018022065,0.836411610285
0.451962125176,0.833773087229
0.452066752401,0.840369393769
0.451900466451,0.835092347813
0.451817427037,0.837730870241
0.451737538413,0.843007915882
0.45187764951,0.823218997204
0.451759295916,0.841688654196
0.451799234803,0.848284960422
0.451795338169,0.836411609027
0.451784289449,0.840369393454
0.451729983878,0.837730871499
0.451766249844,0.846965699523
0.451823878021,0.835092348128
0.451920685872,0.832453825228
0.451987325516,0.828496043003
0.451927519096,0.845646438624
0.451964308294,0.844327176309
0.451866640579,0.8337730877
0.451943089748,0.840369392668
0.451913320924,0.848284960579
0.451886159449,0.835092348914
0.451759001353,0.852242743592
0.451858076697,0.832453826487
0.451832424368,0.832453825228
0.451883870882,0.843007915725
0.452052403094,0.833773087229
0.452090108733,0.856200527704
0.451852301652,0.836411609813
0.451810601519,0.846965699051
0.451816380338,0.831134564958
0.451931406845,0.844327177096
0.4518708972,0.836411609027
0.451934832224,0.840369393454
0.451846084368,0.840369393926
0.451727590177,0.836411609656
0.451724115022,0.844327176624
0.451759873091,0.840369393297
0.451881635551,0.829815303745
0.451951398227,0.841688653724
0.4519701869,0.852242744692
0.451842065773,0.839050131454
0.451787676849,0.841688654039
0.451851099258,0.843007916354
0.451942086692,0.843007915095
0.451913619969,0.839050131769
0.45179106472,0.833773086914
0.451788603395,0.845646438781
0.451942533333,0.837730871341
0.451986669315,0.836411609813
0.451856303655,0.840369393926
0.451815967195,0.837730871027
0.451816569689,0.828496042059
0.451808905932,0.836411609813
0.451967446345,0.839050132241
0.451927171455,0.846965699523
0.451852556977,0.835092348599
0.451813248657,0.8324538257
0.451725102981,0.829815304216
0.451855370347,0.849604221636
0.451981459413,0.831134564487
0.451972230443,0.84960422195
0.451831687488,0.821899736462
0.451747687165,0.837730871499
0.451743372198,0.831134565116
0.45190260003,0.853562005592
0.452037753247,0.828496042374
0.451873105639,0.841688654668
0.451838963658,0.827176781789
0.451729597706,0.856200528019
0.451733114144,0.833773087386
0.451808372793,0.8324538257
0.451873488036,0.828496041587
0.451813350252,0.853562004648
0.451945147602,0.845646438309
0.451857875001,0.845646438781
0.451738050871,0.84168865514
0.451891438824,0.835092349071
0.451827164533,0.832453826015
0.452030012821,0.831134564801
0.4518649457,0.831134564958
0.451807101043,0.84168865514
0.451851891968,0.833773087858
0.451796379835,0.846965698737
0.451781486144,0.824538258103
0.451890454915,0.83641160887
0.451885153011,0.835092349071
0.451873565569,0.835092349071
0.451822987647,0.837730871499
0.451944507049,0.836411609499
0.452058474433,0.850923482378
0.451885418716,0.840369393769
0.451730600762,0.840369392668
0.451773077328,0.832453825228
0.451931597768,0.839050132712
0.451811101789,0.828496043003
0.45183710923,0.83509234797
0.451813410958,0.862796833616
0.451814697254,0.837730870555
0.451894415872,0.845646437837
0.452022017857,0.844327177096
0.451890696243,0.845646438309
0.451815597772,0.849604221479
0.45183223769,0.840369393769
0.451756829322,0.848284960265
0.451724119268,0.840369392983
0.451717596963,0.836411609813
0.451691671695,0.846965699838
0.451972065705,0.852242743906
0.451914444369,0.827176781789
0.451763713108,0.850923483636
0.451786456133,0.839050131297
0.451800340713,0.846965699523
0.451917372782,0.837730871027
0.45195041703,0.845646438624
0.451914963354,0.856200528491
0.451949208267,0.843007915882
0.451896713953,0.835092347813
0.451859650165,0.829815303116
0.45179272099,0.84828495995
0.451706801996,0.844327176624
0.451686044403,0.840369393454
0.451792842165,0.828496042531
0.451828551088,0.829815303273
0.451823522359,0.840369392825
0.451881172003,0.843007915567
0.451850124274,0.831134564015
0.451796164928,0.833773087386
0.451895747226,0.84168865514
0.451914318083,0.839050131297
0.45185968272,0.844327177096
0.451809733477,0.832453826172
0.451961841149,0.836411609656
0.451851635464,0.856200528019
0.4517867908,0.837730870398
0.45178744535,0.854881267277
0.451780330459,0.832453826644
0.451845576864,0.841688654196
0.451780386446,0.836411609813
0.451814893604,0.843007914938
0.451856747152,0.852242743434
0.451950379286,0.828496042531
0.451975686569,0.849604221636
0.451958812557,0.848284960737
0.451781801938,0.835092348599
0.45173132341,0.831134564801
0.451764904415,0.836411609341
0.451857266766,0.84300791541
0.451840377499,0.836411609341
0.451847048265,0.82321899689
0.451819950484,0.848284960737
0.451791866788,0.829815303116
0.451900568439,0.854881265862
0.451831972064,0.839050131769
0.451749388885,0.833773086599
0.451695458398,0.832453825543
0.45177934077,0.848284961051
0.451846860801,0.845646438152
0.451888883963,0.82717678116
0.451857715137,0.854881266805
0.451815484539,0.83113456543
0.451838649829,0.816622691922
0.451937958716,0.836411610285
0.451857544187,0.831134564015
0.451771279438,0.849604221164
0.451789702621,0.844327176624
0.451933421371,0.828496042059
0.451805106568,0.84432717741
0.451704644591,0.846965699523
0.451920400037,0.828496042059
0.451847151197,0.840369393454
0.451736509407,0.833773087386
0.451760790122,0.840369393454
0.451745965,0.848284961209
0.451748574315,0.83113456543
0.451740381428,0.846965699838
0.451737249904,0.846965699051
0.451912525461,0.841688653724
0.45186389161,0.835092347813
0.451807011794,0.837730870241
0.451792749534,0.839050131297
0.451858644199,0.83113456543
0.451871935013,0.848284960265
0.45185855322,0.843007915095
0.451744399709,0.843007916354
0.451734413258,0.833773087858
0.451740985181,0.829815304059
0.451761645739,0.835092349071
0.451765329982,0.843007916354
0.451818813985,0.820580475563
0.451877275369,0.84960422195
0.451865355383,0.835092348285
0.451897003327,0.846965699995
0.451765072141,0.836411609027
0.451802539322,0.839050132712
0.451847787426,0.84960422195
0.451735134647,0.837730870555
0.451686326778,0.833773086914
0.451686605772,0.850923483636
0.451747077593,0.828496042059
0.45179715902,0.843007916354
0.451739266161,0.844327176624
0.451736891804,0.825857520103
0.4517837431,0.845646437523
0.451711179241,0.831134564958
0.451791709441,0.840369393454
0.451745433984,0.832453826644
0.451937126925,0.844327177567
0.451652051906,0.833773086442
0.451712242846,0.839050132712
0.451762859299,0.833773086914
0.451698163883,0.83641160887
0.451638171887,0.852242743277
0.451693666091,0.845646438309
0.451721736026,0.844327176624
0.451778773739,0.835092348442
0.451750669127,0.841688653882
0.45173951433,0.839050131769
0.451690891802,0.846965699208
0.451685507765,0.833773087071
0.451745909405,0.831134564172
0.451977380347,0.837730870241
0.451954826909,0.835092348128
0.451877931649,0.840369393454
0.451835434953,0.843007915882
0.451767213112,0.848284960737
0.451721496192,0.833773086599
0.451762609715,0.840369392668
0.451770734032,0.841688654983
0.451765838273,0.846965699995
0.451748917867,0.829815302801
0.451792197366,0.849604221636
0.451876418021,0.833773087071
0.451799106787,0.836411610285
0.451692293691,0.840369393769
0.451743578376,0.850923483479
0.451780985559,0.835092348442
0.451922392468,0.84432717741
0.451821002136,0.845646438309
0.451813051914,0.833773087229
0.451759256993,0.84828495995
0.451780297354,0.828496042531
0.451858322271,0.833773086914
0.451733291306,0.849604222422
0.451777590139,0.841688654983
0.451747126504,0.8324538257
0.451752521432,0.837730870555
0.451741138675,0.837730870555
0.451773637439,0.845646437523
0.451743708437,0.839050131297
0.451819627298,0.846965699523
0.45174103991,0.832453825858
0.451802399983,0.850923482692
0.451737164036,0.843007915725
0.451781143221,0.815303430865
0.451793917094,0.839050132241
0.451800866775,0.83905013114
0.451760926434,0.836411609499
0.451751806255,0.841688654196
0.45181227674,0.845646438309
0.451753392619,0.828496042531
0.451766337757,0.844327177096
0.451754226534,0.83113456543
0.451628422989,0.837730871341
0.451658694364,0.852242744378
0.451787599316,0.83509234797
0.451799574659,0.840369393454
0.451777393868,0.845646437523
0.451793011543,0.84168865514
0.451773915961,0.845646437995
0.45185476746,0.83641160887
0.451868559094,0.84036939314
0.451779585243,0.837730870083
0.451813429358,0.861477572402
0.45181624037,0.835092348599
0.451695362465,0.829815302801
0.451626408855,0.845646437837
0.451687907402,0.829815304059
0.451775460334,0.843007915882
0.451776699057,0.827176781632
0.451735395083,0.83641160887
0.451727344367,0.837730870241
0.451752573645,0.837730870083
0.45171745723,0.828496041587
0.451730209086,0.845646437837
0.451700142631,0.835092347813
0.451723295812,0.829815304059
0.451681698847,0.844327177567
0.451686188343,0.82981530343
0.451839957514,0.84960422195
0.451834870674,0.836411610128
0.451718329754,0.853562006063
0.451762581878,0.840369393926
0.451768758272,0.836411609341
0.451772633753,0.831134564487
0.451771272676,0.836411610285
0.451822936456,0.849604221007
0.451807923871,0.8324538257
0.451751011972,0.845646437523
0.45180761531,0.833773086914
0.451708414938,0.856200528019
0.451679836005,0.833773086442
0.451686735833,0.829815303745
0.451696498413,0.83641160887
0.451674469307,0.846965699523
0.451719694842,0.824538258732
0.45175100922,0.854881266491
0.45172829411,0.836411609027
0.451758637592,0.84828495995
0.451757056103,0.832453826015
0.451719403267,0.844327176624
0.451730696853,0.837730870241
0.451788685253,0.841688654196
0.451732478702,0.829815302958
0.451702815876,0.846965698737
0.451704325022,0.8337730877
0.451714860732,0.849604221007
0.451660725246,0.839050131769
0.451693676943,0.836411609341
0.451710839699,0.846965699523
0.451647396846,0.836411609341
0.451753146416,0.854881266019
0.45168976183,0.841688653724
0.451653623408,0.846965698737
0.45170150709,0.848284960737
0.451621044987,0.83773087087
0.45170096483,0.846965699051
0.451783078484,0.845646438624
0.451765743205,0.845646437523
0.451643254795,0.835092348285
0.451663270632,0.845646437523
0.451678754236,0.844327177567
0.45177215495,0.844327177567
0.451743599371,0.846965699995
0.451696429844,0.832453826487
0.451681779132,0.845646437523
0.451667261234,0.825857520575
0.451667695058,0.856200527233
0.451751281844,0.844327176938
0.451820227433,0.832453825543
0.451834121921,0.843007915253
0.451770268361,0.840369393926
0.451798473074,0.840369393926
0.451782341761,0.848284960737
0.451731992743,0.829815303273
0.45164666602,0.841688654983
0.451713411978,0.828496042688
0.45170137357,0.837730871499
0.451702912596,0.832453826015
0.451694883583,0.837730871027
0.451702771291,0.840369392511
0.451684602961,0.83641160887
0.451698406391,0.839050131454
0.45167661531,0.831134564958
0.451739482798,0.84300791541
0.451741782609,0.845646437523
0.45165927201,0.846965699051
0.451631413365,0.82453825889
0.451657911561,0.846965699051
0.451737393962,0.833773087386
0.451863789582,0.827176781789
0.451748730168,0.846965699051
0.451805189763,0.829815304059
0.451673147468,0.848284960737
0.451714245499,0.832453825386
0.451841907954,0.836411609813
0.451726064204,0.831134564015
0.451680827188,0.843007915882
0.451777136735,0.843007915882
0.451812534502,0.829815303273
0.451594092758,0.844327176466
0.451569887414,0.852242743592
0.451593646903,0.828496042688
0.451746130053,0.840369393297
0.451793935966,0.839050131769
0.451658560843,0.845646437837
0.451651986796,0.840369393769
0.451682089816,0.844327176781
0.451794224238,0.831134565273
0.451754540205,0.846965699051
0.451678960179,0.835092348442
0.451612546765,0.835092348285
0.451713690657,0.836411609499
0.451699796641,0.843007915882
0.451641440077,0.835092348599
0.451679584927,0.844327176309
0.451758858239,0.827176781317
0.451738900434,0.850923482221
0.451758766001,0.815303429922
0.451802410991,0.850923483164
0.451891089807,0.844327177096
0.451697517039,0.829815304059
0.451591739947,0.841688654983
0.451595610003,0.836411610285
0.451657433151,0.844327176152
0.451694860622,0.844327176624
0.451675391134,0.845646437837
0.451686847847,0.837730870241
0.451632338967,0.828496042531
0.451679691004,0.836411609499
0.451710261188,0.841688653724
0.451707119048,0.831134564958
0.451710713963,0.843007916196
0.451725707284,0.839050131297
0.451685305164,0.841688653724
0.451671912834,0.839050131297
0.451726543204,0.832453826172
0.451732319625,0.831134564172
0.451677055582,0.845646438152
0.451701014998,0.833773086442
0.451687365063,0.833773086914
0.45174745315,0.843007915882
0.451822948959,0.832453826015
0.451797755696,0.85224274485
0.45183677126,0.836411609813
0.451693668372,0.845646437366
0.451713788557,0.852242744378
0.45161591022,0.836411609027
0.451617039288,0.857519788289
0.451626246554,0.835092349071
0.451599225834,0.841688654039
0.451692735929,0.849604221479
0.451695338717,0.839050132555
0.451686219678,0.836411608712
0.451720803583,0.848284960265
0.451757045094,0.835092348128
0.451648340219,0.837730870083
0.451697387135,0.844327176624
0.451751858389,0.837730871027
0.451701389454,0.837730871027
0.451674741459,0.850923483636
0.451658343734,0.824538258418
0.451656071995,0.832453826015
0.451684298018,0.85356200512
0.451651263363,0.839050131769
0.451689542834,0.835092348914
0.451646503484,0.833773086914
0.451729622947,0.837730870712
0.451698321151,0.841688654668
0.451617617563,0.819261213091
0.451625516515,0.841688654196
0.451659568224,0.82321899689
0.451732663806,0.845646438309
0.451776039003,0.843007916354
0.451696887337,0.843007915725
0.45169804892,0.829815303745
0.451682199589,0.832453826172
0.451696604569,0.846965699995
0.451727531752,0.844327177567
0.451652262802,0.828496042374
0.451633452976,0.835092349071
0.451754195709,0.84168865514
0.451697911428,0.83113456543
0.451644750651,0.843007915882
0.451637359596,0.831134564487
0.451642545358,0.850923482692
0.451653144919,0.843007916354
0.451687618579,0.843007915095
0.451636980187,0.839050131297
0.451647487511,0.850923482221
0.4517671977,0.833773086442
0.451659567988,0.853562005592
0.451671987379,0.836411609813
0.451706535741,0.837730870555
0.451618739672,0.848284960265
0.451708279688,0.837730870555
0.451799005034,0.823218997204
0.451763660266,0.839050131297
0.451711260864,0.843007915725
0.451712301822,0.843007915095
0.451694807072,0.832453825386
0.451620423228,0.845646437837
0.451608433966,0.845646437523
0.451763161883,0.840369392668
0.451721807111,0.823218997204
0.451615380109,0.844327176624
0.451657123097,0.864116095301
0.451767308731,0.835092349071
0.451714588658,0.836411609341
0.451621331609,0.836411610285
0.45158284706,0.846965699051
0.451646396699,0.84036939314
0.451675214994,0.827176780374
0.451618352241,0.829815303273
0.451662090334,0.833773086599
0.45170338849,0.845646438624
0.451754135947,0.848284961209
0.451646126826,0.844327176309
0.451595862025,0.836411609656
0.451653164263,0.846965699995
0.451760705511,0.835092348914
0.451726003027,0.841688653724
0.451656766885,0.84828495995
0.451631617735,0.833773087386
0.451609970869,0.841688654983
0.451582564134,0.833773086914
0.451635039891,0.829815303587
0.451624758168,0.852242743434
0.451644410244,0.840369392983
0.451685693459,0.825857520418
0.451676931498,0.853562006063
0.451615219695,0.84960422195
0.451596809173,0.840369393454
0.451562662081,0.844327177096
0.451700455281,0.837730870083
0.451682845018,0.846965699838
0.451609058714,0.840369393454
0.451556567545,0.828496041745
0.451606229695,0.835092349071
0.451715481155,0.853562006063
0.45173401647,0.840369392983
0.451633745102,0.837730870083
0.451621873476,0.832453826644
0.451648732446,0.839050132241
0.451691811192,0.837730870241
0.451656433712,0.829815303745
0.451627668101,0.856200528491
0.451636133691,0.837730871027
0.451633240192,0.831134564172
0.451615723818,0.839050132241
0.451711345631,0.828496043003
0.451651815689,0.839050132712
0.451759532526,0.82321899689
0.451739139639,0.848284960737
0.451652294492,0.836411609341
0.451639695344,0.836411609341
0.451641921947,0.837730870083
0.451665361355,0.837730871499
0.4517578864,0.844327176624
0.451783443111,0.837730871027
0.451633091652,0.841688654983
0.45161261553,0.837730870241
0.451604022278,0.843007915567
0.451625604743,0.840369393454
0.4516778306,0.846965698737
0.451640739526,0.852242743592
0.451624042519,0.844327177096
0.451632290056,0.835092347813
0.451641028899,0.846965699838
0.451646088767,0.837730871027
0.451628672809,0.83113456543
0.451568722882,0.853562005277
0.451563353274,0.843007915882
0.451614047496,0.841688653882
0.451708805435,0.832453826329
0.451843930895,0.845646438781
0.451709482082,0.840369393926
0.451586619373,0.840369392983
0.451626623054,0.843007916354
0.451642181675,0.840369393454
0.451621323116,0.840369392511
0.451604201328,0.846965698579
0.451601831768,0.823218997519
0.451608684573,0.829815303745
0.451741603009,0.843007916354
0.451696145189,0.835092349071
0.451663668442,0.837730871341
0.451608692436,0.857519789233
0.451624901046,0.844327177567
0.451637532434,0.844327177567
0.451652890931,0.832453825858
0.451661209475,0.843007916354
0.451605695848,0.831134565273
0.451629752849,0.850923483479
0.451570622839,0.837730870083
0.45157465032,0.827176780845
0.451665249538,0.840369393297
0.451679230208,0.837730871027
0.451670170617,0.83773087087
0.451661303639,0.846965698737
0.451625842925,0.839050132712
0.451662998873,0.835092348599
0.451691252025,0.836411609813
0.451641026933,0.845646437523
0.451736083918,0.843007915882
0.451677375859,0.843007916196
0.451701979445,0.839050131769
0.45166160988,0.848284960737
0.451562684098,0.835092347656
0.451556578947,0.845646437837
0.451557558649,0.832453826644
0.451587853142,0.835092348914
0.451642260938,0.833773086442
0.451634397136,0.849604222422
0.45175120494,0.839050131769
0.451720699865,0.848284961051
0.451667559021,0.845646438624
0.451631262151,0.839050132241
0.451679246249,0.83641160887
0.451686255221,0.836411609813
0.451662451501,0.853562005592
0.451715725708,0.835092348285
0.451744741374,0.850923483164
0.45177580829,0.829815304216
0.451636537713,0.849604221164
0.451668630961,0.831134563857
0.451681742332,0.858839050446
0.451581324153,0.821899735519
0.451534335091,0.836411609813
0.451588428744,0.83641160887
0.451647053372,0.837730870555
0.451717417599,0.848284960265
0.451601053055,0.846965699995
0.451595969557,0.837730871499
0.451685045671,0.849604221479
0.451622674129,0.841688654668
0.451596957713,0.836411609813
0.45156904135,0.836411609184
0.451547912762,0.845646437837
0.451584488153,0.836411610285
0.451696453356,0.848284960737
0.45176106424,0.840369392668
0.451686304131,0.827176781632
0.451682559733,0.845646438781
0.451721528589,0.831134564015
0.45172266092,0.844327177096
0.451655329532,0.833773087858
0.451574938514,0.845646437523
0.451535677218,0.845646437523
0.451493654607,0.832453826172
0.4515537412,0.829815304059
0.451618557476,0.845646437995
0.45164540355,0.825857519632
0.451692627571,0.84828495995
0.451672382515,0.831134564172
0.451586382056,0.85883904966
0.451611965895,0.844327176938
0.451567139191,0.843007914938
0.451648965045,0.825857520103
0.451646808584,0.845646437837
0.451582645521,0.825857519946
0.451603538757,0.841688653724
0.451653038763,0.83641160887
0.451712069694,0.839050132712
0.451712677929,0.841688654196
0.451584856947,0.839050131454
0.451558923344,0.841688653882
0.451559893925,0.833773087071
0.451539156855,0.835092348442
0.45155990855,0.848284960265
0.451623550899,0.846965698737
0.451589398931,0.848284960737
0.451654472263,0.833773086442
0.451656797001,0.837730871027
0.451613701349,0.839050132712
0.451587281787,0.843007915882
0.451656834038,0.825857519632
0.451667654797,0.839050132712
0.451647165897,0.825857520575
0.451574471664,0.84036939314
0.451609268037,0.837730870555
0.451644200606,0.841688654196
0.451625787017,0.860158312132
0.451632238001,0.841688654196
0.451643516017,0.833773086914
0.451632267882,0.837730870555
0.451614993936,0.835092348599
0.451598338055,0.854881265862
0.451636560124,0.833773086914
0.451650765609,0.835092348128
0.451591557909,0.850923482692
0.451579972826,0.849604221164
0.451603508562,0.844327176152
0.451604271863,0.836411609027
0.45161351538,0.833773086442
0.451680578626,0.835092347656
0.451717200411,0.829815304216
0.451621317926,0.846965698579
0.451589713232,0.833773087858
0.451580337531,0.844327177096
0.451586816588,0.846965698737
0.451605864439,0.836411610285
0.45161154418,0.828496042845
0.451647243902,0.84300791541
0.451640878787,0.844327177253
0.451660127273,0.833773086599
0.451635650327,0.844327176624
0.451544578244,0.845646438781
0.451522430833,0.83641160887
0.451512153042,0.857519788604
0.451643480475,0.837730870083
0.451744503585,0.831134565273
0.451780188839,0.827176780374
0.451653925756,0.835092348442
0.451646617503,0.84960422195
0.451602693598,0.8324538257
0.451568733105,0.852242743434
0.451612554943,0.829815303745
0.45156404148,0.835092347813
0.45161141868,0.839050132712
0.45158200772,0.82585751916
0.451618682898,0.840369392668
0.451645951315,0.840369393769
0.451611737069,0.836411609813
0.451607364149,0.848284961051
0.451546290934,0.833773086757
0.451588550784,0.84036939314
0.451555560321,0.852242743434
0.451633109188,0.837730870241
0.45166148438,0.850923482692
0.451634881993,0.833773087386
0.451661072023,0.827176781789
0.451730332856,0.845646437523
0.451658513426,0.852242743434
0.451594528784,0.837730871027
0.451619390919,0.848284960265
0.451588224846,0.828496042531
0.4515559818,0.841688654668
0.451582428215,0.833773087858
0.451566577036,0.850923483636
0.451614467953,0.848284960108
0.451598427226,0.858839050918
0.451564490795,0.831134564487
0.451563470125,0.84432717741
0.451556103918,0.828496042059
0.451585994311,0.845646438309
0.451640716958,0.839050132712
0.451672923596,0.844327176781
0.451618417115,0.843007914938
0.451588613062,0.83509234797
0.451636311483,0.827176780531
0.451587233742,0.833773087386
0.451574106959,0.846965699995
0.451555138056,0.835092348599
0.451564582482,0.850923482378
0.451636931434,0.833773086599
0.45158363002,0.829815304216
0.451564416879,0.837730870398
0.451579785284,0.833773087858
0.45156970974,0.846965699995
0.451651493761,0.832453826487
0.451592372401,0.846965699523
0.451613615088,0.828496043003
0.451709050931,0.846965699523
0.451642693347,0.836411610285
0.451636001114,0.843007916354
0.451551956206,0.827176780531
0.451579149763,0.843007914938
0.451546934082,0.837730870555
0.45159899866,0.841688653882
0.451638123605,0.841688653882
0.451670448038,0.829815303745
0.451744910045,0.839050131297
0.451594733233,0.840369393769
0.451574407341,0.831134564958
0.451579162895,0.835092347656
0.451595673932,0.850923482692
0.451574723136,0.836411609341
0.451555776879,0.839050132555
0.45166926947,0.833773086914
0.451590061266,0.839050131454
0.451526892688,0.845646438309
0.45162090667,0.825857519632
0.451629411577,0.857519788761
0.451568029329,0.829815303745
0.451608728136,0.836411609027
0.451593439387,0.832453825228
0.451617505824,0.839050132712
0.451638784604,0.833773087386
0.451635728254,0.829815303116
0.451621870252,0.854881266019
0.451634428275,0.833773086914
0.451598563263,0.85224274485
0.451664047144,0.83113456543
0.451694923372,0.823218997204
0.451586855118,0.840369393454
0.45157062166,0.846965699523
0.451545768646,0.843007915882
0.45153469783,0.85224274485
0.451557858481,0.854881265704
0.451584919383,0.833773086442
0.451590743103,0.829815303116
0.451603258977,0.844327176624
0.451613786038,0.837730870555
0.451652786663,0.837730870083
0.451639563081,0.829815303745
0.451557309615,0.848284960737
0.451512084551,0.843007915567
0.451474859328,0.832453826172
0.451496525931,0.846965699995
0.451561603115,0.844327176309
0.451564976754,0.836411609813
0.451554151041,0.84168865514
0.451588946471,0.856200527233
0.451586494345,0.825857519317
0.451570947755,0.844327177567
0.451587742661,0.825857519317
0.451642608265,0.836411610128
0.451617858026,0.841688653882
0.451560851766,0.829815303745
0.451543394211,0.840369393454
0.451585997535,0.837730870712
0.451653938888,0.833773087386
0.451668663594,0.84960422195
0.45158479231,0.849604221479
0.451610155423,0.841688654196
0.451580306471,0.84300791541
0.451571845128,0.8337730877
0.451538853406,0.840369393926
0.451546953819,0.835092348128
0.451533845515,0.841688653724
0.451640798423,0.843007914938
0.451690732882,0.85224274485
0.451598368801,0.837730870555
0.451635168182,0.831134564644
0.451638862923,0.841688654511
0.451659365427,0.835092347813
0.451591044428,0.839050131454
0.451644987418,0.823218997361
0.451567890933,0.841688654983
0.45158581361,0.83113456543
0.451564579652,0.840369393297
0.451558557931,0.85224274485
0.451603442116,0.845646437523
0.451607924731,0.833773086442
0.451582210989,0.835092348599
0.451529654632,0.839050132241
0.451525423253,0.828496041587
0.451610648616,0.839050131454
0.451585678281,0.841688654983
0.451523037416,0.83509234797
0.451562304925,0.848284960265
0.451592021221,0.839050131769
0.451604581524,0.848284960737
0.451554199322,0.82058047572
0.451534522555,0.845646437366
0.451533617634,0.845646437837
0.451567995399,0.841688654354
0.451686976925,0.829815303273
0.45161223388,0.841688653724
0.451570905607,0.845646438781
0.451684418093,0.839050132241
0.451652292526,0.849604221479
0.451576324126,0.844327176152
0.451471147369,0.832453825858
0.451538616246,0.841688653567
0.451588891899,0.841688653724
0.451661507577,0.846965698579
0.451601103381,0.828496042845
0.451520461048,0.843007916354
0.451551092961,0.820580474777
0.451574578606,0.849604222422
0.45155455577,0.84828495995
0.451571732366,0.832453826644
0.451582482827,0.829815302958
0.451575620665,0.848284960737
0.451529801678,0.848284960737
0.451523503873,0.840369393454
0.451531214025,0.844327177567
0.451519897478,0.849604222422
0.451586504253,0.829815303116
0.451704533559,0.845646437523
0.451626752486,0.82453825889
0.451589629565,0.844327176152
0.451581454843,0.840369392668
0.451522684546,0.840369393454
0.451529076357,0.840369393926
0.451572643578,0.831134564015
0.451617663957,0.846965699051
0.45164288144,0.831134564015
0.451609504333,0.84828495995
0.451569547125,0.831134564172
0.451608806455,0.83641160887
0.451647996273,0.845646437366
0.451668789173,0.8324538257
0.45156125107,0.849604221164
0.451511694762,0.827176781789
0.451468686001,0.837730870555
0.451536272399,0.849604221479
0.451560436264,0.839050131769
0.451530881639,0.832453826015
0.451553197052,0.832453826172
0.451593079793,0.827176780216
0.451535689485,0.843007915567
0.45156552216,0.839050132241
0.451578366882,0.839050132712
0.451530202555,0.846965698422
0.451514137766,0.849604221164
0.451588742573,0.836411609027
0.451704975955,0.841688654196
0.451671096455,0.827176781317
0.451574909891,0.845646437523
0.451555581395,0.823218998148
0.451526045642,0.832453826172
0.451573224527,0.840369392983
0.451600225903,0.843007915725
0.451639003757,0.843007916196
0.451588540404,0.844327176624
0.451563096298,0.823218997676
0.451583482266,0.839050132712
0.451580375983,0.833773086757
0.451563977314,0.845646437837
0.451576521025,0.836411609341
0.451529158609,0.850923482063
0.451587005545,0.825857520575
0.451535849741,0.84960422085
0.451546357773,0.840369393926
0.45155330368,0.836411610285
0.451577432316,0.829815302801
0.451578963401,0.827176781396
0.451552711486,0.840369393926
0.451514554527,0.846965699838
0.451521645907,0.843007915095
0.451528730367,0.840369392511
0.451605440208,0.831134564487
0.451584377437,0.837730870241
0.451589973904,0.839050132712
0.45156476279,0.837730870083
0.451561757631,0.845646438624
0.451507516618,0.839050132555
0.451532909455,0.82453825889
0.451545490753,0.840369393297
0.45156335925,0.835092348442
0.451528051441,0.837730871341
0.451569508751,0.841688654196
0.451558335711,0.840369392668
0.451641872171,0.837730870241
0.451637214595,0.850923482535
0.451581410022,0.840369393297
0.451597873485,0.839050131769
0.451640835774,0.840369393926
0.451575656994,0.853562004805
0.451564779854,0.832453826644
0.451557652027,0.845646438781
0.45158311764,0.835092348285
0.451539556081,0.837730870555
0.451523573701,0.840369392511
0.451625452979,0.837730870241
0.451597428888,0.84960422195
0.4515632689,0.837730871027
0.451553127539,0.835092348599
0.451558414581,0.849604222422
0.451518670078,0.841688653724
0.45153523671,0.850923483636
0.451512744763,0.837730870555
0.45151263098,0.846965699995
0.451520613363,0.827176781789
0.45155910837,0.844327177096
0.451577951694,0.831134564958
0.451594851577,0.840369392354
0.451618120349,0.850923483007
0.451593757462,0.84828495995
0.451546867164,0.837730871499
0.451534410423,0.837730871341
0.451533736686,0.841688654196
0.451546695113,0.839050132555
0.451616677178,0.8324538257
0.451614523469,0.83641160887
0.45155650912,0.844327176309
0.451548130657,0.845646437523
0.451603658124,0.860158310874
0.451515820772,0.831134564644
0.451528437298,0.836411609027
0.451488252051,0.836411610285
0.451527328793,0.832453826644
0.451586863768,0.839050131769
0.451577003839,0.835092347656
0.451562358317,0.84828495995
0.451607240536,0.829815303745
0.4515616017,0.844327176309
0.451539903407,0.84300791541
0.451575083594,0.840369392511
0.451600603661,0.835092348914
0.451578224083,0.857519789705
0.451598561219,0.843007916196
0.451602764801,0.84168865514
0.451529717461,0.84300791541
0.451515330016,0.825857520418
0.451519158082,0.83773087087
0.451613005202,0.843007915567
0.451548189475,0.831134564487
0.451570022723,0.852242743592
0.451497423303,0.840369392511
0.451523860479,0.843007916354
0.451552479358,0.837730870083
0.451529756031,0.84168865514
0.451511351603,0.84960422195
0.451522942111,0.844327176152
0.451559755529,0.846965699051
0.451615911321,0.836411609027
0.45155695757,0.82453825889
0.451529771168,0.850923483164
0.451491099549,0.827176780374
0.451507072493,0.839050132241
0.451550719763,0.82585751916
0.451633774747,0.84960422195
0.451577296279,0.837730871027
0.451589894641,0.837730869926
0.451580871221,0.824538257946
0.4515494753,0.832453826644
0.451614206731,0.82453825889
0.451597202736,0.839050131454
0.451568017692,0.832453826329
0.451537456432,0.841688654354
0.451523023576,0.85224274485
0.451540152363,0.846965699523
0.451513967995,0.831134564487
0.451506314146,0.835092348442
0.451505101844,0.840369393926
0.451587815241,0.839050131297
0.451623259717,0.858839050132
0.45162276904,0.823218997519
0.45153936036,0.854881265862
0.451509793665,0.836411610285
0.451485096622,0.840369392668
0.451496351992,0.850923483164
0.451589314007,0.824538259204
0.451652749626,0.843007915882
0.45166999369,0.841688654668
0.451566198413,0.823218997204
0.451494089768,0.837730870555
0.451473077872,0.854881266333
0.45148266329,0.831134564487
0.451518322358,0.848284960265
0.45157986612,0.845646437208
0.451615645734,0.850923483164
0.451595404375,0.829815304216
0.451566564691,0.833773087229
0.451590943226,0.850923483164
0.451646469121,0.835092349071
0.451576589673,0.839050131769
0.451608073586,0.844327176309
0.451545848695,0.85883904966
0.451509855668,0.828496042845
0.451518113821,0.84168865514
0.451552458284,0.845646438309
0.451546598707,0.837730871027
0.451563070192,0.828496041902
0.451540598297,0.841688653724
0.451514193439,0.839050132241
0.451593727974,0.837730871027
0.451549262595,0.839050131454
0.451597040671,0.829815302958
0.451548349889,0.840369392511
0.451566052547,0.835092348914
0.451532912836,0.844327177096
0.451545728071,0.827176780845
0.451557299393,0.837730870398
0.451571558113,0.832453826644
0.451538654541,0.846965698579
0.451562193893,0.835092348128
0.451523342516,0.833773087386
0.451469198695,0.856200528491
0.451505156652,0.8337730877
0.451498052061,0.831134565273
0.451541746197,0.843007915253
0.451534464287,0.854881267277
0.451543753254,0.836411609813
0.451528002766,0.837730870555
0.451509247355,0.841688654354
0.451529009361,0.831134564329
0.451538755192,0.836411610128
0.451559328624,0.848284959636
0.451571791342,0.841688654196
0.451549032983,0.835092347813
0.451529357553,0.828496042059
0.451580054527,0.835092348599
0.45158681014,0.837730871027
0.451562233525,0.836411609027
0.451547482004,0.839050132712
0.451573986334,0.833773087386
0.451610377879,0.857519789233
0.451593324267,0.823218997676
0.451547853629,0.837730870555
0.4515466694,0.833773086914
0.45153569436,0.839050131769
0.451540628296,0.840369393926
0.451560165212,0.829815302958
0.45153916118,0.843007914938
0.451549230905,0.837730871027
0.451628361969,0.835092347656
0.451625701305,0.832453825386
0.451567493045,0.841688654668
0.451537510808,0.84828495995
0.45146666652,0.827176780531
0.451486429784,0.853562005434
0.451517659787,0.82717678116
0.451518731098,0.850923482378
0.451525141822,0.835092348914
0.451533991617,0.860158310717
0.451499399378,0.845646437837
0.45151794633,0.849604221479
0.451553012026,0.839050131454
0.451527159573,0.837730871499
0.451524178397,0.841688653882
0.451537036644,0.832453826172
0.451567790911,0.836411610128
0.451542769542,0.837730871499
0.451512929632,0.821899736462
0.451456561331,0.839050131769
0.451471432296,0.848284960265
0.451513577577,0.843007916354
0.451570285499,0.8337730877
0.451541018911,0.836411610285
0.451562024515,0.831134565273
0.451575512936,0.844327175995
0.451550967146,0.839050132241
0.45150454881,0.844327177567
0.451538052754,0.827176780374
0.451537160571,0.845646437366
0.451599776745,0.829815304059
0.451556647359,0.845646438152
0.451568381453,0.835092349071
0.451566394527,0.845646438309
0.451585533083,0.827176780531
0.451518422853,0.840369392668
0.451481876634,0.827176780374
0.451498506881,0.839050132712
0.451513194314,0.837730870241
0.451509559217,0.836411609341
0.451602272748,0.844327177567
0.451559447912,0.845646437523
0.451530627415,0.831134564958
0.451528399475,0.857519789233
0.45152821956,0.837730870555
0.451498209015,0.839050131454
0.451572571864,0.823218998148
0.45154899056,0.833773086599
0.451497829527,0.836411609813
0.45152416786,0.844327177096
0.451539250508,0.83509234797
0.451537812448,0.848284961209
0.451545106232,0.844327176624
0.451511018666,0.850923482692
0.451501631721,0.844327176152
0.451491318781,0.844327177096
0.451498761341,0.853562005592
0.45148854803,0.837730870555
0.451504055303,0.850923483164
0.451517667651,0.836411609656
0.451527340116,0.835092348599
0.451580136464,0.846965698579
0.451616966158,0.831134564958
0.451620617061,0.840369392983
0.451545819129,0.846965699208
0.451496844556,0.848284960737
0.451507047487,0.832453825386
0.451505275704,0.845646438624
0.451488834572,0.843007914938
0.451522798054,0.837730871341
0.451575959893,0.84168865514
0.451551228998,0.833773086914
0.451505707719,0.839050132712
0.451472689734,0.846965698737
0.451491022723,0.833773087858
0.451503070175,0.846965699838
0.451488625799,0.843007915095
0.451518418292,0.833773087386
0.451518508485,0.833773086442
0.451528682872,0.841688654196
0.451530980482,0.835092348599
0.451503107919,0.835092348128
0.451533515409,0.835092347656
0.45152814879,0.844327176938
0.45158182922,0.828496042845
0.451609785528,0.845646438781
0.451554616869,0.843007915567
0.451533324328,0.833773087386
0.451579782375,0.832453825386
0.451547668131,0.841688653882
0.451505204697,0.839050132241
0.451497493916,0.845646438781
0.451504776849,0.852242743592
0.451492046461,0.829815302801
0.451562361384,0.850923483164
0.451546424769,0.836411610285
0.451537085083,0.841688653724
0.451509313722,0.835092347813
0.451528904935,0.835092348128
0.451532305309,0.84300791541
0.451561788141,0.843007916196
0.451557536396,0.835092348442
0.451539687006,0.846965699051
0.451629533617,0.839050132712
0.451533087168,0.843007914938
0.451492729162,0.84036939314
0.451478806366,0.831134564172
0.451567813715,0.837730870241
0.45150097165,0.832453826015
0.451497686806,0.829815304216
0.451490475509,0.846965699051
0.451457727003,0.837730870241
0.451517977548,0.835092348128
0.451528960451,0.835092348757
0.451559805147,0.839050132712
0.45158755103,0.839050132712
0.45159679148,0.853562004491
0.451539461641,0.832453825386
0.451506578513,0.837730870083
0.451529053003,0.827176781632
0.451576478327,0.845646437837
0.451629463003,0.831134565273
0.451553577483,0.841688653567
0.451536318715,0.846965698737
0.451498203982,0.849604221164
0.451455551433,0.829815303745
0.451450151787,0.852242744378
0.45150868457,0.836411609027
0.451558738475,0.841688654511
0.451600933295,0.841688654983
0.451656876029,0.845646438781
0.451726057992,0.854881266333
0.451557425522,0.841688654668
0.451513792327,0.841688654196
0.451504282241,0.837730871341
0.451486291703,0.840369392511
0.451476653758,0.848284960265
0.451500052827,0.836411609341
0.451514574028,0.837730870555
0.451564880978,0.839050132241
0.451593787028,0.820580475249
0.451538962236,0.837730871341
0.451555931317,0.84960422195
0.45151353881,0.846965698579
0.451486225808,0.845646437837
0.451493213233,0.837730870241
0.451551234502,0.833773087386
0.451532092604,0.833773086757
0.45165238437,0.846965699995
0.451575165295,0.832453826644
0.451496053261,0.856200528019
0.451478356736,0.827176780845
0.451471447787,0.837730871499
0.451554891616,0.840369393297
0.451609951604,0.840369392983
0.451522302187,0.846965698579
0.45144005108,0.83641160887
0.451443356857,0.843007914781
0.451483908146,0.836411609341
0.451499142559,0.835092347656
0.451468184315,0.835092348128
0.451486801645,0.831134564487
0.451523661613,0.841688653882
0.451557109884,0.833773086757
0.451536559099,0.833773086914
0.451534338472,0.843007915882
0.451532319699,0.836411609341
0.451572069235,0.844327176309
0.451642792741,0.849604221636
0.451637364079,0.8324538257
0.451521646222,0.841688654983
0.451479420184,0.832453826487
0.451485767685,0.86543535683
0.451456800143,0.837730871027
0.451463875481,0.849604221479
0.451514469838,0.819261214507
0.451609721756,0.835092348914
0.4516100727,0.843007914938
0.451598966814,0.846965699208
0.451558687599,0.829815303116
0.451549599699,0.841688653724
0.451483632612,0.831134564172
0.451506133523,0.835092347813
0.451517117527,0.832453825386
0.45149831753,0.825857519632
0.451467351187,0.835092348285
0.451462632512,0.843007915882
0.451483639925,0.828496043003
0.451550274065,0.829815302801
0.451582652362,0.835092347813
0.451541778437,0.839050132241
0.451571976918,0.848284961209
0.451573481975,0.836411609184
0.451519963452,0.848284960108
0.451505357011,0.850923482378
0.45149774932,0.840369393454
0.451528850127,0.827176780374
0.451532814308,0.856200527233
0.451514983712,0.84168865514
0.451565070328,0.849604222422
0.45151919614,0.828496041902
0.451462948936,0.835092348128
0.451473426772,0.832453825228
0.451478575418,0.840369393769
0.451480408143,0.835092348914
0.451533273374,0.857519788761
0.451574846119,0.832453826329
0.451519556914,0.848284959793
0.451534532777,0.825857520182
0.45157910447,0.846965699051
0.451533382518,0.829815303587
0.451467008893,0.84168865514
0.451465465227,0.841688654196
0.45147515397,0.850923483164
0.451569847979,0.839050132083
0.451573105475,0.829815302958
0.451552675393,0.828496042374
0.451561371066,0.845646438309
0.451501134754,0.837730870712
0.451519293175,0.821899736305
0.451559391846,0.84960422195
0.451546389619,0.850923482378
0.451565019216,0.837730870083
0.451493369872,0.844327177567
0.451483028545,0.841688654668
0.45146183933,0.843007915095
0.451483929692,0.843007915095
0.451516717751,0.841688654196
0.45152739343,0.833773086599
0.451484392925,0.848284960422
0.451522124789,0.840369392354
0.451554706669,0.835092347656
0.451546880925,0.831134564015
0.451532639583,0.833773087386
0.451458451301,0.848284961209
0.451459809233,0.843007915567
0.451517546083,0.83773087087
0.451544106007,0.836411609341
0.45150292942,0.835092348599
0.451507562147,0.848284961051
0.451498336245,0.825857520103
0.451521968464,0.841688654511
0.451506881176,0.843007916354
0.451500415487,0.856200527233
0.451495538444,0.840369392668
0.451521125507,0.848284961209
0.451517042982,0.829815303745
0.451520058285,0.83773087087
0.451511901255,0.837730870241
0.451504273512,0.837730871499
0.45152809925,0.827176781789
0.451548804079,0.843007915725
0.451508219843,0.848284960265
0.451449424264,0.837730870083
0.451460337497,0.827176781317
0.451459354807,0.832453826487
0.451502327318,0.832453826172
0.451514155223,0.839050131769
0.451464830414,0.828496041745
0.451461260898,0.846965698579
0.451487069866,0.829815302801
0.451517454081,0.845646437837
0.45154588644,0.821899735361
0.451571991702,0.848284959793
0.451572324324,0.835092348599
0.451714639692,0.827176781317
0.451524918029,0.836411610285
0.451470590912,0.844327176624
0.45145141528,0.833773086442
0.451466620597,0.846965699838
0.451499542334,0.833773087071
0.451529795702,0.845646437837
0.451526163121,0.845646438624
0.451473541184,0.823218997991
0.451484452451,0.856200527547
0.451494204416,0.840369393454
0.451459214288,0.837730870241
0.451492511621,0.84828495995
0.451471968817,0.833773087386
0.451541074505,0.840369392511
0.451517981008,0.832453825228
0.451526538363,0.845646437366
0.45160830304,0.832453825071
0.451538980322,0.835092348442
0.451515402753,0.839050132712
0.451501002098,0.825857520575
0.451473300014,0.84168865514
0.451506648498,0.833773087386
0.45148333451,0.839050131926
0.451485201756,0.83773087087
0.451502035035,0.841688654039
0.451511279338,0.839050131769
0.451497119933,0.8337730877
0.451462661528,0.837730870083
0.451461458112,0.837730871027
0.451514026735,0.848284959793
0.451580558671,0.84036939314
0.451501810535,0.839050131454
0.451482819693,0.848284960737
0.451497281919,0.845646438152
0.451554517947,0.849604221479
0.451489619655,0.843007915095
0.451453935502,0.831134564172
0.451458305828,0.836411610128
0.451481639081,0.839050131297
0.451492639912,0.844327176781
0.451501049907,0.846965699995
0.451469377981,0.837730870083
0.451475475504,0.844327176624
0.451488189301,0.83641160887
0.451509572428,0.850923483007
0.451511810512,0.843007914938
0.451504736038,0.84300791541
0.451553000702,0.840369392511
0.45149378223,0.840369392668
0.451487454858,0.835092347656
0.451488843851,0.844327176624
0.451523661928,0.835092347656
0.451605004733,0.837730871341
0.45156214168,0.837730871027
0.451487339974,0.839050132083
0.451529934255,0.83641160887
0.45148977999,0.853562004648
0.451497637266,0.853562005906
0.451500430742,0.829815304059
0.451542247883,0.860158310874
0.451513871197,0.841688654668
0.451457333753,0.839050131769
0.451461491846,0.833773086442
0.451498215856,0.839050131769
0.451488325023,0.846965698737
0.45154337125,0.840369393926
0.451554430192,0.819261213249
0.451495866033,0.844327176152
0.451477562453,0.850923482692
0.451486665451,0.840369393454
0.451469532182,0.828496042059
0.451446507726,0.83113456543
0.451444838402,0.845646437837
0.451462472649,0.836411609813
0.451468295504,0.840369393454
0.451492959324,0.837730870712
0.451486022145,0.840369392668
0.451546439749,0.840369393454
0.451534309535,0.839050132241
0.451471196158,0.840369393926
0.451436379811,0.837730870083
0.451439288487,0.827176781632
0.451482302438,0.841688653724
0.451514916401,0.840369393454
0.451537678927,0.841688654511
0.451485134995,0.84960422085
0.451457445021,0.843007916196
0.451449959841,0.840369392983
0.451521645593,0.844327176938
0.451493120445,0.829815303273
0.451519352072,0.852242743906
0.451494116267,0.833773087858
0.451492033879,0.850923483636
0.451461095294,0.83641160997
0.451482129286,0.84036939314
0.451532958208,0.833773086914
0.451546656739,0.846965698579
0.451557868232,0.836411609499
0.451575382482,0.839050131297
0.451493814627,0.836411610128
0.451484781614,0.833773087386
0.451477532572,0.831134564958
0.45150419071,0.84960422195
0.451477613959,0.828496042059
0.4515012829,0.839050132712
0.451493017434,0.837730870083
0.45146314324,0.827176780845
0.451470333542,0.843007914781
0.451497217753,0.853562005434
0.451535264861,0.841688654354
0.451622966883,0.837730871027
0.451537572457,0.836411609341
0.451500739932,0.8337730877
0.451472355382,0.853562004805
0.451475610047,0.828496042845
0.451491585665,0.843007915882
0.451495367965,0.845646437523
0.451489460814,0.832453826487
0.451477361386,0.843007916354
0.451473103192,0.829815303745
0.451508517945,0.835092348914
0.451507167325,0.823218996732
0.45148484169,0.846965699995
0.451570799451,0.849604221636
0.45153476695,0.844327176309
0.451471893328,0.833773086599
0.451476800803,0.824538257946
0.451514846102,0.840369392983
0.451523412972,0.849604221793
0.451501918657,0.836411609341
0.451496023301,0.829815302958
0.451479528542,0.840369392668
0.451480825218,0.831134564015
0.451507611608,0.841688654354
0.451478179181,0.832453826172
0.451476761408,0.844327177096
0.45147212986,0.832453825228
0.451524703673,0.843007916196
0.451508575819,0.837730870241
0.451522588494,0.836411609813
0.451544329957,0.839050131769
0.451556140798,0.839050132712
0.451472184196,0.848284961209
0.451454562845,0.835092349071
0.45145493156,0.846965698579
0.45144905201,0.844327176624
0.451542525619,0.837730871341
0.451568984026,0.856200527547
0.451508655476,0.827176780845
0.451460809145,0.831134564015
0.451450047204,0.844327177096
0.451459714558,0.840369392668
0.451479539393,0.843007915095
0.451466400737,0.835092348914
0.451470169983,0.844327177096
0.451484951463,0.827176781789
0.451494450462,0.844327177567
0.451533767353,0.821899735676
0.451514528263,0.852242744378
0.451533010814,0.844327176781
0.451504998912,0.835092348128
0.451471386925,0.845646438309
0.451504067648,0.84036939314
0.451494233275,0.846965698737
0.451549342015,0.835092348599
0.451508970798,0.845646437523
0.451471555831,0.833773086757
0.451439622131,0.848284961209
0.451422948164,0.846965698579
0.451457662051,0.84300791541
0.451484424458,0.827176780374
0.451470946888,0.843007915882
0.451484924571,0.836411609499
0.451499033257,0.82321899689
0.451494435994,0.848284960265
0.451478826575,0.854881267277
0.451476872518,0.831134564487
0.451526815548,0.854881265862
0.451520072596,0.843007916196
0.451473320773,0.846965699523
0.45143212036,0.841688653882
0.45144318229,0.843007916354
0.451487184986,0.844327176624
0.451476853724,0.837730871499
0.451469901369,0.836411609341
0.451451394206,0.828496042059
0.451449470187,0.848284960108
0.451495134422,0.846965699523
0.45153945653,0.836411609341
0.451522821959,0.831134564487
0.451560504558,0.837730871499
0.451474680907,0.837730870083
0.451481695933,0.828496042216
0.451459172926,0.850923483636
0.451473518538,0.839050131769
0.451521127787,0.829815303587
0.451514511278,0.840369393769
0.451502459659,0.83641160887
0.451523500492,0.843007915882
0.45150060822,0.839050131769
0.451465317001,0.854881266333
0.451464264405,0.83641160887
0.451488199287,0.845646438309
0.451478241773,0.832453826644
0.451461809449,0.839050132555
0.451440648856,0.836411610285
0.451454349196,0.846965699523
0.451472579568,0.8324538257
0.451481524747,0.844327175995
0.451502130654,0.83641160887
0.451511459489,0.828496042374
0.451501878553,0.839050131297
0.451516317189,0.83641160887
0.451515724602,0.833773087071
0.451561471246,0.843007916196
0.4515492059,0.854881266019
0.451537192969,0.828496042845
0.451450572322,0.837730870555
0.45142286088,0.835092348914
0.451421259418,0.831134564015
0.451439357488,0.85224274485
0.451455597041,0.825857519946
0.451455480191,0.839050131297
0.451466273742,0.857519788918
0.451576189111,0.836411609027
0.451492729476,0.84168865514
0.451457627373,0.836411609656
0.451422565216,0.844327176938
0.451412193064,0.832453826015
0.45143924398,0.856200527704
0.451481978308,0.840369392511
0.451481001751,0.836411610285
0.451445316262,0.837730871499
0.451437656043,0.837730871499
0.451455019867,0.82453825889
0.45149205975,0.844327177567
0.45150528223,0.841688653882
0.451492009424,0.84300791541
0.451490039247,0.824538257946
0.451504125287,0.832453826172
0.451508838929,0.840369393454
0.451497314631,0.83905013114
0.451515696137,0.841688654511
0.451484688118,0.840369393926
0.451451215313,0.84168865514
0.45149329918,0.832453826172
0.451502407132,0.841688654039
0.45148405645,0.844327177096
0.451439956247,0.84432717741
0.451449314019,0.840369393454
0.451463660024,0.835092348599
0.451467168284,0.843007915725
0.451472513437,0.83641160887
0.451503008525,0.839050131769
0.451462946813,0.840369393612
0.451445052209,0.845646438781
0.451485337557,0.845646437366
0.451497261002,0.846965699523
0.451491669567,0.828496042059
0.451505470166,0.846965699995
0.451466690582,0.833773087858
0.45149542867,0.865435356987
0.451471413817,0.836411609813
0.451524334957,0.844327177096
0.451488185998,0.821899736934
0.451507284333,0.845646438309
0.451459805302,0.852242744063
0.451460659425,0.821899735676
0.451438464912,0.843007915095
0.45142778998,0.837730870241
0.451442193387,0.82717678116
0.451459844619,0.844327177096
0.451481022904,0.83641160887
0.451495013954,0.832453826172
0.45152044139,0.835092349071
0.451510499052,0.833773086442
0.451503968176,0.854881266491
0.451503665435,0.8324538257
0.451510544345,0.836411609027
0.451520699624,0.831134564329
0.451480708368,0.837730871027
0.451445355893,0.836411609027
0.451435162084,0.850923483636
0.45143914899,0.835092349071
0.451463357125,0.836411610285
0.451458074644,0.845646437523
0.451538623008,0.824538258418
0.451508019405,0.827176781317
0.451454422247,0.844327175995
0.451435080933,0.850923483479
0.451445387033,0.844327176309
0.451500799615,0.833773086914
0.451477940133,0.829815302801
0.451448675039,0.836411610285
0.45146355371,0.828496042216
0.451459821579,0.841688653567
0.451532825474,0.839050131769
0.451513693248,0.845646437366
0.451498535189,0.835092348285
0.451483956034,0.844327177096
0.451471916604,0.831134564801
0.451450405696,0.856200528491
0.451512266983,0.832453825858
0.451528727222,0.841688654983
0.45148791015,0.837730871027
0.451473130557,0.843007914938
0.451436563343,0.843007915882
0.45144875957,0.837730870241
0.451449899922,0.840369392668
0.451453336625,0.829815303273
0.451459453021,0.850923483164
0.451508928572,0.839050132241
0.451516154888,0.840369393454
0.451524416658,0.833773086599
0.451504149978,0.849604222422
0.451519377942,0.83113456543
0.451826244357,0.852242743749
0.451632093392,0.831134564487
0.451439444182,0.853562006063
0.451396939937,0.839050131297
0.4513978079,0.833773086442
0.451451416774,0.839050132712
0.451490273576,0.84300791541
0.45147360881,0.831134564487
0.451494445508,0.828496043003
0.451493219367,0.84036939314
0.451450042486,0.83509234797
0.451483242273,0.837730871499
0.451454742445,0.841688654983
0.451482538969,0.841688654196
0.451481877028,0.852242743434
0.451468337023,0.83641160887
0.451489290807,0.837730871499
0.451495215887,0.82189973599
0.451476586054,0.84960422195
0.451509565665,0.840369393926
0.451486157081,0.823218996575
0.451444135178,0.850923483164
0.451460802933,0.81530342945
0.451489733203,0.86015831166
0.451508637075,0.833773087386
0.45149902964,0.845646437523
0.451501691011,0.827176781317
0.451492868187,0.844327177567
0.451441336512,0.84828495995
0.451460244473,0.829815304059
0.451484609562,0.843007915725
0.451489493526,0.848284960108
0.4515065793,0.833773086914
0.451454889766,0.840369392668
0.451412466554,0.848284960265
0.451418867133,0.827176780374
0.451440948138,0.841688654196
0.451465737615,0.839050132712
0.451489185595,0.845646438309
0.4515098964,0.837730871499
0.451496108069,0.844327176309
0.451493411391,0.825857519946
0.451453390489,0.856200527233
0.451446006826,0.831134565273
0.451482637891,0.840369393769
0.451478746132,0.846965699995
0.451470927544,0.827176780845
0.451463415629,0.846965699208
0.451489446188,0.835092349071
0.451476634256,0.832453826644
0.451512504379,0.835092347656
0.451488920284,0.839050131454
0.451448095977,0.832453826644
0.451444192423,0.836411610285
0.451433803916,0.831134564015
0.451438598394,0.83773087087
0.451517491746,0.836411610285
0.451500160163,0.846965699523
0.451446975599,0.839050132241
0.45142392535,0.837730871499
0.451416301853,0.828496041745
0.451472402405,0.840369392983
0.451513638361,0.835092347656
0.451479935237,0.846965698737
0.451481325488,0.832453826172
0.451498278213,0.841688654668
0.451465554319,0.837730871341
0.451476975214,0.844327176624
0.451517533816,0.83773087087
0.451466960533,0.853562004805
0.451450600866,0.823218997676
0.451445556174,0.843007914938
0.451429684669,0.846965699208
0.451459985374,0.845646437366
0.451484124705,0.836411610128
0.451488832606,0.850923482692
0.451461628669,0.832453826172
0.451450643879,0.848284960737
0.451459634508,0.839050132712
0.451469783733,0.840369392983
0.451503139333,0.837730870241
0.451497444691,0.837730870241
0.451504604876,0.837730871027
0.451508222988,0.845646438781
0.451486580919,0.846965699995
0.451447293044,0.836411610285
0.451431334805,0.840369392983
0.451428419367,0.846965698894
0.451488854388,0.833773086914
0.451501691562,0.84300791541
0.451495342173,0.841688654668
0.451465576808,0.831134564015
0.451451518448,0.835092348914
0.451480082755,0.827176781632
0.451470258368,0.82453825889
0.451477679539,0.841688653724
0.451454225741,0.836411609027
0.451453456149,0.854881267277
0.45145277156,0.828496041902
0.451454540041,0.849604221007
0.451485513619,0.836411610285
0.451491705818,0.839050131297
0.45152545565,0.850923482378
0.4514937091,0.845646438309
0.451478215038,0.82058047462
0.45145455105,0.841688654196
0.451440327715,0.831134565273
0.4514461891,0.829815304216
0.451438599023,0.833773087386
0.451446907305,0.840369392668
0.451435933563,0.835092348285
0.451423701086,0.840369392983
0.451466447367,0.835092349071
0.451528027378,0.828496041587
0.451488489054,0.844327177096
0.451495984928,0.825857519632
0.451483274827,0.843007915882
0.451465569771,0.836411609813
0.451434433775,0.846965699995
0.451408343689,0.827176780374
0.451444626562,0.841688654196
0.451460669255,0.841688654668
0.451453055115,0.839050131454
0.451431525571,0.845646438624
0.451515969548,0.833773087858
0.451479542224,0.829815302958
0.451451111202,0.844327177567
0.451491353065,0.835092348599
0.451472151091,0.849604221793
0.451498698119,0.844327176624
0.45148035876,0.841688653724
0.451441912192,0.84036939314
0.451466996468,0.82849604143
0.451475569,0.85751978939
0.451467592672,0.831134564487
0.451451447677,0.839050131769
0.451446089707,0.845646438309
0.45143284804,0.835092348599
0.451434607949,0.828496041587
0.451452678065,0.850923483636
0.45144126519,0.83641160887
0.451471738812,0.84960422195
0.4515055764,0.837730870555
0.451477620878,0.844327176152
0.451455224315,0.843007916354
0.451450854933,0.832453825543
0.451474010394,0.82321899689
0.451432476847,0.846965698737
0.451451027378,0.832453826644
0.451489507759,0.835092348599
0.451485312551,0.848284961209
0.451480504863,0.846965699523
0.451498894704,0.83773087087
0.451462329928,0.839050131769
0.451429609023,0.843007915882
0.451453566394,0.850923482378
0.451450628152,0.846965699523
0.451444037357,0.835092348285
0.451441457529,0.832453826015
0.451462617336,0.845646438624
0.451465782201,0.835092348128
0.451487923832,0.831134564015
0.451491489495,0.8324538257
0.451470824376,0.849604221479
0.451466297411,0.840369393926
0.451463705396,0.819261214035
0.451486007912,0.845646438309
0.451475857273,0.84960422195
0.451435358433,0.837730870555
0.451439790801,0.846965699051
0.45146906832,0.836411609027
0.451450927866,0.848284960422
0.45148447384,0.8324538257
0.451461162919,0.850923483636
0.451456959298,0.839050132241
0.45142809508,0.829815303745
0.451424248693,0.833773087071
0.451446505052,0.824538257789
0.451491889822,0.836411609341
0.451513302436,0.82717678116
0.4515105999,0.856200527233
0.451467228911,0.836411609341
0.451497300319,0.836411609813
0.451462421773,0.857519789233
0.451431213473,0.835092348128
0.451424565038,0.845646438781
0.451456090706,0.827176781317
0.451467814578,0.8337730877
0.451430592185,0.844327177567
0.451421980336,0.827176781632
0.45142202327,0.848284960737
0.451454474618,0.83773087087
0.451478173991,0.837730870083
0.451486982582,0.839050131769
0.451474920819,0.835092348914
0.451439321592,0.831134564172
0.451433755634,0.829815303273
0.451419525379,0.849604222422
0.451415900347,0.837730871027
0.451420377616,0.841688653724
0.45143560845,0.844327176309
0.451447420746,0.845646437366
0.451462758248,0.840369392511
0.451442952993,0.844327177567
0.451463287455,0.835092348599
0.451472171536,0.837730870555
0.451500622452,0.837730870241
0.451453576774,0.844327176624
0.451472798407,0.8337730877
0.451482050337,0.837730871341
0.451451252035,0.831134564487
0.451441507384,0.839050131297
0.451457831036,0.835092348442
0.451486773415,0.82058047462
0.451451616032,0.849604221164
0.451451727378,0.821899736934
0.451427379667,0.85224274485
0.451471108009,0.836411609813
0.451502384485,0.837730870083
0.451438430903,0.832453826487
0.451407697474,0.844327176309
0.451417302157,0.837730870712
0.451442678402,0.840369393454
0.451411447377,0.835092347813
0.451423114082,0.836411610285
0.451443162159,0.831134565273
0.451471219434,0.833773086599
0.451476703376,0.829815303273
0.451441698779,0.829815303273
0.451444418496,0.845646437837
0.451419416392,0.835092348599
0.451477525495,0.827176780845
0.451484111337,0.833773087386
0.451456349569,0.839050132241
0.451453579369,0.837730870241
0.45143570749,0.823218998148
