best,average,min,species,neurons,links
1308.0,383.58,-136.0,1,28,171
1287.0,482.98,-103.0,1,28,171
1814.0,688.5,85.0,2,28,171
2173.0,679.13,88.0,2,28,171
2108.0,852.39,161.0,2,28,171
2003.0,937.01,138.0,2,28,171
2056.0,957.48,18.0,3,28,171
2013.0,941.78,112.0,3,30,173
2048.0,992.15,259.0,3,28,171
2088.0,1045.93,263.0,3,28,171
2251.0,1084.16,144.0,3,30,173
2145.0,1107.32,78.0,3,28,171
2437.0,1129.42,157.0,3,28,171
2594.0,1122.3,229.0,3,28,171
2428.0,1190.57,366.0,4,28,171
2062.0,961.91,-191.0,4,28,171
2448.0,1064.8,151.0,4,31,174
2310.0,1207.71,-270.0,5,28,171
2290.0,1095.21,204.0,5,28,171
2530.0,1155.15,-9.0,5,33,180
2468.0,1188.0,199.0,5,32,175
2513.0,1149.86,155.0,5,28,171
2543.0,1256.8,-66.0,5,28,171
2428.0,1284.31,209.0,6,28,171
2317.0,1117.64,96.0,6,28,171
2783.0,1230.18,-2.0,6,28,171
2720.0,1146.93,268.0,6,28,171
2443.0,1190.24,291.0,7,28,171
2526.0,1201.39,399.0,7,32,175
2393.0,1223.14,278.0,7,32,175
2273.0,1182.67,186.0,7,29,172
2264.0,1294.65,183.0,8,28,171
2313.0,1146.07,335.0,8,32,175
2382.0,1238.55,342.0,8,28,171
2257.0,1271.39,-31.0,8,34,182
2490.0,1212.93,118.0,8,28,171
2463.0,1207.12,42.0,8,35,185
2118.0,1208.2,223.0,8,28,171
2708.0,1302.11,229.0,9,28,171
2340.0,1240.97,285.0,9,28,171
2870.0,1238.08,250.0,9,28,171
2235.0,1242.37,-329.0,9,34,181
2278.0,1304.56,345.0,9,28,171
2497.0,1334.9,364.0,9,37,190
2113.0,1276.71,245.0,9,28,171
3016.0,1337.24,328.0,9,28,171
2613.0,1374.77,327.0,9,28,170
2389.0,1298.23,289.0,10,37,191
2363.0,1211.69,-32.0,10,28,170
2283.0,1279.86,349.0,10,34,180
2413.0,1286.61,2.0,10,34,180
2492.0,1339.8,215.0,10,37,191
2203.0,1282.23,265.0,10,42,203
2593.0,1261.95,293.0,10,28,170
2300.0,1291.2,90.0,9,42,203
2332.0,1294.78,279.0,8,36,187
2198.0,1289.6,412.0,9,32,176
2608.0,1330.76,182.0,9,42,203
2550.0,1381.9,443.0,9,42,203
2435.0,1313.46,387.0,9,42,203
2511.0,1284.99,323.0,9,37,192
2274.0,1314.78,294.0,9,32,176
2327.0,1303.87,179.0,9,32,176
2271.0,1344.22,408.0,9,29,171
2100.0,1249.26,402.0,9,40,196
2257.0,1270.96,311.0,8,29,170
2178.0,1267.15,305.0,8,29,170
2238.0,1220.89,299.0,8,36,187
2275.0,1250.76,293.0,8,42,201
2536.0,1248.59,101.0,8,29,171
2313.0,1241.72,389.0,8,36,187
2117.0,1270.58,279.0,6,42,202
2523.0,1340.01,287.0,6,37,192
2345.0,1262.63,442.0,6,42,202
2157.0,1247.94,328.0,6,38,193
2468.0,1334.01,446.0,7,42,203
2104.0,1245.65,145.0,7,42,203
2286.0,1223.88,443.0,7,37,192
2528.0,1322.64,195.0,6,38,193
2427.0,1320.95,423.0,6,37,192
2643.0,1303.77,243.0,6,37,192
2445.0,1336.71,367.0,6,42,203
2389.0,1320.36,271.0,6,42,203
2700.0,1341.22,475.0,6,43,204
2398.0,1265.38,250.0,6,37,192
2520.0,1331.9,407.0,6,32,175
2200.0,1384.57,407.0,6,37,192
2253.0,1314.78,176.0,6,37,192
2432.0,1396.47,513.0,6,38,194
2514.0,1444.74,379.0,6,39,195
2488.0,1318.05,-374.0,6,37,193
2353.0,1331.47,424.0,7,38,194
2182.0,1333.91,-64.0,7,32,175
2520.0,1351.71,156.0,7,38,195
2207.0,1327.29,228.0,7,32,175
2903.0,1359.49,337.0,7,38,195
2563.0,1307.1,291.0,7,38,195
2318.0,1367.92,313.0,7,38,195
2393.0,1407.73,-278.0,8,38,195
2274.0,1291.24,-150.0,8,38,195
2590.0,1421.86,403.0,8,36,190
2645.0,1237.78,-301.0,8,38,195
2261.0,1301.35,232.0,8,38,195
2528.0,1352.92,154.0,8,38,195
2708.0,1362.68,53.0,8,38,195
2375.0,1355.3,464.0,8,43,204
2449.0,1312.79,179.0,8,38,195
2523.0,1292.96,158.0,8,38,195
3040.0,1416.84,270.0,8,43,205
2910.0,1329.4,169.0,8,43,205
2183.0,1301.97,378.0,8,41,203
2728.0,1266.57,186.0,8,41,203
2475.0,1265.6,205.0,8,36,190
2423.0,1288.92,180.0,8,41,206
2218.0,1160.6,387.0,8,32,180
2420.0,1256.5,279.0,9,36,190
2265.0,1272.73,295.0,9,43,205
2763.0,1239.97,-6.0,9,29,171
2218.0,1237.06,165.0,9,46,217
2683.0,1283.31,85.0,9,33,180
2419.0,1283.35,-157.0,9,41,206
2575.0,1442.89,407.0,9,43,205
2532.0,1355.57,327.0,9,43,205
2820.0,1374.75,291.0,9,43,205
2375.0,1347.7,375.0,9,43,205
2455.0,1328.09,350.0,8,43,205
2451.0,1353.09,340.0,8,46,216
2590.0,1226.56,341.0,8,43,205
2510.0,1280.65,353.0,8,44,206
2750.0,1470.96,374.0,8,44,206
2355.0,1400.39,375.0,8,44,206
2605.0,1387.6,333.0,8,44,207
2464.0,1367.6,406.0,8,44,207
2860.0,1407.2,328.0,8,44,207
2930.0,1357.24,378.0,8,44,207
2805.0,1407.1,313.0,8,44,207
2778.0,1352.52,345.0,8,29,171
2695.0,1353.11,229.0,8,44,207
2559.0,1363.89,291.0,8,47,223
2838.0,1378.65,327.0,8,30,172
2465.0,1373.61,389.0,8,44,208
2705.0,1425.14,205.0,9,44,206
2605.0,1286.54,373.0,9,44,208
2683.0,1387.07,382.0,9,30,172
2405.0,1331.84,287.0,9,44,206
2471.0,1329.41,282.0,9,44,207
2561.0,1232.0,260.0,9,44,207
2540.0,1386.01,206.0,8,30,172
2565.0,1358.35,394.0,8,44,207
2525.0,1363.87,303.0,8,44,207
2840.0,1384.87,289.0,8,30,172
2668.0,1454.56,315.0,8,43,211
2595.0,1429.16,378.0,7,30,172
2275.0,1345.46,-46.0,7,30,172
2700.0,1424.43,485.0,7,44,207
2595.0,1442.16,510.0,7,44,208
2445.0,1416.34,242.0,7,44,208
2585.0,1437.65,-562.0,7,44,208
2158.0,1318.79,254.0,7,30,172
2713.0,1300.15,256.0,7,30,172
2325.0,1355.18,-107.0,7,44,208
2660.0,1318.41,-131.0,6,44,208
2302.0,1245.97,91.0,6,47,215
2380.0,1377.72,362.0,5,44,208
2565.0,1346.16,235.0,5,44,208
2460.0,1343.56,218.0,5,44,208
2535.0,1350.92,245.0,5,46,228
2630.0,1350.49,200.0,5,44,208
2640.0,1310.9,141.0,5,46,228
2562.0,1370.15,259.0,5,48,224
2335.0,1336.91,190.0,5,44,208
2425.0,1392.2,294.0,4,44,208
2825.0,1523.08,235.0,4,44,208
2440.0,1444.21,283.0,4,44,208
2315.0,1370.34,405.0,4,47,215
2565.0,1424.85,326.0,4,44,208
2411.0,1473.37,326.0,4,48,225
2655.0,1409.43,307.0,4,44,208
2385.0,1524.74,282.0,3,44,208
2725.0,1525.04,588.0,3,44,208
2295.0,1422.31,248.0,3,46,229
2550.0,1446.88,237.0,3,48,225
2589.0,1482.41,390.0,3,48,225
2434.0,1542.9,602.0,3,48,225
2622.0,1495.72,338.0,3,44,209
2565.0,1608.38,449.0,3,44,209
3060.0,1592.9,-96.0,3,44,209
2925.0,1587.72,591.0,2,44,209
2910.0,1546.91,578.0,2,44,209
2640.0,1562.86,288.0,2,46,230
2855.0,1584.8,613.0,2,44,209
2790.0,1558.54,-174.0,2,44,209
2840.0,1641.27,634.0,2,44,209
2867.0,1619.64,743.0,2,45,211
2560.0,1621.84,506.0,2,45,211
2775.0,1708.6,250.0,2,45,211
2815.0,1815.42,291.0,2,45,211
2750.0,1640.11,716.0,2,45,211
2663.0,1686.12,548.0,2,45,211
2690.0,1662.04,305.0,2,47,232
2764.0,1773.95,177.0,2,45,211
2940.0,1610.61,448.0,2,45,211
2600.0,1607.23,675.0,2,45,211
2560.0,1600.35,472.0,2,45,212
3024.0,1673.06,671.0,2,47,231
2670.0,1638.04,530.0,2,45,212
2637.0,1661.52,644.0,2,47,231
2595.0,1623.56,443.0,2,45,213
2680.0,1611.91,280.0,2,47,231
2615.0,1662.7,254.0,2,45,212
2650.0,1663.01,463.0,2,47,231
2765.0,1651.73,575.0,2,47,231
2705.0,1737.5,357.0,2,45,214
2718.0,1540.84,211.0,2,47,230
3130.0,1689.15,278.0,2,45,214
2753.0,1626.94,276.0,2,47,230
3170.0,1621.35,463.0,2,47,230
2955.0,1730.06,299.0,2,47,230
2975.0,1767.68,536.0,2,47,230
2845.0,1757.83,254.0,2,47,230
2845.0,1751.74,574.0,2,47,230
2965.0,1814.76,421.0,2,47,230
2715.0,1675.43,378.0,2,45,214
2930.0,1667.25,292.0,2,45,214
2780.0,1676.15,445.0,2,45,214
2735.0,1672.41,366.0,2,45,215
2718.0,1597.08,535.0,2,47,230
2815.0,1716.63,758.0,2,45,216
2820.0,1713.09,854.0,2,45,216
3040.0,1723.99,543.0,2,47,230
traininig time: 5884.15706897
