best,average,min,species,neurons,links
1273.0,914.78,144.0,1,39,140
1274.0,929.9,144.0,1,39,140
1335.0,899.29,284.0,1,39,140
1484.0,974.19,424.0,1,39,140
2287.0,1074.02,592.0,1,39,140
1978.0,1166.19,424.0,1,39,140
2281.0,1212.03,303.0,1,39,140
2409.0,1194.95,345.0,3,39,140
2416.0,1173.77,144.0,9,39,140
2573.0,1219.85,214.0,7,41,141
2554.0,1352.17,704.0,9,41,141
2571.0,1329.3,529.0,9,41,143
2413.0,1252.51,564.0,10,41,141
2708.0,1334.29,646.0,9,41,142
2448.0,1319.14,750.0,10,41,142
2462.0,1258.17,625.0,8,40,142
2243.0,1329.35,704.0,7,42,144
2607.0,1419.71,474.0,9,43,144
2910.0,1370.95,739.0,9,41,143
2812.0,1430.58,373.0,9,41,143
2780.0,1322.13,564.0,9,41,143
2159.0,1245.27,618.0,8,40,144
2757.0,1455.88,590.0,8,41,142
2853.0,1359.76,389.0,8,43,148
2377.0,1300.43,144.0,8,41,142
2527.0,1359.44,555.0,8,40,144
2157.0,1306.35,494.0,8,41,143
2435.0,1331.9,564.0,8,43,148
2312.0,1310.44,739.0,8,41,143
2493.0,1338.77,581.0,8,40,144
2326.0,1279.93,494.0,8,41,143
2780.0,1281.86,368.0,9,41,143
2479.0,1312.83,704.0,9,43,148
2572.0,1344.45,613.0,9,41,143
2628.0,1286.07,730.0,8,41,143
2663.0,1292.08,144.0,8,41,142
2500.0,1333.42,695.0,8,41,141
2808.0,1283.72,424.0,9,41,141
2086.0,1300.79,684.0,9,41,141
2407.0,1270.54,613.0,9,40,145
2847.0,1315.65,704.0,10,42,144
2422.0,1290.83,529.0,8,40,145
2580.0,1349.9,683.0,9,41,143
2235.0,1269.38,485.0,9,44,153
2702.0,1271.66,368.0,9,41,143
2682.0,1275.56,704.0,9,43,144
2371.0,1309.67,284.0,9,41,144
2650.0,1287.09,590.0,9,41,144
2756.0,1337.35,214.0,9,45,154
2383.0,1235.49,564.0,9,40,145
2340.0,1290.13,395.0,8,41,144
2278.0,1283.52,529.0,9,42,142
2144.0,1223.81,424.0,9,45,154
1944.0,1233.03,144.0,9,42,148
2286.0,1279.74,809.0,9,47,162
3036.0,1256.73,599.0,9,46,156
2661.0,1334.63,709.0,8,47,160
2369.0,1292.08,403.0,8,46,155
2363.0,1271.53,639.0,8,43,144
2353.0,1287.48,214.0,8,47,160
2416.0,1329.3,459.0,8,42,142
3077.0,1408.62,744.0,8,47,160
2492.0,1365.21,564.0,8,40,146
2882.0,1340.67,368.0,8,40,146
2305.0,1280.63,689.0,8,40,147
2346.0,1365.46,529.0,8,43,144
2482.0,1343.95,660.0,8,40,146
2316.0,1376.32,494.0,8,47,160
2311.0,1371.13,393.0,8,43,144
2257.0,1372.92,756.0,8,47,160
2317.0,1267.52,529.0,8,47,160
2502.0,1333.89,368.0,7,47,160
2964.0,1340.31,634.0,7,40,146
2775.0,1371.22,564.0,7,40,146
2193.0,1298.58,628.0,6,40,146
2303.0,1296.47,546.0,6,40,146
2259.0,1357.55,600.0,6,46,155
2433.0,1351.78,424.0,6,41,147
2915.0,1306.37,144.0,6,41,147
2960.0,1389.24,669.0,6,41,147
2801.0,1346.93,494.0,7,41,147
2665.0,1331.08,389.0,7,46,155
2745.0,1362.75,560.0,7,47,160
2766.0,1366.48,564.0,7,44,159
2273.0,1340.65,284.0,7,44,158
2536.0,1382.48,144.0,7,46,156
2748.0,1298.81,520.0,7,44,158
2752.0,1356.7,669.0,7,47,160
2758.0,1358.44,564.0,7,44,158
2922.0,1395.46,489.0,7,44,158
2252.0,1289.41,319.0,7,44,158
2276.0,1342.05,704.0,7,46,156
2350.0,1317.02,214.0,6,47,160
2448.0,1386.55,564.0,6,46,156
2601.0,1335.68,270.0,7,44,158
2328.0,1270.75,595.0,7,50,177
2417.0,1320.75,660.0,7,47,160
2425.0,1339.92,546.0,7,47,160
2313.0,1348.09,345.0,7,52,182
2722.0,1354.01,655.0,7,48,173
2512.0,1385.36,546.0,7,41,148
2766.0,1363.04,532.0,7,41,148
2626.0,1432.9,599.0,7,47,160
2637.0,1337.87,384.0,7,41,148
2614.0,1359.09,508.0,8,41,148
3251.0,1359.19,529.0,8,46,157
2992.0,1363.88,424.0,8,47,160
2614.0,1361.63,529.0,8,41,148
2533.0,1361.54,529.0,8,41,148
2750.0,1354.68,625.0,8,47,161
2225.0,1314.33,674.0,8,48,173
2583.0,1309.57,459.0,8,41,148
2423.0,1352.31,669.0,8,47,160
3007.0,1322.01,473.0,8,41,148
2611.0,1325.59,471.0,8,41,148
2509.0,1347.86,613.0,8,41,148
2800.0,1350.58,683.0,8,47,160
2406.0,1241.36,564.0,8,41,148
2214.0,1303.05,569.0,8,41,148
2473.0,1281.4,354.0,8,48,172
2522.0,1349.28,424.0,8,41,148
2413.0,1357.54,639.0,8,41,148
2112.0,1237.57,529.0,8,41,148
2596.0,1330.52,520.0,8,48,172
2472.0,1358.88,608.0,8,41,148
2468.0,1258.65,249.0,8,41,148
2268.0,1336.75,604.0,8,41,148
2474.0,1287.45,144.0,8,41,148
2823.0,1363.68,613.0,8,41,148
2612.0,1345.67,494.0,8,41,148
2992.0,1327.63,634.0,8,41,148
2847.0,1351.73,339.0,8,41,148
2705.0,1347.9,368.0,8,45,161
2523.0,1354.27,543.0,8,41,148
2859.0,1346.63,739.0,8,41,148
2499.0,1353.04,368.0,8,41,148
2406.0,1278.25,364.0,8,48,172
2406.0,1378.07,345.0,8,47,161
2850.0,1388.57,695.0,7,41,148
2623.0,1451.47,368.0,7,41,148
2771.0,1450.31,634.0,7,41,148
2841.0,1444.26,529.0,8,48,170
2879.0,1429.4,494.0,7,48,174
2853.0,1495.69,704.0,7,41,148
2868.0,1547.59,669.0,7,48,174
3094.0,1667.95,643.0,7,48,170
2567.0,1511.71,704.0,7,54,196
2725.0,1600.25,809.0,7,54,196
2748.0,1490.25,618.0,8,54,196
3007.0,1557.77,544.0,8,54,196
3083.0,1499.73,144.0,8,48,174
2808.0,1500.23,459.0,8,48,174
3003.0,1458.11,648.0,8,48,170
2887.0,1433.2,564.0,8,54,196
2968.0,1485.24,529.0,8,54,196
