best,average,min,species,neurons,links
1469.0,281.27,-321.0,1,20,99
1179.0,365.83,-36.0,1,20,99
1088.0,462.74,175.0,1,20,99
1687.0,575.5,-50.0,1,20,99
2081.0,703.43,109.0,1,20,99
2156.0,812.48,184.0,1,20,99
1987.0,909.91,133.0,2,20,99
2097.0,784.68,140.0,2,20,98
2215.0,941.76,225.0,2,20,98
2245.0,903.35,194.0,2,20,98
2385.0,998.87,220.0,2,20,99
2330.0,930.2,179.0,2,20,98
2125.0,957.77,167.0,2,21,101
2105.0,931.87,177.0,2,21,101
2280.0,988.63,78.0,2,20,98
2480.0,1031.02,127.0,2,20,98
1938.0,936.52,207.0,3,21,101
2330.0,976.38,71.0,3,20,98
2119.0,1041.25,206.0,5,20,98
2105.0,909.33,183.0,4,22,105
2403.0,1004.76,185.0,5,20,98
2375.0,972.64,139.0,7,24,104
2265.0,939.38,9.0,10,20,98
2355.0,938.55,152.0,9,23,103
2006.0,959.23,204.0,10,23,103
2506.0,986.35,117.0,9,20,98
2099.0,980.13,96.0,10,25,110
2235.0,1071.13,202.0,9,22,104
2440.0,1019.06,127.0,9,22,102
2085.0,979.52,-158.0,9,23,104
2325.0,963.94,202.0,9,20,97
2227.0,968.02,279.0,9,22,105
2332.0,1089.58,189.0,9,26,113
2920.0,1103.09,262.0,9,26,113
2723.0,1111.39,160.0,10,26,114
2335.0,1150.34,302.0,10,25,113
2343.0,1087.6,204.0,10,24,111
2525.0,1018.83,297.0,10,22,102
2318.0,1127.07,52.0,10,25,113
2415.0,1110.92,223.0,9,25,113
2305.0,1136.53,299.0,9,23,105
2130.0,1106.97,175.0,9,22,104
2360.0,1140.83,118.0,9,26,114
2380.0,1200.53,122.0,9,23,105
2665.0,1159.42,182.0,9,23,103
2406.0,1160.41,190.0,9,22,105
2211.0,1143.88,250.0,8,24,104
2475.0,1126.5,209.0,8,21,97
2630.0,1180.34,221.0,8,23,103
2460.0,1315.91,287.0,8,21,97
2340.0,1268.99,200.0,7,23,102
2375.0,1345.21,241.0,7,23,105
2415.0,1292.25,199.0,7,25,112
2240.0,1183.71,277.0,6,25,112
2835.0,1245.89,249.0,6,21,97
2611.0,1186.45,246.0,5,21,97
2625.0,1242.42,4.0,5,21,97
2380.0,1218.26,146.0,5,23,101
2373.0,1184.23,228.0,5,21,97
2274.0,1161.9,263.0,5,21,97
2648.0,1209.4,133.0,5,21,97
2515.0,1239.22,105.0,5,21,97
2598.0,1131.12,190.0,5,23,101
2545.0,1211.95,272.0,5,23,101
2780.0,1304.06,231.0,5,21,97
2425.0,1270.78,311.0,5,23,101
2355.0,1315.88,181.0,5,28,118
2520.0,1197.75,186.0,5,21,97
2845.0,1250.58,237.0,5,21,97
2710.0,1155.24,105.0,5,21,97
2513.0,1254.47,113.0,5,21,97
2634.0,1338.34,270.0,5,21,97
2825.0,1290.77,243.0,5,21,97
2345.0,1138.17,107.0,5,23,106
2205.0,1219.71,118.0,5,23,100
2675.0,1117.98,261.0,5,21,97
2575.0,1192.49,306.0,5,26,109
2390.0,1263.19,221.0,5,23,106
2420.0,1201.33,210.0,5,26,109
2490.0,1214.49,-66.0,5,28,118
2375.0,1247.71,254.0,5,21,97
2460.0,1267.64,171.0,5,28,118
2400.0,1315.33,302.0,5,27,111
2400.0,1177.03,144.0,5,27,111
2490.0,1213.69,220.0,5,21,97
2345.0,1159.28,209.0,5,27,111
2445.0,1131.2,172.0,4,27,111
2355.0,1104.03,253.0,4,21,97
2610.0,1235.41,175.0,4,28,118
2306.0,1257.54,156.0,4,23,106
2415.0,1306.94,277.0,4,23,106
2415.0,1308.29,366.0,4,27,111
2575.0,1289.63,236.0,4,28,118
2440.0,1223.88,237.0,4,21,97
2395.0,1318.9,171.0,4,21,97
2310.0,1199.41,331.0,4,29,119
2330.0,1246.63,241.0,4,23,106
2330.0,1222.58,-9.0,4,21,97
2400.0,1281.4,281.0,4,21,97
2345.0,1263.92,247.0,4,21,97
2445.0,1310.01,451.0,4,21,97
2380.0,1375.05,360.0,4,27,111
2515.0,1310.57,-70.0,4,27,110
2375.0,1333.97,78.0,4,24,107
2504.0,1350.71,368.0,4,27,112
2460.0,1308.82,279.0,4,21,97
2450.0,1407.37,312.0,4,27,112
2570.0,1376.35,203.0,4,29,121
2450.0,1419.38,343.0,4,27,113
2600.0,1491.66,202.0,4,27,112
2600.0,1619.73,195.0,4,27,112
2600.0,1545.2,-4.0,6,28,113
2450.0,1450.98,312.0,5,28,113
2600.0,1608.33,122.0,5,27,112
2450.0,1691.55,438.0,5,27,112
2600.0,1726.92,316.0,5,27,112
2600.0,1536.69,395.0,5,27,112
2450.0,1541.02,263.0,5,27,112
2450.0,1525.77,323.0,5,27,112
2600.0,1593.65,115.0,5,27,112
2450.0,1609.5,342.0,4,27,112
2600.0,1621.99,211.0,4,27,112
2500.0,1494.34,176.0,4,27,112
2450.0,1509.44,255.0,4,27,113
2570.0,1622.88,189.0,4,27,112
2450.0,1587.71,286.0,5,27,112
2450.0,1630.25,340.0,5,27,112
2600.0,1545.48,108.0,5,27,112
2450.0,1598.69,-33.0,5,27,112
2515.0,1580.33,300.0,5,30,122
2660.0,1593.09,187.0,5,30,122
2450.0,1570.85,74.0,5,27,112
2450.0,1552.3,209.0,5,27,110
2450.0,1470.92,410.0,5,27,113
2450.0,1550.83,351.0,5,27,113
2475.0,1658.86,392.0,5,27,111
2450.0,1639.88,396.0,5,27,111
2450.0,1691.1,263.0,5,27,112
2600.0,1594.13,293.0,5,27,111
2450.0,1570.17,187.0,5,27,111
2465.0,1517.1,201.0,5,29,123
2450.0,1658.77,266.0,5,27,111
2450.0,1490.08,255.0,5,27,111
2450.0,1616.2,347.0,5,27,111
2600.0,1611.35,213.0,5,27,111
2450.0,1586.95,225.0,5,27,111
2450.0,1555.76,201.0,5,27,111
2600.0,1665.16,275.0,5,27,111
2600.0,1492.74,213.0,6,27,111
2600.0,1405.63,327.0,5,27,111
2600.0,1622.89,287.0,5,27,111
2450.0,1510.63,252.0,5,27,112
2600.0,1565.27,190.0,5,27,111
2520.0,1592.63,209.0,6,27,111
2510.0,1621.26,-40.0,6,27,111
2520.0,1608.66,216.0,6,27,111
2458.0,1653.73,210.0,6,36,146
2455.0,1572.54,233.0,6,27,111
2480.0,1508.79,241.0,6,27,111
2525.0,1481.23,173.0,6,33,136
2405.0,1473.6,287.0,6,24,104
2450.0,1609.08,323.0,5,33,136
2530.0,1533.3,67.0,5,33,136
2440.0,1461.87,321.0,5,33,136
2405.0,1439.74,219.0,5,24,105
2455.0,1581.43,-365.0,5,24,105
2500.0,1544.5,-5.0,5,33,136
2480.0,1524.04,347.0,5,36,146
2405.0,1488.2,285.0,5,24,105
2405.0,1540.4,210.0,5,24,105
2510.0,1459.29,208.0,5,36,146
2495.0,1532.47,285.0,5,34,137
2410.0,1551.95,201.0,5,36,146
2545.0,1541.32,219.0,5,34,137
2470.0,1460.07,309.0,5,34,137
2440.0,1641.58,307.0,6,31,126
2425.0,1458.93,200.0,6,29,124
2490.0,1491.76,169.0,6,36,146
2500.0,1603.77,243.0,6,34,137
2455.0,1625.74,177.0,6,36,146
2475.0,1677.11,209.0,6,36,146
2630.0,1568.08,204.0,5,36,146
2425.0,1516.37,297.0,5,24,104
2475.0,1279.58,73.0,5,36,146
2498.0,1413.34,270.0,5,36,147
2385.0,1325.72,317.0,5,34,137
2480.0,1475.93,264.0,5,34,137
2540.0,1331.79,259.0,5,37,148
2530.0,1549.38,239.0,5,37,148
2455.0,1506.83,416.0,5,34,137
2375.0,1521.45,213.0,5,24,103
2622.0,1525.48,233.0,5,37,148
2490.0,1438.55,253.0,4,34,138
2355.0,1416.58,237.0,4,24,103
2475.0,1451.09,244.0,4,24,103
2505.0,1416.33,254.0,4,34,138
2415.0,1453.48,293.0,4,37,148
2600.0,1498.38,259.0,4,24,104
2500.0,1566.69,198.0,4,37,149
2540.0,1472.42,335.0,4,24,104
traininig time: 2767.03893209
