train_mean,train_st_dev,train_max,train_min,train_loss,train_epsilon,test_mean,test_st_dev,test_max,test_min
375.0,198.43134833,900.0,100.0,126.168815085,1.0,0.0,0.0,0.0,0.0
456.25,153.983562434,800.0,200.0,33.3306,1.0,240.0,142.828568571,500.0,0.0
268.75,156.998208589,600.0,100.0,1.15987,0.91,280.0,203.960780544,800.0,0.0
281.25,206.817401347,600.0,0.0,0.165676,0.82,230.0,148.660687473,500.0,0.0
356.25,145.639752472,700.0,100.0,0.135133,0.730000000001,220.0,124.899959968,400.0,0.0
375.0,156.12494996,700.0,100.0,0.0978775,0.640000000001,210.0,94.3398113206,400.0,0.0
293.75,108.79309491,600.0,200.0,0.075352,0.550000000001,200.0,126.491106407,400.0,0.0
381.25,215.692924084,800.0,100.0,0.0624219,0.460000000001,470.0,219.317121995,900.0,100.0
350.0,154.110350074,700.0,100.0,0.0622,0.370000000001,250.0,191.049731745,600.0,0.0
368.75,140.172884325,700.0,100.0,0.046457,0.280000000001,300.0,219.089023002,800.0,100.0
381.25,194.353897568,700.0,100.0,0.0406381,0.190000000001,250.0,174.642491966,600.0,0.0
331.25,208.322916406,800.0,0.0,0.0331212,0.100000000001,150.0,120.415945788,300.0,0.0
412.5,189.98355192,700.0,0.0,0.0284971,0.1,240.0,162.480768093,500.0,0.0
400.0,150.0,700.0,200.0,0.0245465,0.1,130.0,90.0,300.0,0.0
400.0,176.776695297,800.0,100.0,0.0216373,0.1,90.0,94.3398113206,300.0,0.0
412.5,149.478259289,700.0,200.0,0.0203556,0.1,350.0,92.1954445729,500.0,200.0
350.0,200.0,800.0,100.0,0.0192888,0.1,430.0,155.241746963,700.0,200.0
325.0,143.614066163,600.0,100.0,0.0177483,0.1,160.0,66.3324958071,300.0,100.0
462.5,234.18742494,900.0,100.0,0.0184299,0.1,240.0,149.666295471,600.0,0.0
500.0,196.85019685,800.0,200.0,0.0181742,0.1,0.0,0.0,0.0,0.0
362.5,211.763429326,900.0,100.0,0.0188017,0.1,40.0,66.3324958071,200.0,0.0
450.0,127.47548784,700.0,300.0,0.0205054,0.1,390.0,130.0,600.0,200.0
356.25,193.54828209,700.0,0.0,0.021161,0.1,330.0,141.774468788,500.0,100.0
387.5,161.535599792,800.0,200.0,0.0207569,0.1,200.0,204.939015319,500.0,0.0
400.0,162.01851746,800.0,200.0,0.0190407,0.1,20.0,60.0,200.0,0.0
425.0,192.028643697,800.0,200.0,0.0191705,0.1,120.0,107.703296143,300.0,0.0
437.5,217.586189819,900.0,200.0,0.019037,0.1,370.0,141.774468788,700.0,200.0
481.25,215.692924084,1100.0,200.0,0.0188831,0.1,130.0,78.1024967591,300.0,0.0
343.75,176.666175314,800.0,100.0,0.0201027,0.1,180.0,124.899959968,400.0,0.0
431.25,121.030729569,600.0,200.0,0.0197336,0.1,340.0,120.0,500.0,200.0
368.75,222.819293375,800.0,0.0,0.0199819,0.1,170.0,173.493515729,500.0,0.0
412.5,169.096865731,700.0,200.0,0.0196531,0.1,320.0,132.664991614,600.0,100.0
443.75,237.08845923,900.0,100.0,0.0193091,0.1,410.0,197.230829233,800.0,200.0
393.75,151.940572264,700.0,100.0,0.0190802,0.1,330.0,134.536240471,600.0,100.0
387.5,99.2156741649,600.0,200.0,0.017619,0.1,230.0,155.241746963,500.0,0.0
462.5,226.0392665,900.0,100.0,0.0175847,0.1,200.0,134.16407865,400.0,0.0
506.25,191.92690666,800.0,300.0,0.0173084,0.1,690.0,211.896201004,1100.0,400.0
412.5,169.096865731,800.0,100.0,0.0163514,0.1,370.0,223.830292856,900.0,100.0
543.75,196.750952984,900.0,300.0,0.0169035,0.1,440.0,228.910462845,800.0,200.0
531.25,239.057393736,900.0,100.0,0.0169646,0.1,480.0,302.654919008,1000.0,0.0
456.25,161.897923087,700.0,200.0,0.0172091,0.1,520.0,188.679622641,800.0,300.0
462.5,223.257138744,800.0,100.0,0.0162211,0.1,160.0,185.47236991,500.0,0.0
468.75,249.29588344,1000.0,0.0,0.0173984,0.1,400.0,223.60679775,900.0,100.0
575.0,182.002747232,900.0,300.0,0.015599,0.1,250.0,229.128784748,700.0,0.0
593.75,303.04444806,1200.0,100.0,0.0165371,0.1,410.0,270.0,1100.0,100.0
450.0,229.128784748,1000.0,200.0,0.016556,0.1,110.0,181.383571472,500.0,0.0
425.0,225.0,1000.0,100.0,0.0169689,0.1,370.0,134.536240471,600.0,200.0
550.0,111.803398875,800.0,300.0,0.016465,0.1,280.0,177.763888346,700.0,0.0
506.25,207.571523818,800.0,200.0,0.0161662,0.1,520.0,213.541565041,900.0,200.0
518.75,229.724699369,1100.0,200.0,0.0160906,0.1,600.0,167.332005307,800.0,300.0
531.25,307.649861856,1200.0,100.0,0.0158388,0.1,690.0,211.896201004,1000.0,300.0
556.25,271.497582862,1100.0,100.0,0.0171406,0.1,350.0,143.178210633,600.0,200.0
431.25,168.518359534,700.0,100.0,0.0168199,0.1,290.0,144.568322948,600.0,100.0
506.25,246.142108344,1000.0,100.0,0.0168341,0.1,600.0,260.768096208,1100.0,300.0
525.0,296.858552176,1300.0,200.0,0.0159411,0.1,440.0,190.787840283,800.0,200.0
487.5,293.417364858,1100.0,200.0,0.0156138,0.1,220.0,124.899959968,500.0,100.0
456.25,254.874356301,900.0,100.0,0.0145785,0.1,500.0,200.0,900.0,100.0
531.25,168.518359534,800.0,200.0,0.0149213,0.1,310.0,137.477270849,600.0,100.0
418.75,166.653645325,700.0,200.0,0.0156913,0.1,560.0,210.713075057,1100.0,300.0
525.0,261.007662723,1000.0,100.0,0.0157028,0.1,450.0,128.452325787,700.0,200.0
512.5,242.061459138,1100.0,200.0,0.0160939,0.1,420.0,188.679622641,700.0,100.0
500.0,234.520787991,900.0,200.0,0.0158957,0.1,400.0,184.390889146,600.0,100.0
431.25,246.77608778,1000.0,100.0,0.0154832,0.1,330.0,148.660687473,700.0,200.0
531.25,246.77608778,1200.0,200.0,0.0147737,0.1,290.0,94.3398113206,500.0,100.0
462.5,186.664806538,900.0,200.0,0.0159806,0.1,230.0,126.885775404,500.0,100.0
450.0,237.170824513,1000.0,100.0,0.0160713,0.1,380.0,203.960780544,800.0,0.0
487.5,193.245310422,900.0,200.0,0.0151608,0.1,390.0,230.0,700.0,0.0
462.5,176.334199746,900.0,200.0,0.0163553,0.1,140.0,91.6515138991,300.0,0.0
400.0,242.383992871,1000.0,100.0,0.0159177,0.1,390.0,192.093727123,700.0,100.0
437.5,199.608992783,900.0,200.0,0.0145124,0.1,460.0,233.238075794,800.0,100.0
406.25,243.589690874,900.0,100.0,0.0146994,0.1,500.0,228.03508502,900.0,200.0
481.25,224.217388933,900.0,100.0,0.0143853,0.1,470.0,161.554944214,800.0,200.0
443.75,231.756202722,1000.0,200.0,0.0145708,0.1,280.0,146.969384567,500.0,0.0
462.5,202.715934253,800.0,100.0,0.0155055,0.1,460.0,174.355957742,800.0,100.0
418.75,203.773004836,700.0,100.0,0.0161899,0.1,520.0,302.654919008,900.0,100.0
487.5,208.791163606,900.0,100.0,0.0164543,0.1,350.0,150.0,700.0,100.0
500.0,244.948974278,1000.0,200.0,0.0149225,0.1,220.0,160.0,500.0,0.0
581.25,150.908705846,800.0,300.0,0.01598,0.1,380.0,198.997487421,700.0,0.0
481.25,229.724699369,900.0,200.0,0.0167327,0.1,250.0,120.415945788,500.0,100.0
481.25,162.86017776,800.0,200.0,0.0164286,0.1,490.0,144.568322948,700.0,300.0
437.5,205.775970414,700.0,100.0,0.0157168,0.1,460.0,205.91260282,900.0,200.0
443.75,141.283181943,800.0,200.0,0.0167211,0.1,670.0,245.153013443,1000.0,300.0
493.75,222.116945549,900.0,200.0,0.0172163,0.1,470.0,173.493515729,800.0,200.0
562.5,280.34576865,1200.0,200.0,0.0163115,0.1,310.0,164.012194669,700.0,100.0
543.75,244.869225302,1100.0,200.0,0.0163509,0.1,300.0,236.643191324,700.0,0.0
393.75,227.675070001,900.0,100.0,0.0170118,0.1,470.0,268.514431642,1200.0,200.0
500.0,229.128784748,1000.0,200.0,0.0163922,0.1,80.0,87.1779788708,200.0,0.0
562.5,261.904085497,1000.0,200.0,0.0161912,0.1,500.0,204.939015319,1000.0,200.0
531.25,279.997209808,1000.0,100.0,0.0154783,0.1,620.0,282.134719593,1100.0,200.0
550.0,254.95097568,1000.0,200.0,0.0150932,0.1,410.0,157.797338381,700.0,200.0
631.25,279.997209808,1000.0,100.0,0.0143957,0.1,560.0,310.483493925,1200.0,200.0
562.5,375.624480033,1600.0,200.0,0.016163,0.1,580.0,248.19347292,1100.0,300.0
625.0,261.007662723,1200.0,100.0,0.0160963,0.1,400.0,296.647939484,1200.0,100.0
675.0,258.60201082,1200.0,300.0,0.0177648,0.1,660.0,228.910462845,1000.0,300.0
706.25,265.680141335,1200.0,200.0,0.0174998,0.1,230.0,184.661853126,500.0,0.0
550.0,295.803989155,1200.0,100.0,0.0178387,0.1,600.0,260.768096208,1200.0,300.0
637.5,293.417364858,1300.0,200.0,0.0182564,0.1,530.0,268.514431642,1100.0,200.0
506.25,241.010243558,1000.0,200.0,0.0170971,0.1,560.0,297.321374946,1000.0,100.0
562.5,186.664806538,900.0,300.0,0.0186357,0.1,570.0,264.764045897,1000.0,200.0
562.5,214.694550466,1000.0,300.0,0.0184974,0.1,50.0,67.082039325,200.0,0.0
562.5,295.539760438,1400.0,200.0,0.016645,0.1,300.0,189.73665961,700.0,100.0
668.75,286.615487195,1200.0,300.0,0.0157993,0.1,200.0,126.491106407,400.0,100.0
668.75,282.220547622,1100.0,200.0,0.0160053,0.1,380.0,97.9795897113,500.0,200.0
681.25,212.775556632,1100.0,200.0,0.0161554,0.1,460.0,265.329983228,1100.0,100.0
793.75,283.876623729,1200.0,200.0,0.0173115,0.1,630.0,272.213151776,1200.0,200.0
481.25,203.773004836,1000.0,200.0,0.0186131,0.1,650.0,162.788205961,900.0,400.0
612.5,220.439901107,1200.0,300.0,0.0173044,0.1,390.0,234.307490277,900.0,0.0
568.75,219.996448835,900.0,100.0,0.0177,0.1,740.0,326.190128606,1500.0,300.0
581.25,255.48666795,1200.0,300.0,0.0174286,0.1,510.0,164.012194669,800.0,300.0
575.0,258.60201082,1100.0,200.0,0.0157786,0.1,380.0,289.136645896,1000.0,0.0
543.75,190.291716845,900.0,200.0,0.0147183,0.1,380.0,188.679622641,700.0,100.0
687.5,362.068708949,1300.0,100.0,0.0145152,0.1,80.0,107.703296143,300.0,0.0
600.0,285.043856275,1100.0,200.0,0.015847,0.1,610.0,330.0,1200.0,200.0
537.5,259.50674365,1000.0,200.0,0.0147529,0.1,450.0,196.214168703,800.0,100.0
693.75,290.406503887,1600.0,300.0,0.0152278,0.1,570.0,236.854385647,900.0,100.0
637.5,271.281680178,1100.0,200.0,0.0154607,0.1,350.0,185.74175621,700.0,0.0
593.75,286.069812284,1400.0,0.0,0.0157638,0.1,190.0,113.578166916,400.0,0.0
593.75,171.277370076,1000.0,300.0,0.0158895,0.1,460.0,174.355957742,800.0,200.0
700.0,280.624304008,1200.0,200.0,0.0174784,0.1,260.0,156.204993518,600.0,100.0
675.0,207.665596573,1200.0,400.0,0.0175379,0.1,470.0,155.241746963,700.0,300.0
512.5,278.107443266,1100.0,100.0,0.0168285,0.1,580.0,227.156333832,800.0,200.0
550.0,257.390753525,1300.0,100.0,0.0172449,0.1,550.0,156.524758425,800.0,300.0
637.5,261.904085497,1100.0,100.0,0.0169504,0.1,700.0,223.60679775,1100.0,500.0
587.5,179.843682124,800.0,200.0,0.0172239,0.1,340.0,205.91260282,600.0,0.0
506.25,204.538352149,1100.0,300.0,0.017123,0.1,550.0,224.722050542,800.0,200.0
518.75,177.548408892,800.0,200.0,0.015312,0.1,540.0,313.687742827,1100.0,0.0
500.0,206.155281281,900.0,200.0,0.0151054,0.1,680.0,260.0,1200.0,300.0
662.5,199.608992783,1000.0,200.0,0.0144835,0.1,610.0,308.058436015,1100.0,100.0
668.75,211.301768805,1000.0,300.0,0.0155859,0.1,440.0,195.959179423,900.0,200.0
518.75,269.765523186,1000.0,100.0,0.0160252,0.1,750.0,168.819430161,1100.0,500.0
568.75,261.530949411,1100.0,200.0,0.0160764,0.1,270.0,155.241746963,500.0,0.0
575.0,283.94541729,1300.0,200.0,0.0159265,0.1,470.0,214.709105536,900.0,200.0
550.0,291.547594742,1500.0,300.0,0.0138539,0.1,570.0,275.862284483,1000.0,100.0
581.25,184.454432042,900.0,200.0,0.014182,0.1,520.0,218.174242293,1000.0,200.0
493.75,222.116945549,900.0,200.0,0.0143693,0.1,580.0,248.19347292,900.0,100.0
756.25,367.370300242,1400.0,300.0,0.0145083,0.1,670.0,264.764045897,1000.0,200.0
543.75,280.554696093,1000.0,100.0,0.015271,0.1,620.0,282.134719593,1000.0,100.0
612.5,327.633560552,1300.0,200.0,0.0168439,0.1,480.0,263.818119165,1000.0,0.0
656.25,396.813479484,1400.0,100.0,0.0167744,0.1,470.0,200.249843945,700.0,200.0
512.5,266.634112596,1100.0,200.0,0.0157423,0.1,180.0,146.969384567,400.0,0.0
506.25,243.589690874,1000.0,200.0,0.015602,0.1,350.0,162.788205961,500.0,100.0
625.0,384.870107959,1600.0,200.0,0.0153254,0.1,270.0,279.46377225,800.0,0.0
618.75,245.506491768,1100.0,200.0,0.01475,0.1,620.0,302.654919008,1300.0,200.0
606.25,307.141559383,1300.0,200.0,0.0159511,0.1,170.0,141.774468788,500.0,0.0
475.0,167.705098312,800.0,100.0,0.0158212,0.1,650.0,272.946881279,1200.0,300.0
562.5,208.791163606,1000.0,200.0,0.0158529,0.1,320.0,328.024389337,1000.0,0.0
450.0,339.116499156,1500.0,100.0,0.0153924,0.1,600.0,331.662479036,1000.0,100.0
575.0,268.095132369,1200.0,200.0,0.0140719,0.1,560.0,241.660919472,1000.0,200.0
668.75,246.77608778,1200.0,300.0,0.0159678,0.1,490.0,246.779253585,800.0,200.0
693.75,283.876623729,1200.0,200.0,0.0160263,0.1,380.0,203.960780544,700.0,0.0
731.25,217.136909576,1100.0,200.0,0.0167012,0.1,540.0,335.261092285,1200.0,200.0
575.0,243.66985862,1200.0,200.0,0.0174793,0.1,140.0,168.522995464,500.0,0.0
518.75,310.682213041,1300.0,100.0,0.016886,0.1,370.0,228.25424421,800.0,200.0
581.25,240.361056538,1200.0,200.0,0.0152722,0.1,480.0,263.818119165,1000.0,100.0
550.0,269.258240357,900.0,100.0,0.0158163,0.1,550.0,210.950231097,800.0,300.0
550.0,346.410161514,1500.0,100.0,0.0137533,0.1,640.0,280.0,1200.0,300.0
556.25,231.756202722,900.0,200.0,0.0135868,0.1,490.0,294.78805946,1000.0,100.0
512.5,236.841191519,1200.0,200.0,0.0122354,0.1,590.0,317.647603485,1200.0,0.0
568.75,217.136909576,1100.0,200.0,0.0124554,0.1,600.0,313.04951685,1200.0,200.0
537.5,257.087047515,1000.0,200.0,0.0131326,0.1,370.0,245.153013443,900.0,0.0
