best,average,min,species,neurons,links
1026.0,186.64,-652.0,1,20,99
1493.0,402.99,-477.0,1,20,99
1553.0,508.44,-466.0,1,20,99
1491.0,598.14,124.0,1,20,99
1429.0,649.98,-76.0,1,20,99
1897.0,728.69,-263.0,1,20,99
1922.0,775.02,-421.0,1,20,99
1810.0,793.33,58.0,2,20,99
2240.0,897.33,-204.0,4,20,99
2208.0,924.16,13.0,5,23,102
2111.0,921.55,-496.0,7,23,102
2373.0,1003.57,-321.0,6,21,101
1933.0,980.03,-316.0,8,24,103
2001.0,923.31,-353.0,10,23,102
1883.0,990.06,-215.0,9,22,101
2148.0,978.79,-382.0,9,25,104
2002.0,948.94,-434.0,9,27,108
2228.0,1104.59,-306.0,7,25,104
2459.0,966.43,-453.0,10,27,108
1973.0,968.2,-62.0,8,27,108
2188.0,1017.4,-303.0,7,23,102
2573.0,1063.36,-282.0,7,25,104
2222.0,986.04,-501.0,7,25,105
2013.0,972.93,-220.0,7,23,102
2319.0,997.79,-466.0,7,23,102
2279.0,1094.86,-186.0,7,23,102
2466.0,1078.02,-245.0,7,21,100
2438.0,1019.7,-482.0,8,23,102
2308.0,975.95,-297.0,8,25,105
2198.0,1044.22,-252.0,8,25,105
1788.0,983.62,-391.0,8,25,110
2259.0,925.99,-286.0,8,24,103
2133.0,892.36,-196.0,8,25,105
1943.0,982.5,-479.0,8,25,105
2151.0,940.03,-542.0,9,27,108
2255.0,1024.64,-382.0,8,25,105
1954.0,936.95,-372.0,9,25,103
2093.0,952.22,-434.0,10,26,106
2173.0,1026.35,-359.0,8,30,123
2364.0,991.74,-450.0,9,27,109
2413.0,964.55,-154.0,9,27,109
2023.0,1030.47,42.0,9,28,117
2158.0,1075.8,-442.0,9,29,118
2760.0,1030.72,-69.0,9,21,100
2576.0,1031.92,-355.0,8,27,109
2183.0,1222.29,-107.0,8,21,100
2358.0,1166.46,285.0,9,28,116
2438.0,1101.13,-153.0,9,28,116
2079.0,1119.4,-273.0,9,27,109
2230.0,1007.1,-500.0,9,24,103
2298.0,1122.84,-47.0,9,26,104
2478.0,1042.67,-556.0,9,27,109
2176.0,926.73,-400.0,9,27,109
2849.0,923.28,-245.0,9,27,109
2308.0,1018.47,-338.0,9,27,109
2348.0,1016.34,-127.0,8,28,116
2505.0,926.76,-551.0,8,27,111
2009.0,1021.3,128.0,6,27,110
2551.0,1155.4,91.0,6,28,116
2139.0,983.73,-332.0,6,27,110
2393.0,1037.68,-417.0,6,27,111
2466.0,1182.5,141.0,7,27,110
2153.0,1056.42,-466.0,7,27,110
2016.0,1201.68,166.0,7,27,110
2646.0,1149.04,-157.0,7,27,110
2389.0,1017.76,-477.0,7,29,117
1979.0,1074.74,-377.0,7,28,116
2678.0,1080.93,-327.0,7,29,117
2298.0,1152.81,-42.0,8,28,116
2199.0,1077.85,-17.0,9,29,117
2465.0,1040.44,-436.0,10,29,117
2118.0,1037.59,-471.0,9,31,123
2370.0,1095.98,1.0,9,27,111
2188.0,947.99,-416.0,9,29,117
2283.0,1044.58,-133.0,9,27,111
2158.0,1029.23,-466.0,9,29,117
2583.0,1042.84,-982.0,10,29,117
2164.0,1115.37,268.0,9,30,118
2048.0,1001.83,-341.0,9,27,112
2008.0,973.44,-333.0,9,27,111
2388.0,1053.97,-70.0,10,27,111
2047.0,1047.28,-312.0,9,30,123
2221.0,1089.76,-259.0,10,30,118
2663.0,984.87,-55.0,11,30,118
2216.0,991.1,-337.0,10,27,111
1979.0,1072.15,65.0,10,32,129
2137.0,1068.24,-244.0,10,28,111
2525.0,1096.16,-506.0,11,30,118
2087.0,1027.36,-336.0,11,28,111
2047.0,1024.8,-223.0,11,22,102
2002.0,1033.41,-243.0,11,28,111
1873.0,1006.31,-466.0,11,31,118
1906.0,934.28,-115.0,10,31,118
2478.0,1076.62,98.0,12,32,129
2057.0,992.14,-9.0,11,28,111
1946.0,1058.62,-213.0,11,22,103
1837.0,967.12,-335.0,10,28,111
2092.0,1007.98,-42.0,10,28,111
2247.0,1031.99,-315.0,10,28,111
2043.0,1111.85,-82.0,10,22,103
2223.0,1064.07,28.0,10,31,118
2107.0,1154.73,-380.0,10,30,124
2057.0,1095.54,-164.0,8,28,111
2113.0,1019.36,-274.0,8,31,118
2017.0,1077.41,-86.0,8,28,111
2235.0,1133.2,-347.0,8,22,103
2161.0,1039.45,-466.0,7,31,118
1888.0,1066.4,-135.0,7,31,118
2305.0,1043.68,-382.0,7,31,118
2348.0,1056.73,-212.0,7,31,118
2063.0,999.65,-47.0,7,31,118
2460.0,1100.01,-237.0,7,29,112
2237.0,1055.6,-282.0,7,30,123
2037.0,1044.93,-448.0,6,31,118
2393.0,1096.72,-172.0,5,31,119
2678.0,1112.01,-377.0,6,29,112
2371.0,997.78,78.0,6,31,117
2258.0,1113.1,-501.0,6,34,127
2260.0,1041.19,-382.0,7,32,118
2028.0,1013.56,-256.0,6,34,128
2215.0,978.47,-522.0,6,29,113
2278.0,995.2,-353.0,6,36,136
2103.0,958.01,-212.0,6,34,129
2817.0,1058.66,-82.0,6,29,113
2318.0,1050.66,-196.0,6,29,113
2173.0,995.38,-465.0,6,29,113
1953.0,1096.82,-141.0,6,33,134
1920.0,1029.14,-338.0,6,37,137
1988.0,1083.23,-501.0,6,34,130
2115.0,1145.43,141.0,6,34,130
1953.0,1096.28,-270.0,6,40,154
1988.0,1090.71,-501.0,6,29,113
2240.0,999.22,-411.0,7,29,113
2233.0,1016.01,-293.0,6,29,113
1892.0,1103.33,-462.0,6,30,125
1962.0,1043.49,-570.0,6,33,134
2336.0,1026.96,-670.0,7,30,114
2043.0,946.51,-555.0,8,30,125
2041.0,1059.69,108.0,8,29,113
1828.0,1102.32,17.0,9,33,134
1888.0,996.85,-436.0,8,41,159
1923.0,1107.43,-39.0,8,42,158
2297.0,1074.44,-429.0,8,29,113
2173.0,1089.53,-292.0,7,29,113
2381.0,987.15,-193.0,8,29,113
2321.0,1090.6,-732.0,8,29,113
2521.0,1087.44,-428.0,8,29,113
2308.0,1145.04,-477.0,8,29,113
1818.0,1025.69,-226.0,8,37,139
1887.0,1064.05,-435.0,8,29,113
1940.0,945.04,-444.0,8,29,113
2660.0,1038.89,-382.0,8,29,113
2007.0,1072.23,237.0,8,34,130
2228.0,962.91,-474.0,8,40,156
2023.0,1026.04,82.0,8,41,159
2085.0,1120.64,194.0,8,29,113
1823.0,1062.24,-256.0,8,41,159
2042.0,1071.77,-325.0,8,29,113
2574.0,1141.07,-82.0,8,29,113
2439.0,1031.1,-698.0,8,29,113
2452.0,1101.06,-52.0,8,29,113
1997.0,1047.44,-466.0,8,29,113
2263.0,1063.6,-344.0,8,29,113
1973.0,1043.02,-314.0,9,41,160
2118.0,1009.79,-293.0,9,41,164
2153.0,1082.6,119.0,9,29,113
2218.0,996.06,-570.0,9,29,113
1888.0,1052.8,-272.0,6,41,160
1937.0,1038.88,-429.0,6,41,165
1913.0,1045.45,-697.0,5,29,113
2283.0,1113.6,-434.0,5,29,113
1908.0,1101.41,-481.0,5,29,113
2304.0,1144.23,-186.0,5,29,113
2058.0,1196.01,-244.0,3,29,113
2873.0,1118.18,-471.0,4,29,113
2533.0,1098.11,-345.0,4,29,113
2277.0,1146.34,-298.0,4,29,113
2513.0,1099.31,-142.0,4,29,113
2713.0,1160.91,311.0,4,29,113
2188.0,1034.73,-238.0,4,41,160
1928.0,1153.8,-347.0,4,41,157
2117.0,1168.98,-93.0,4,29,113
2227.0,1097.67,-47.0,4,29,113
2212.0,1152.95,-72.0,4,29,113
2211.0,1212.07,-403.0,4,41,157
2116.0,1199.7,146.0,4,29,113
2492.0,1254.4,125.0,4,29,113
2377.0,1174.33,-227.0,4,29,113
2373.0,1231.52,-26.0,5,29,113
2282.0,1235.72,-147.0,5,29,113
2172.0,1219.18,10.0,4,29,113
2827.0,1170.36,-284.0,4,29,113
2287.0,1234.87,-501.0,4,29,113
2131.0,1133.17,-381.0,4,29,113
2537.0,1093.65,-121.0,4,29,113
2468.0,1176.38,151.0,4,29,113
2663.0,1072.03,-732.0,4,29,113
2765.0,1087.94,-302.0,4,29,113
2937.0,1126.16,-490.0,5,29,113
2070.0,1199.98,-527.0,5,29,113
2492.0,1241.18,-459.0,5,29,113
2970.0,1282.18,165.0,5,29,113
2288.0,1127.5,-452.0,5,29,113
2372.0,1084.73,-459.0,5,29,113
2547.0,1192.67,-446.0,5,29,113
2182.0,1156.36,-125.0,4,29,113
2072.0,1170.48,18.0,4,29,113
2632.0,1241.87,-27.0,4,29,114
2166.0,1062.03,-202.0,4,29,113
1927.0,1102.29,-7.0,4,29,113
2417.0,1148.37,18.0,4,29,113
2163.0,1108.79,-469.0,4,46,191
2077.0,1216.84,-263.0,4,29,113
2083.0,1168.1,-322.0,4,29,113
2257.0,1189.99,-261.0,4,29,113
2203.0,1141.98,139.0,4,41,164
2349.0,1186.0,103.0,4,29,113
2723.0,1204.15,187.0,4,29,113
1902.0,1116.73,-439.0,4,29,112
2507.0,1140.0,-614.0,4,29,113
2130.0,1179.51,149.0,4,29,113
2298.0,1152.34,-732.0,4,41,164
2199.0,1150.57,135.0,4,29,113
2287.0,1191.57,193.0,4,29,113
2002.0,1119.62,-248.0,4,29,113
1967.0,1095.74,18.0,4,29,113
1967.0,1201.99,18.0,4,29,114
2083.0,1229.61,-466.0,4,48,194
2217.0,1192.33,-444.0,4,29,113
2437.0,1177.55,-290.0,4,29,113
2542.0,1202.45,153.0,3,29,113
2432.0,1211.46,-330.0,3,41,165
2195.0,1263.5,107.0,3,29,113
2457.0,1065.98,-424.0,3,29,113
2118.0,1232.2,-102.0,3,29,113
2228.0,1230.06,-183.0,3,41,165
2167.0,1210.55,-466.0,3,29,112
2596.0,1274.08,13.0,3,29,112
2405.0,1129.91,-140.0,3,29,112
2622.0,1265.0,-466.0,3,29,112
2341.0,1231.0,-332.0,3,41,164
2404.0,1214.68,-192.0,3,41,164
2348.0,1185.87,-292.0,3,41,164
2264.0,1278.32,-454.0,3,41,163
2313.0,1187.94,-45.0,3,48,199
2884.0,1185.44,73.0,3,41,163
2088.0,1136.97,285.0,3,29,112
2688.0,1158.9,-167.0,3,29,113
2482.0,1218.49,-220.0,3,29,112
2414.0,1242.2,-124.0,3,41,163
2660.0,1308.0,-68.0,3,41,163
2818.0,1192.03,42.0,3,29,113
2633.0,1151.82,149.0,3,41,163
3015.0,1394.0,18.0,3,41,163
2975.0,1287.29,136.0,2,41,163
2643.0,1377.31,206.0,2,41,163
2429.0,1353.8,-94.0,2,41,163
2035.0,1257.25,110.0,2,41,163
2488.0,1291.76,-313.0,2,29,113
2965.0,1326.58,-547.0,2,41,163
2316.0,1358.13,-151.0,2,41,162
2410.0,1319.43,-82.0,2,41,163
2620.0,1406.94,90.0,2,41,163
3035.0,1430.67,380.0,2,41,164
2522.0,1295.46,-39.0,2,29,113
2455.0,1281.18,-284.0,2,41,164
2605.0,1309.21,-187.0,2,41,163
2432.0,1238.21,-170.0,2,41,163
2168.0,1276.79,91.0,2,41,164
2709.0,1223.95,129.0,2,41,164
2739.0,1288.84,-466.0,2,41,164
2453.0,1340.23,52.0,2,41,164
2693.0,1236.22,-200.0,2,41,164
2704.0,1329.23,-28.0,2,41,164
2565.0,1324.63,-334.0,2,41,164
2839.0,1277.98,-159.0,2,41,165
2910.0,1318.22,-390.0,2,41,164
2675.0,1329.25,140.0,2,41,165
3140.0,1331.89,272.0,2,41,165
3210.0,1285.26,100.0,2,41,165
2495.0,1317.46,14.0,2,41,165
2911.0,1495.48,227.0,2,41,164
2295.0,1369.73,210.0,2,42,165
2563.0,1375.86,-143.0,2,42,165
2208.0,1349.59,184.0,2,42,165
2700.0,1320.21,129.0,2,42,165
2615.0,1239.11,-140.0,2,41,165
2593.0,1310.11,-171.0,2,41,165
2357.0,1338.37,118.0,2,29,113
2720.0,1380.81,285.0,2,42,165
2713.0,1371.65,136.0,2,42,165
2377.0,1254.51,-422.0,2,29,113
2688.0,1368.27,107.0,2,42,165
2390.0,1240.84,30.0,2,42,165
2815.0,1288.54,-247.0,2,42,165
2532.0,1249.0,-27.0,2,42,165
2530.0,1290.64,-124.0,2,42,165
2512.0,1376.37,33.0,2,29,113
2287.0,1303.31,93.0,2,42,165
2573.0,1402.02,-268.0,2,42,165
traininig time: 5510.13628387
