best,average,min,species,neurons,links
1202.0,107.51,-685.0,1,28,18
1812.0,527.49,-694.0,1,28,18
1747.0,779.87,-263.0,1,28,19
2440.0,915.84,-681.0,1,28,18
2555.0,1123.32,-138.0,1,28,18
2882.0,1226.26,-614.0,1,28,19
2872.0,1315.37,-198.0,2,28,18
2507.0,1151.52,-133.0,2,28,19
2762.0,1434.13,-67.0,3,28,19
2857.0,1336.52,107.0,3,28,19
2442.0,1463.31,-202.0,3,29,19
2872.0,1436.39,-209.0,4,28,19
2392.0,1317.29,-436.0,4,29,19
2412.0,1403.66,92.0,5,29,20
2922.0,1349.31,-408.0,5,30,21
2602.0,1412.83,-129.0,6,32,24
2382.0,1346.0,-918.0,7,30,20
2442.0,1485.12,-610.0,8,31,24
2822.0,1455.7,-37.0,6,31,24
2822.0,1587.44,242.0,7,30,21
2532.0,1380.82,-188.0,7,30,21
2852.0,1473.27,-216.0,7,31,23
2537.0,1570.97,-156.0,8,28,18
2812.0,1388.08,-739.0,8,28,18
2692.0,1539.8,-732.0,8,31,26
2902.0,1543.23,-585.0,8,29,21
2802.0,1439.76,-638.0,8,29,21
3022.0,1499.15,-588.0,9,30,22
2732.0,1510.3,-638.0,9,31,23
2502.0,1531.99,96.0,9,32,27
3137.0,1382.71,-163.0,9,32,27
2417.0,1358.5,-623.0,9,29,21
2427.0,1427.84,-563.0,10,31,23
2622.0,1455.1,-28.0,9,31,27
2377.0,1354.47,-698.0,9,28,18
2625.0,1471.62,-387.0,9,31,23
2447.0,1508.04,-113.0,10,33,29
2717.0,1378.7,-677.0,9,29,20
2587.0,1401.03,-333.0,7,31,27
2642.0,1523.62,-123.0,7,29,21
2622.0,1664.43,-8.0,7,32,28
2757.0,1553.42,-421.0,7,32,28
2417.0,1636.67,337.0,6,32,28
3087.0,1534.32,-222.0,6,31,24
2412.0,1570.23,157.0,6,29,22
2477.0,1525.28,17.0,6,32,28
2742.0,1696.31,-63.0,6,29,22
2657.0,1602.23,-17.0,6,32,29
2857.0,1606.78,-146.0,6,31,24
2852.0,1705.51,307.0,6,29,20
3027.0,1668.81,-552.0,6,31,24
2752.0,1653.99,-103.0,7,29,22
2942.0,1569.46,42.0,6,33,30
2997.0,1691.05,112.0,6,31,24
2652.0,1660.11,417.0,6,29,20
2642.0,1701.03,57.0,6,32,29
2967.0,1775.74,-228.0,6,33,30
2757.0,1672.74,-603.0,6,32,29
2567.0,1705.01,-93.0,6,32,29
2847.0,1737.84,-623.0,6,29,22
2872.0,1706.92,-421.0,6,31,24
2757.0,1659.62,-556.0,6,32,29
2672.0,1716.19,-28.0,6,32,29
2977.0,1631.46,77.0,6,31,22
2972.0,1705.82,377.0,6,29,20
2617.0,1694.42,-163.0,6,31,25
2802.0,1656.13,-58.0,6,31,24
2847.0,1588.61,-193.0,6,29,20
2797.0,1628.08,-360.0,6,29,20
2612.0,1708.18,353.0,6,29,21
2582.0,1654.83,-178.0,6,31,25
2697.0,1568.41,157.0,6,31,25
2822.0,1623.18,-753.0,6,30,22
3012.0,1618.0,-697.0,7,29,21
2672.0,1506.46,-148.0,7,29,21
2902.0,1659.24,517.0,7,32,30
3062.0,1645.42,-576.0,7,29,21
2692.0,1560.76,-625.0,7,31,26
2662.0,1646.47,-193.0,7,29,21
2817.0,1639.41,-624.0,7,30,21
3032.0,1745.91,-156.0,7,30,21
2887.0,1654.89,-623.0,7,30,22
3047.0,1744.35,409.0,7,31,27
3397.0,1667.74,-310.0,7,31,27
2872.0,1580.2,-188.0,7,30,23
2870.0,1746.72,-53.0,7,30,23
3042.0,1615.63,192.0,8,33,32
2527.0,1571.96,108.0,8,30,23
3077.0,1647.39,-597.0,8,34,34
2677.0,1709.38,255.0,9,33,31
3207.0,1721.3,-537.0,8,34,34
2877.0,1631.33,-488.0,9,33,40
2762.0,1674.57,277.0,8,35,35
3022.0,1661.61,-599.0,9,30,21
2642.0,1698.59,166.0,9,33,32
2787.0,1706.67,87.0,10,30,24
2717.0,1620.3,200.0,10,30,24
2917.0,1643.78,150.0,10,36,37
2667.0,1653.22,-168.0,10,37,38
2567.0,1569.43,-3.0,10,37,37
2787.0,1578.13,-288.0,10,30,22
2942.0,1701.78,347.0,10,32,34
2957.0,1687.9,367.0,10,32,34
2697.0,1659.1,377.0,10,37,37
3392.0,1685.91,447.0,10,37,37
2722.0,1548.93,-146.0,10,33,33
3127.0,1691.45,-28.0,11,37,37
3027.0,1695.88,-63.0,9,33,40
3282.0,1723.64,27.0,8,31,28
2672.0,1717.55,238.0,8,37,37
2802.0,1738.08,-242.0,8,33,33
2632.0,1654.22,-203.0,8,31,26
3102.0,1639.16,-182.0,8,30,23
3352.0,1756.43,218.0,8,30,23
2832.0,1656.52,-192.0,8,33,40
2598.0,1492.34,-283.0,7,30,23
2862.0,1610.51,-18.0,7,32,30
3072.0,1608.25,-362.0,7,38,39
2702.0,1734.68,247.0,7,38,39
2977.0,1760.4,-39.0,8,38,39
2777.0,1724.67,333.0,7,38,39
3207.0,1739.2,374.0,7,38,40
3087.0,1844.65,108.0,7,32,30
2792.0,1787.37,227.0,7,38,40
2582.0,1692.55,442.0,7,31,26
2747.0,1766.64,282.0,8,33,40
3157.0,1780.83,447.0,8,38,40
2877.0,1749.77,317.0,8,34,34
2967.0,1739.0,-373.0,7,40,58
2642.0,1663.29,37.0,7,40,58
3267.0,1725.35,242.0,7,34,34
2732.0,1733.51,594.0,7,40,58
3027.0,1691.47,852.0,7,32,30
2947.0,1703.59,192.0,7,32,31
3082.0,1714.33,-58.0,7,38,40
2962.0,1729.27,-124.0,7,38,40
2617.0,1665.06,470.0,6,38,40
2547.0,1648.2,292.0,6,38,40
2812.0,1789.07,-178.0,6,30,23
3097.0,1721.97,95.0,6,38,40
3267.0,1664.81,277.0,6,30,23
2912.0,1771.04,455.0,6,38,40
2792.0,1712.12,242.0,6,30,23
2672.0,1764.34,542.0,6,30,23
3127.0,1817.8,-13.0,6,30,23
3027.0,1605.59,282.0,6,38,40
3067.0,1687.12,-508.0,7,30,23
2892.0,1675.1,507.0,7,34,36
3387.0,1535.47,297.0,7,30,23
2872.0,1581.59,87.0,7,30,23
2842.0,1647.51,110.0,7,39,53
2997.0,1571.95,459.0,7,30,23
2762.0,1577.72,22.0,7,41,68
3162.0,1651.48,-248.0,7,40,58
2877.0,1662.7,-45.0,7,38,40
2477.0,1606.7,-272.0,7,30,23
2987.0,1582.27,192.0,6,34,37
2907.0,1617.88,-165.0,6,30,23
3227.0,1571.32,-301.0,6,34,37
2702.0,1528.63,-217.0,6,30,23
2902.0,1731.07,-265.0,7,32,33
3102.0,1607.89,232.0,7,34,38
2552.0,1558.19,-233.0,7,33,34
2817.0,1712.47,-103.0,7,40,58
2917.0,1766.39,102.0,7,40,58
2967.0,1705.88,57.0,7,40,58
2781.0,1745.59,157.0,7,33,34
2742.0,1715.85,197.0,7,30,23
2882.0,1694.37,142.0,7,40,58
2787.0,1699.22,-163.0,7,33,34
2682.0,1692.59,9.0,6,40,58
3097.0,1641.81,55.0,6,40,58
3437.0,1595.28,-73.0,6,33,34
2982.0,1724.85,-663.0,5,36,40
3197.0,1662.53,242.0,5,36,40
2647.0,1696.14,292.0,5,36,40
3132.0,1656.39,-591.0,5,40,58
3147.0,1751.53,586.0,5,34,36
2951.0,1667.28,-58.0,5,30,24
3127.0,1708.15,290.0,5,30,24
3172.0,1787.47,493.0,5,30,24
3072.0,1775.7,262.0,5,36,40
3227.0,1701.6,-658.0,5,40,58
2837.0,1650.03,462.0,5,34,36
3062.0,1692.28,-664.0,5,34,36
2896.0,1707.14,607.0,5,40,58
3137.0,1704.64,243.0,5,40,57
2522.0,1655.32,-563.0,5,39,59
3105.0,1648.75,-278.0,5,40,57
2747.0,1664.6,-518.0,5,40,57
2992.0,1681.96,-675.0,5,34,36
2831.0,1736.35,-699.0,5,34,36
3217.0,1716.91,-695.0,5,34,37
2762.0,1748.99,297.0,5,40,57
2867.0,1683.46,-630.0,5,40,57
2972.0,1772.51,-587.0,5,34,37
2752.0,1669.13,-752.0,6,30,25
2817.0,1547.5,158.0,6,30,25
3277.0,1675.98,-581.0,6,30,25
2857.0,1635.65,-518.0,7,41,68
2962.0,1477.8,-548.0,6,35,38
2742.0,1652.54,537.0,6,41,63
2412.0,1619.74,561.0,5,41,67
2872.0,1625.41,43.0,6,35,38
2722.0,1673.92,463.0,6,45,85
2797.0,1639.72,7.0,6,41,63
2892.0,1782.05,-299.0,6,41,63
2542.0,1606.58,-1.0,6,35,38
2892.0,1722.92,202.0,6,35,38
2882.0,1673.56,285.0,6,35,38
2802.0,1672.36,-498.0,6,45,85
2767.0,1694.28,454.0,6,41,67
2777.0,1721.3,605.0,5,40,58
2927.0,1722.17,-216.0,5,40,58
2607.0,1684.22,205.0,5,35,38
3097.0,1760.39,207.0,5,35,38
2772.0,1760.26,425.0,5,35,38
2492.0,1731.75,-58.0,5,35,38
2837.0,1752.34,112.0,5,35,38
2802.0,1724.58,177.0,5,40,58
2837.0,1847.57,411.0,5,41,64
3092.0,1741.49,252.0,5,40,58
2577.0,1805.91,447.0,5,35,38
2782.0,1714.3,-238.0,5,40,58
2905.0,1797.98,167.0,5,41,64
2637.0,1777.14,542.0,5,46,86
2592.0,1785.85,255.0,5,40,57
2567.0,1721.97,417.0,5,41,64
2667.0,1737.29,-276.0,5,40,57
2727.0,1670.06,311.0,5,40,57
2847.0,1768.43,222.0,5,40,57
2742.0,1771.61,-148.0,5,41,63
3227.0,1751.34,567.0,6,46,87
2977.0,1770.75,422.0,6,40,57
3127.0,1735.29,131.0,5,41,63
2662.0,1830.62,658.0,5,36,39
3337.0,1740.03,227.0,6,36,39
3047.0,1862.25,-401.0,6,41,63
2912.0,1825.68,81.0,6,44,76
3047.0,1881.97,768.0,6,44,76
2952.0,1870.11,927.0,6,49,101
2827.0,1670.17,-373.0,6,49,101
3037.0,1701.65,185.0,6,47,87
3017.0,1720.83,-103.0,6,36,39
2832.0,1716.36,135.0,6,36,39
2887.0,1762.66,22.0,6,47,88
3457.0,1699.74,-8.0,6,44,76
2957.0,1675.03,527.0,6,36,39
3009.0,1763.21,-301.0,6,44,76
3117.0,1698.79,-68.0,6,36,39
2447.0,1621.0,327.0,6,44,76
2772.0,1709.8,-122.0,6,41,63
2737.0,1770.35,455.0,7,48,89
2792.0,1722.7,127.0,7,50,103
2707.0,1741.82,-40.0,7,50,103
3117.0,1762.44,476.0,7,50,103
3202.0,1738.29,-132.0,8,44,77
2552.0,1653.55,382.0,8,44,77
2922.0,1683.08,380.0,9,36,39
2772.0,1624.88,342.0,9,36,39
3337.0,1713.93,462.0,9,50,103
2812.0,1625.81,32.0,9,36,40
3027.0,1661.48,-148.0,9,36,40
2487.0,1684.95,175.0,9,42,64
2932.0,1667.13,-618.0,9,50,103
2832.0,1722.4,99.0,8,49,100
2502.0,1630.61,62.0,9,36,40
2692.0,1589.25,327.0,8,42,64
2542.0,1552.72,304.0,8,36,40
2867.0,1729.62,740.0,8,36,40
2907.0,1722.55,337.0,8,42,64
3252.0,1669.91,291.0,8,49,104
2537.0,1669.02,489.0,8,48,89
2772.0,1721.57,-233.0,8,42,64
2832.0,1667.7,284.0,8,36,40
2717.0,1773.94,455.0,8,50,105
2557.0,1710.96,220.0,8,36,40
2747.0,1608.94,172.0,8,52,114
2887.0,1689.34,-74.0,8,52,114
2592.0,1715.54,177.0,8,52,114
2652.0,1687.77,363.0,8,48,89
2792.0,1692.88,292.0,8,36,40
3002.0,1684.66,-334.0,8,36,40
2807.0,1688.8,237.0,8,36,40
2667.0,1744.59,747.0,7,36,40
2672.0,1750.24,-715.0,7,36,40
3057.0,1627.07,-236.0,6,36,41
2497.0,1633.84,241.0,6,50,106
2667.0,1698.22,402.0,6,50,106
2712.0,1682.09,480.0,7,50,106
2697.0,1707.49,346.0,7,49,102
2667.0,1675.38,322.0,7,47,92
2657.0,1624.67,-182.0,7,49,91
3051.0,1814.47,579.0,7,49,103
2772.0,1783.77,357.0,7,49,92
2717.0,1725.9,-47.0,7,49,91
3267.0,1746.15,-168.0,7,36,41
3092.0,1714.22,-604.0,7,49,104
2757.0,1812.73,545.0,7,49,92
2797.0,1826.72,435.0,6,49,104
2862.0,1827.56,242.0,6,50,106
2582.0,1770.9,610.0,6,49,104
2952.0,1826.02,-297.0,6,49,104
3512.0,1814.29,-153.0,6,49,104
2962.0,1810.32,227.0,5,49,92
2652.0,1781.14,550.0,6,44,75
2997.0,1904.24,241.0,6,49,92
2857.0,1839.55,-155.0,6,49,94
3012.0,1767.97,-409.0,6,44,77
2937.0,1864.39,368.0,6,49,94
2627.0,1742.27,302.0,6,49,105
2702.0,1799.01,42.0,6,44,74
2822.0,1682.38,393.0,6,49,94
2837.0,1839.86,-13.0,5,51,108
2852.0,1789.76,-21.0,5,44,74
3372.0,1972.82,837.0,5,49,105
2847.0,1786.35,382.0,5,49,105
3172.0,1832.93,477.0,5,49,105
3132.0,1798.31,582.0,5,49,105
3147.0,1962.47,465.0,5,44,74
2982.0,1881.02,772.0,5,50,95
2797.0,1843.37,512.0,5,50,95
3112.0,1894.38,72.0,5,50,95
2872.0,1770.93,230.0,5,50,111
2852.0,1632.25,-191.0,5,50,95
3177.0,1740.42,-65.0,5,50,111
2767.0,1751.0,-103.0,5,50,111
3017.0,1843.73,410.0,5,50,95
3052.0,1835.43,55.0,5,50,111
2787.0,1804.57,73.0,5,55,129
3152.0,1813.2,560.0,5,50,95
3032.0,1745.6,77.0,5,51,96
2712.0,1790.02,-31.0,5,50,95
3062.0,1791.26,86.0,5,50,111
3482.0,1806.44,37.0,5,50,95
3232.0,1864.38,42.0,5,55,128
2947.0,1832.31,612.0,5,50,112
2947.0,1875.6,-148.0,5,50,95
2772.0,1847.97,-162.0,5,50,112
3007.0,1803.5,-149.0,5,50,113
2912.0,1777.33,292.0,5,50,95
2807.0,1739.36,337.0,5,50,112
2737.0,1830.64,187.0,5,50,112
3202.0,1774.28,-131.0,5,50,95
3137.0,1843.74,352.0,5,50,111
2902.0,1704.11,-303.0,5,55,128
2997.0,1768.37,697.0,5,50,111
2977.0,1745.73,622.0,5,50,111
3082.0,1792.7,293.0,5,55,129
2857.0,1846.85,342.0,5,50,111
3221.0,1722.07,-61.0,5,50,111
2962.0,1708.02,-53.0,5,50,95
2927.0,1764.85,442.0,5,51,113
2894.0,1580.33,-218.0,5,51,113
2822.0,1742.4,-115.0,5,55,130
3862.0,1877.28,422.0,5,51,113
2917.0,1698.51,184.0,4,50,95
3007.0,1692.06,212.0,4,51,113
2667.0,1684.54,-193.0,4,50,94
2872.0,1705.0,547.0,4,51,114
3777.0,1803.16,-96.0,3,51,114
3242.0,1784.18,532.0,3,51,114
3327.0,1818.22,297.0,3,55,131
2577.0,1800.05,373.0,3,51,114
3362.0,1854.42,412.0,3,51,114
2947.0,1718.68,482.0,3,55,131
3112.0,1802.83,679.0,3,55,131
2912.0,1839.33,375.0,3,52,116
3122.0,1784.44,262.0,3,52,116
2712.0,1782.09,367.0,3,50,93
2962.0,1789.4,590.0,3,52,117
2912.0,1703.65,222.0,3,52,117
3267.0,1828.95,442.0,3,52,117
2902.0,1740.74,217.0,3,56,133
3152.0,1831.41,287.0,3,55,132
3172.0,1817.31,-42.0,3,52,117
3077.0,1778.76,337.0,3,56,133
3417.0,1707.22,277.0,3,52,116
2742.0,1847.98,630.0,3,56,133
3242.0,1756.76,-28.0,3,52,116
3027.0,1801.22,573.0,3,56,132
3147.0,1705.98,-60.0,3,56,134
2957.0,1803.23,43.0,4,56,134
2982.0,1624.79,-383.0,3,50,93
3087.0,1814.75,480.0,3,52,117
3072.0,1858.29,-35.0,3,56,132
3517.0,1797.94,109.0,3,56,132
2542.0,1579.02,244.0,3,56,132
2782.0,1671.72,504.0,3,52,117
3027.0,1788.91,337.0,3,57,133
2932.0,1584.29,86.0,3,52,117
3267.0,1674.32,68.0,3,56,132
2772.0,1625.58,295.0,3,52,117
3042.0,1639.17,242.0,3,56,131
2902.0,1625.48,-658.0,3,59,147
3197.0,1851.55,608.0,3,52,117
3222.0,1897.71,-133.0,3,52,117
3757.0,1838.71,394.0,3,52,117
3152.0,1898.67,589.0,3,52,118
3102.0,1875.08,137.0,3,52,117
3096.0,1993.91,142.0,3,56,131
3212.0,1846.39,538.0,3,52,118
2937.0,1968.67,395.0,3,56,131
3322.0,1811.3,284.0,3,52,117
3087.0,1863.54,647.0,3,52,117
3062.0,1904.37,-76.0,3,52,117
2852.0,1752.7,117.0,3,52,117
3002.0,1872.87,202.0,3,52,117
3347.0,1952.83,319.0,3,58,146
3497.0,1879.84,17.0,3,52,118
3217.0,1861.99,447.0,3,52,119
3152.0,1838.92,-75.0,3,58,146
3207.0,1987.03,-103.0,3,52,118
3302.0,2136.34,841.0,3,52,118
3297.0,2019.89,487.0,3,52,118
3552.0,2013.28,-170.0,3,58,146
3407.0,1980.59,99.0,3,58,146
3307.0,1989.76,666.0,3,52,118
3697.0,1950.47,336.0,3,52,118
3402.0,1889.33,-41.0,3,52,118
3782.0,2067.6,257.0,3,58,146
3037.0,1965.85,551.0,3,52,118
3222.0,2033.56,607.0,3,52,118
3012.0,2173.46,927.0,3,58,147
3308.0,2093.1,782.0,3,52,118
3317.0,2085.89,-67.0,3,58,147
3187.0,2063.12,453.0,3,58,147
3667.0,2108.88,297.0,3,58,148
3817.0,2027.41,452.0,3,52,118
3622.0,2018.6,182.0,3,52,118
3637.0,2095.19,5.0,3,52,118
3817.0,2045.63,480.0,3,58,147
3572.0,2078.48,277.0,3,52,118
3192.0,2024.49,612.0,3,58,147
3527.0,1969.81,80.0,3,58,147
3172.0,1995.09,588.0,3,52,118
3392.0,1987.11,-83.0,3,52,118
3417.0,1964.01,460.0,3,58,147
3727.0,2109.36,-430.0,2,52,118
3407.0,2083.76,622.0,2,52,119
3337.0,2133.98,482.0,2,52,119
3427.0,2102.57,320.0,2,52,120
3622.0,2090.47,32.0,2,59,149
3222.0,2075.67,2.0,2,52,119
3212.0,2132.7,461.0,2,53,121
3377.0,2101.3,967.0,2,52,119
3182.0,2113.21,-88.0,2,52,119
3637.0,2182.81,287.0,2,59,151
3387.0,2149.92,432.0,2,52,119
3427.0,2052.41,167.0,2,52,119
3266.0,2327.36,207.0,2,52,119
3417.0,2228.63,47.0,2,59,151
3442.0,2117.43,393.0,2,52,119
3417.0,2156.36,737.0,2,59,151
3502.0,2243.64,292.0,2,59,151
3287.0,2227.3,42.0,2,59,151
3412.0,2239.46,-168.0,2,52,120
3287.0,2168.29,507.0,2,52,120
3527.0,2201.19,-323.0,2,59,151
3897.0,2229.97,515.0,2,59,151
3172.0,2159.45,182.0,2,59,151
3237.0,2190.52,701.0,2,52,120
3372.0,2114.59,207.0,2,52,121
3892.0,2140.81,242.0,2,52,120
3367.0,2126.99,407.0,2,52,120
3747.0,2231.86,747.0,2,59,151
3427.0,2170.12,40.0,2,59,151
3312.0,2147.94,37.0,2,52,120
3187.0,2187.72,347.0,2,52,120
3542.0,2316.62,924.0,2,59,151
3352.0,2116.29,292.0,2,59,151
3457.0,2154.29,327.0,2,52,120
3717.0,2121.3,287.0,2,59,151
3557.0,2302.54,338.0,2,52,120
3632.0,2221.42,907.0,2,59,151
3197.0,2191.58,62.0,2,59,151
3497.0,2147.71,222.0,2,59,151
3223.0,2224.12,318.0,2,52,121
3242.0,2187.8,282.0,2,59,151
3192.0,2203.82,782.0,2,52,122
3307.0,2153.44,327.0,2,52,122
3617.0,2284.75,0.0,2,52,122
3282.0,2217.78,577.0,2,59,151
3457.0,2219.85,381.0,2,59,151
3477.0,2096.78,687.0,2,52,122
3452.0,2188.02,931.0,2,59,153
3392.0,2231.73,147.0,2,53,123
3882.0,2363.97,1112.0,2,59,153
3622.0,2205.0,484.0,2,52,122
3267.0,2142.82,552.0,2,52,122
3527.0,2190.42,286.0,2,52,122
3332.0,2235.58,565.0,2,59,153
3277.0,2052.81,222.0,2,52,122
3527.0,2139.58,902.0,2,52,122
3282.0,2051.56,387.0,2,52,122
3557.0,2323.22,1102.0,2,59,153
3552.0,2188.83,216.0,2,59,154
3357.0,2243.37,455.0,2,52,122
3567.0,2123.36,141.0,2,52,122
3707.0,2255.58,-201.0,2,52,122
3192.0,2120.7,647.0,2,52,123
3392.0,2238.66,374.0,2,59,154
3417.0,2257.98,-32.0,2,59,154
3587.0,2059.12,623.0,2,59,154
3312.0,2125.07,512.0,2,52,123
3137.0,2055.39,-143.0,2,60,156
3617.0,2086.42,62.0,2,52,123
3422.0,2192.35,737.0,2,52,123
3522.0,2146.29,446.0,2,52,124
3532.0,2170.32,225.0,2,52,124
3567.0,2184.41,897.0,2,52,124
3172.0,2260.44,858.0,2,61,158
3327.0,2081.24,292.0,2,61,157
3162.0,2179.42,648.0,2,52,124
3322.0,2036.9,261.0,2,61,157
3732.0,2143.84,252.0,1,61,157
3407.0,2201.12,-116.0,1,61,157
3277.0,2155.7,844.0,1,61,157
3522.0,2139.2,583.0,1,61,157
3332.0,2174.45,302.0,1,61,157
3432.0,2127.16,337.0,1,61,157
3477.0,2135.69,59.0,1,61,157
3177.0,2065.46,317.0,1,61,157
3477.0,2026.26,-342.0,1,61,157
3252.0,1994.09,-362.0,1,61,157
3277.0,2087.73,377.0,1,61,156
3567.0,2066.8,636.0,1,61,157
3272.0,2138.16,457.0,1,61,156
3417.0,2153.19,190.0,1,61,157
3597.0,2009.24,-193.0,1,61,157
3477.0,2167.96,692.0,1,62,157
3402.0,2104.55,419.0,1,61,158
3557.0,2160.54,461.0,1,61,156
3667.0,2172.24,342.0,1,61,157
3407.0,2303.42,-53.0,1,61,156
3287.0,2115.93,727.0,1,61,157
3557.0,2275.79,303.0,1,61,157
3617.0,2153.76,567.0,1,61,157
3752.0,2363.66,782.0,1,61,156
3122.0,2156.08,487.0,1,61,156
3352.0,2231.13,302.0,1,61,156
3917.0,2186.09,602.0,1,62,159
3587.0,2246.16,440.0,2,62,159
3627.0,2189.71,512.0,2,62,160
4052.0,2238.36,217.0,2,62,160
4012.0,2240.82,-83.0,2,62,161
3427.0,2176.32,522.0,2,61,156
3357.0,2230.49,817.0,2,61,157
3542.0,2341.05,472.0,2,62,160
3612.0,2246.68,820.0,2,62,160
4122.0,2341.81,932.0,2,61,156
3622.0,2269.7,631.0,2,61,156
3612.0,2216.23,902.0,2,61,156
3877.0,2237.43,1052.0,2,61,156
3347.0,2100.4,2.0,2,62,160
3552.0,2269.57,403.0,2,62,160
3637.0,2198.88,871.0,2,61,156
3347.0,2220.07,389.0,2,62,157
3812.0,2216.54,132.0,2,61,156
3462.0,2144.16,303.0,2,61,156
3157.0,2162.2,303.0,2,62,161
3137.0,2155.89,522.0,3,61,157
3227.0,2176.02,397.0,2,62,162
3737.0,2160.24,387.0,2,62,162
3342.0,2177.16,882.0,2,61,158
3322.0,2140.4,602.0,2,61,156
3242.0,2155.61,165.0,2,61,158
3312.0,2266.4,491.0,2,61,158
3442.0,2209.92,527.0,2,62,162
3592.0,2121.91,-178.0,2,62,162
3437.0,2216.9,-211.0,2,61,158
3997.0,2322.01,394.0,2,62,162
3372.0,2219.39,656.0,2,61,158
3762.0,2300.03,753.0,2,61,158
3492.0,2256.34,807.0,2,61,158
3197.0,2232.33,695.0,2,61,158
3447.0,2241.45,482.0,2,61,158
3407.0,2294.09,882.0,3,61,158
3302.0,2209.28,842.0,2,62,162
3507.0,2166.48,453.0,2,61,158
3252.0,2179.46,82.0,2,62,162
3232.0,2161.07,187.0,2,61,158
3192.0,2202.72,1132.0,2,61,158
3457.0,2251.19,233.0,2,61,158
3742.0,2271.93,687.0,2,61,158
3387.0,2287.22,122.0,2,62,162
3422.0,2327.95,452.0,2,61,160
3527.0,2262.51,332.0,2,61,160
3502.0,2317.03,664.0,2,62,163
3407.0,2262.74,262.0,3,61,160
3317.0,2034.85,212.0,3,62,163
3502.0,2177.58,727.0,3,61,160
3277.0,2186.51,671.0,3,61,160
3487.0,2212.08,563.0,3,61,160
3597.0,2329.14,515.0,3,62,170
3202.0,2199.56,-3.0,3,62,170
3492.0,2259.14,829.0,3,62,170
3272.0,2129.2,706.0,3,63,165
4272.0,2198.56,117.0,3,62,170
3252.0,2181.82,592.0,3,62,163
3362.0,2235.41,1007.0,3,62,163
3462.0,2256.12,785.0,3,62,163
3527.0,2234.59,-71.0,3,61,158
3187.0,2233.64,557.0,2,62,171
3517.0,2184.83,362.0,2,61,160
3272.0,2196.6,827.0,2,61,160
3412.0,2126.73,442.0,2,61,160
3397.0,2193.5,747.0,2,61,160
4162.0,2258.28,798.0,2,61,160
3552.0,2268.13,1082.0,2,61,161
3362.0,2158.06,370.0,2,61,159
3392.0,2266.75,533.0,2,61,159
3347.0,2190.17,752.0,2,62,171
3417.0,2176.42,399.0,2,61,161
3617.0,2259.96,952.0,2,61,161
3332.0,2292.58,674.0,3,61,161
3432.0,2114.03,442.0,3,61,161
3402.0,2023.91,234.0,3,61,161
3492.0,2011.63,477.0,3,61,161
2927.0,2015.9,494.0,3,61,161
3057.0,2085.7,682.0,3,62,171
3342.0,2069.49,592.0,3,61,161
3067.0,2127.3,876.0,3,61,161
3732.0,1989.43,277.0,3,61,162
3457.0,2179.19,613.0,3,64,173
3297.0,2073.8,217.0,3,61,162
3482.0,2049.69,-158.0,3,61,162
3432.0,2108.45,468.0,4,61,162
3562.0,2142.26,817.0,3,61,162
3167.0,2126.55,198.0,3,64,173
3447.0,2210.43,512.0,3,61,162
3632.0,2184.46,295.0,3,61,162
3142.0,2123.92,447.0,3,61,162
3142.0,2199.59,497.0,3,63,173
3512.0,2167.13,837.0,3,63,173
3267.0,2200.2,349.0,3,63,173
3702.0,1990.46,388.0,3,63,174
3187.0,2138.19,317.0,3,63,173
3137.0,2054.02,-112.0,3,63,174
3787.0,2328.19,837.0,3,61,162
3667.0,2140.21,1040.0,3,61,162
3372.0,2215.47,522.0,4,62,163
3327.0,2022.37,752.0,4,62,164
3222.0,2062.07,677.0,4,62,164
3247.0,2100.48,494.0,4,65,174
3182.0,2154.15,464.0,5,65,174
3592.0,1886.65,18.0,5,64,175
3372.0,1940.08,133.0,5,62,164
3117.0,1961.92,332.0,6,66,183
3082.0,1848.88,442.0,6,62,165
traininig time: 14712.1281638
