best,average,min,species,neurons,links
1648.0,665.47,-72.0,1,44,18
2149.0,751.31,-177.0,1,44,18
2135.0,810.58,-72.0,1,44,19
2457.0,998.39,273.0,3,44,19
2844.0,993.58,243.0,3,45,21
2113.0,1039.52,285.0,3,45,20
2624.0,1174.41,178.0,3,46,21
2393.0,1242.77,263.0,2,45,20
2713.0,1257.41,353.0,3,46,22
2410.0,1244.29,223.0,2,46,22
2688.0,1234.35,260.0,2,46,22
2444.0,1343.64,328.0,3,47,23
2844.0,1389.91,398.0,2,45,20
2384.0,1408.63,343.0,2,47,23
2919.0,1478.53,293.0,2,45,20
2762.0,1394.02,228.0,3,48,24
3075.0,1159.37,178.0,3,45,20
2813.0,1347.27,258.0,3,45,20
2800.0,1437.51,371.0,3,45,20
3596.0,1367.92,268.0,3,48,30
2743.0,1560.13,428.0,3,48,30
2978.0,1447.15,63.0,3,48,30
2876.0,1320.98,178.0,3,48,30
2482.0,1291.72,373.0,3,45,20
2719.0,1369.41,428.0,3,48,24
2457.0,1450.98,403.0,3,48,30
2616.0,1423.81,43.0,3,48,24
2538.0,1456.54,188.0,3,45,20
2463.0,1503.89,403.0,3,48,24
2651.0,1361.02,243.0,3,48,24
2513.0,1444.1,428.0,3,45,20
2863.0,1381.26,328.0,3,45,20
2982.0,1485.22,428.0,3,45,20
2482.0,1565.27,178.0,4,48,30
2205.0,1387.28,181.0,4,49,29
2763.0,1464.88,228.0,4,49,29
2697.0,1486.59,548.0,4,45,20
3125.0,1453.41,347.0,3,48,30
2885.0,1417.61,353.0,4,48,30
2606.0,1482.18,428.0,4,48,24
2613.0,1481.16,398.0,4,48,30
2588.0,1504.71,428.0,4,49,29
2544.0,1516.91,193.0,4,48,30
2544.0,1502.73,347.0,4,48,24
2544.0,1442.44,428.0,4,49,29
2738.0,1461.3,283.0,4,48,30
2719.0,1543.07,573.0,5,50,30
2661.0,1367.59,228.0,4,49,25
2932.0,1448.11,423.0,4,50,30
3244.0,1436.98,273.0,5,48,30
2585.0,1412.55,178.0,5,49,25
2705.0,1354.43,193.0,4,48,30
3010.0,1350.85,428.0,4,45,20
3153.0,1504.72,358.0,4,45,20
2909.0,1467.45,324.0,4,45,20
2899.0,1406.55,233.0,4,51,34
2632.0,1489.42,376.0,4,48,30
3019.0,1488.76,593.0,4,48,30
2598.0,1408.08,428.0,5,51,34
2502.0,1317.9,303.0,5,48,30
2983.0,1373.34,218.0,5,52,35
2639.0,1442.25,393.0,5,45,20
2833.0,1494.76,403.0,6,52,35
3078.0,1460.58,258.0,6,50,32
2582.0,1474.76,428.0,6,51,36
2588.0,1384.19,288.0,6,49,26
3069.0,1438.77,328.0,6,48,30
3678.0,1456.53,353.0,7,52,35
3125.0,1519.44,387.0,8,52,35
2519.0,1296.91,318.0,8,50,35
2703.0,1281.22,428.0,8,45,20
2824.0,1351.42,333.0,6,50,31
2631.0,1347.79,428.0,6,53,42
2718.0,1412.65,153.0,6,50,31
3231.0,1598.61,434.0,6,50,35
3700.0,1469.23,384.0,6,50,35
2656.0,1435.54,428.0,6,50,35
3913.0,1450.25,448.0,6,50,35
2881.0,1573.46,603.0,6,50,35
2588.0,1494.68,228.0,6,50,36
3450.0,1482.59,-37.0,6,50,36
3409.0,1494.08,228.0,6,50,37
3420.0,1495.54,428.0,6,50,37
2625.0,1444.59,143.0,6,50,37
2641.0,1441.58,378.0,7,51,36
2903.0,1375.61,265.0,7,51,36
3139.0,1520.42,243.0,7,50,36
3098.0,1442.05,528.0,7,50,36
3556.0,1486.54,403.0,7,50,36
2793.0,1406.98,228.0,7,51,36
2992.0,1337.88,178.0,7,50,36
3558.0,1368.47,358.0,7,50,36
3717.0,1439.4,158.0,7,50,36
3028.0,1455.2,213.0,7,50,36
3172.0,1516.0,308.0,7,50,36
2599.0,1341.18,228.0,7,51,36
3914.0,1410.51,323.0,7,50,36
3150.0,1346.89,370.0,7,52,37
2911.0,1483.74,538.0,8,53,43
2607.0,1379.58,407.0,7,53,43
3105.0,1490.69,428.0,7,52,37
2874.0,1527.78,413.0,7,52,37
3658.0,1474.06,428.0,7,53,43
3463.0,1518.0,247.0,7,50,36
3204.0,1432.66,428.0,8,52,37
3217.0,1448.14,506.0,7,50,36
2654.0,1411.34,358.0,7,50,36
3414.0,1474.55,353.0,7,50,36
3575.0,1515.69,478.0,7,50,36
3119.0,1532.05,178.0,7,52,37
3885.0,1544.4,428.0,9,50,37
3448.0,1417.8,228.0,10,53,43
2657.0,1289.13,403.0,10,52,39
2865.0,1281.99,330.0,10,50,34
3020.0,1422.71,313.0,10,50,37
3217.0,1379.1,418.0,10,54,48
3286.0,1365.16,168.0,9,50,37
3652.0,1388.26,343.0,9,53,43
3208.0,1434.62,398.0,9,52,45
3493.0,1299.09,228.0,9,53,43
3354.0,1294.69,208.0,8,53,43
2426.0,1276.79,228.0,9,53,43
3202.0,1302.04,178.0,9,52,39
3360.0,1243.12,208.0,9,53,43
2992.0,1246.13,268.0,9,53,40
3551.0,1294.95,168.0,9,53,40
3484.0,1345.66,103.0,8,50,36
3122.0,1287.91,282.0,8,50,36
3134.0,1278.96,503.0,7,53,54
3036.0,1357.98,268.0,7,53,43
3389.0,1459.59,268.0,7,53,54
3960.0,1468.25,423.0,7,53,44
3465.0,1356.76,108.0,8,53,41
3663.0,1412.59,293.0,8,50,36
3251.0,1456.93,403.0,8,52,45
3084.0,1282.79,228.0,8,53,44
3916.0,1317.03,423.0,8,52,45
3909.0,1466.38,468.0,8,53,44
3258.0,1381.38,373.0,8,54,57
3085.0,1340.48,243.0,8,55,54
3743.0,1424.43,243.0,8,55,54
3661.0,1407.17,140.0,8,55,54
2662.0,1242.73,420.0,8,54,56
2763.0,1353.23,453.0,8,52,45
3313.0,1375.42,273.0,8,52,45
2914.0,1387.02,428.0,8,55,54
3089.0,1359.1,353.0,8,53,44
3332.0,1312.56,428.0,8,53,46
2911.0,1313.27,383.0,8,54,45
3194.0,1239.0,293.0,8,57,66
2868.0,1452.01,488.0,8,53,46
3045.0,1320.79,383.0,7,57,66
3452.0,1339.23,261.0,7,53,46
3464.0,1430.45,428.0,7,57,72
2827.0,1502.58,473.0,7,54,56
3044.0,1368.46,28.0,7,53,43
2903.0,1433.09,310.0,7,57,72
2978.0,1389.25,378.0,8,54,45
3445.0,1425.85,178.0,8,57,72
3869.0,1448.51,-7.0,8,57,71
2977.0,1490.9,495.0,8,53,56
3279.0,1459.27,268.0,8,57,72
2704.0,1338.57,203.0,8,57,72
2957.0,1440.88,428.0,8,54,45
3735.0,1489.7,458.0,8,57,72
3354.0,1474.02,388.0,8,57,72
3199.0,1521.74,347.0,8,55,54
3250.0,1474.71,348.0,8,57,72
3339.0,1433.23,388.0,8,53,56
4358.0,1510.2,213.0,8,53,47
3036.0,1424.39,428.0,8,55,54
3563.0,1570.89,463.0,9,57,72
3865.0,1437.31,208.0,9,54,57
4482.0,1546.11,113.0,9,57,72
4069.0,1654.94,548.0,9,54,46
3644.0,1568.72,313.0,9,53,57
3805.0,1659.65,273.0,9,53,57
3729.0,1465.0,228.0,8,55,54
3338.0,1531.9,353.0,8,54,57
4170.0,1531.52,298.0,8,54,57
4290.0,1564.56,578.0,7,55,54
3845.0,1492.43,257.0,8,53,57
3768.0,1458.25,408.0,8,54,57
2950.0,1491.42,273.0,8,53,57
3394.0,1454.58,208.0,8,56,57
3254.0,1420.71,343.0,8,54,57
3134.0,1455.25,278.0,8,56,57
3760.0,1461.86,273.0,8,54,57
3344.0,1450.89,328.0,8,53,57
3974.0,1527.99,428.0,9,57,72
3914.0,1475.34,193.0,9,54,57
3619.0,1454.3,553.0,9,54,57
3204.0,1468.96,428.0,9,54,58
3134.0,1330.0,168.0,7,56,68
3264.0,1413.19,428.0,7,57,72
3219.0,1391.26,428.0,7,54,57
3618.0,1389.94,51.0,7,55,59
3432.0,1534.07,498.0,7,53,47
3056.0,1419.17,413.0,7,54,57
3910.0,1555.68,423.0,7,54,45
3803.0,1450.05,428.0,7,55,59
3060.0,1447.76,448.0,7,57,72
3584.0,1446.74,493.0,7,55,59
3297.0,1511.85,213.0,7,54,57
3297.0,1447.03,428.0,7,55,59
3362.0,1517.0,493.0,7,59,79
3444.0,1500.14,473.0,7,59,79
3091.0,1550.58,559.0,7,55,59
4135.0,1696.38,539.0,7,59,79
3387.0,1594.14,428.0,7,55,60
3825.0,1495.24,343.0,7,55,58
4289.0,1504.23,236.0,7,55,59
4030.0,1394.42,301.0,7,59,79
3997.0,1515.28,443.0,7,54,45
3549.0,1536.64,418.0,7,55,59
4112.0,1551.67,428.0,7,55,60
4375.0,1487.15,378.0,7,55,60
3433.0,1531.83,253.0,7,55,60
3752.0,1569.38,223.0,7,55,60
3740.0,1598.45,267.0,8,55,60
3327.0,1365.5,428.0,8,55,60
3406.0,1488.39,428.0,8,55,60
3819.0,1558.3,428.0,8,55,60
2793.0,1358.71,428.0,8,55,60
2908.0,1441.85,398.0,8,55,60
3549.0,1573.16,362.0,8,55,61
2981.0,1320.61,273.0,6,55,60
3807.0,1518.38,358.0,6,55,60
3748.0,1452.62,428.0,6,55,60
2870.0,1450.48,428.0,6,55,61
3146.0,1497.38,333.0,6,57,72
2912.0,1405.52,428.0,6,55,61
3080.0,1342.58,388.0,5,59,81
2828.0,1419.07,435.0,5,55,60
2775.0,1337.82,273.0,5,55,60
2825.0,1426.46,428.0,5,59,82
2857.0,1255.36,523.0,6,57,72
3489.0,1363.04,547.0,6,57,72
2965.0,1387.88,428.0,6,55,60
3375.0,1370.76,428.0,6,59,82
3244.0,1369.07,428.0,6,59,82
3666.0,1433.68,428.0,6,55,60
3244.0,1504.8,403.0,6,55,60
2770.0,1405.63,393.0,7,57,72
3273.0,1305.05,153.0,7,55,60
3150.0,1272.82,410.0,7,57,72
3103.0,1331.71,323.0,7,57,72
2910.0,1377.76,278.0,7,59,83
2831.0,1413.77,428.0,7,57,72
2932.0,1361.61,353.0,7,59,83
2582.0,1289.95,238.0,7,57,72
2968.0,1403.3,248.0,7,59,83
3055.0,1354.27,428.0,7,59,83
2734.0,1327.53,253.0,7,59,83
2915.0,1400.35,353.0,7,59,83
3469.0,1479.64,448.0,7,55,60
3038.0,1334.45,428.0,7,55,60
3050.0,1472.93,428.0,7,59,83
3278.0,1508.59,213.0,7,55,60
3019.0,1545.06,283.0,7,59,83
5006.0,1461.33,493.0,7,57,72
3145.0,1519.35,518.0,7,57,72
4449.0,1564.59,228.0,7,61,92
4145.0,1421.05,218.0,7,61,92
2894.0,1501.65,363.0,7,55,60
3899.0,1539.9,403.0,7,61,92
3124.0,1544.74,197.0,8,58,73
3350.0,1394.99,203.0,8,60,89
2751.0,1499.3,518.0,6,61,92
4481.0,1461.56,418.0,6,61,92
3911.0,1501.05,548.0,7,61,92
3669.0,1428.8,428.0,7,61,92
2987.0,1495.82,555.0,6,59,74
3049.0,1477.44,521.0,6,59,83
3349.0,1470.13,428.0,6,61,92
3241.0,1461.47,228.0,6,61,92
3339.0,1431.02,393.0,6,61,92
3296.0,1401.46,118.0,6,59,84
3147.0,1368.91,178.0,6,63,105
3532.0,1397.82,323.0,6,61,92
3579.0,1365.48,413.0,6,59,74
3626.0,1585.57,238.0,6,59,74
3627.0,1558.25,428.0,6,63,106
3855.0,1470.78,418.0,6,61,92
3360.0,1595.45,428.0,6,61,92
3767.0,1622.66,362.0,6,62,93
3489.0,1605.28,428.0,6,62,93
3589.0,1592.57,428.0,6,59,84
3524.0,1670.17,523.0,6,62,93
4165.0,1451.7,303.0,6,59,84
3610.0,1556.92,458.0,6,62,93
4125.0,1563.76,328.0,6,59,84
3604.0,1665.17,458.0,6,59,84
3835.0,1520.9,309.0,6,59,84
3938.0,1391.93,313.0,6,63,106
4506.0,1572.19,458.0,6,59,84
4284.0,1450.44,428.0,6,59,84
3798.0,1487.72,403.0,6,63,106
3829.0,1493.73,403.0,6,62,93
4287.0,1610.08,228.0,6,59,84
3471.0,1613.23,376.0,6,62,93
3938.0,1466.49,83.0,6,62,93
2967.0,1325.01,403.0,6,59,85
4475.0,1491.81,188.0,6,62,93
3328.0,1465.71,310.0,6,59,85
3334.0,1602.48,518.0,6,62,93
3879.0,1535.37,428.0,6,62,93
3599.0,1475.55,498.0,6,59,85
3464.0,1580.97,418.0,6,62,93
2898.0,1370.99,158.0,7,62,93
3573.0,1525.91,413.0,7,60,75
3940.0,1409.36,428.0,7,62,93
4075.0,1428.52,318.0,8,62,93
3360.0,1425.96,283.0,8,59,86
3423.0,1356.26,178.0,8,59,86
3452.0,1402.68,178.0,8,62,93
3677.0,1398.36,228.0,8,62,93
3564.0,1398.3,263.0,8,59,86
2742.0,1368.05,203.0,8,67,119
3433.0,1464.75,353.0,7,67,119
4045.0,1606.42,428.0,7,59,86
3203.0,1478.99,178.0,6,59,86
2768.0,1282.49,428.0,6,60,75
2719.0,1257.56,263.0,6,59,86
3370.0,1472.44,458.0,6,59,86
4094.0,1381.96,428.0,6,63,109
2859.0,1410.7,533.0,7,59,86
4299.0,1436.65,528.0,6,67,119
3282.0,1580.61,388.0,6,67,119
3168.0,1520.4,428.0,6,59,86
3375.0,1640.01,253.0,6,67,119
3931.0,1676.79,407.0,6,61,77
2928.0,1604.9,603.0,6,63,109
3394.0,1596.28,498.0,6,68,124
3129.0,1553.25,428.0,6,63,109
3038.0,1526.24,418.0,6,59,87
4416.0,1536.54,453.0,6,67,118
3829.0,1607.42,423.0,6,59,87
3294.0,1652.05,603.0,6,59,87
3394.0,1720.22,603.0,6,67,121
4285.0,1793.25,523.0,6,68,123
4015.0,1680.27,507.0,6,68,122
3870.0,1685.73,708.0,6,68,122
3852.0,1637.31,599.0,6,68,122
3861.0,1687.25,603.0,6,59,87
3654.0,1642.14,708.0,6,68,122
3538.0,1651.16,403.0,6,68,122
3249.0,1550.78,243.0,5,68,122
3770.0,1626.4,448.0,5,68,122
2923.0,1606.31,488.0,5,68,125
3367.0,1552.02,343.0,5,68,122
3599.0,1636.2,558.0,5,68,124
3220.0,1592.95,428.0,6,63,111
4345.0,1656.38,463.0,5,68,124
3284.0,1666.22,428.0,5,68,124
3969.0,1743.53,668.0,5,68,124
4100.0,1764.76,539.0,5,68,124
4575.0,1647.76,373.0,5,63,111
3381.0,1616.7,112.0,5,63,111
3344.0,1628.57,443.0,5,68,124
3084.0,1550.05,298.0,5,68,124
3292.0,1626.66,463.0,5,68,124
4064.0,1556.78,503.0,5,68,124
3667.0,1731.03,463.0,5,63,112
3734.0,1721.64,463.0,5,63,113
3655.0,1635.87,300.0,5,68,124
3099.0,1705.31,428.0,5,68,128
3683.0,1627.1,428.0,5,68,124
3849.0,1692.39,548.0,5,68,124
3908.0,1671.08,548.0,6,68,124
3606.0,1707.79,618.0,6,68,124
4093.0,1710.17,428.0,6,70,141
3385.0,1713.55,428.0,6,70,141
3439.0,1801.89,268.0,6,68,129
4730.0,1665.42,548.0,6,70,141
4565.0,1684.38,403.0,6,70,141
3977.0,1705.98,301.0,6,68,124
4138.0,1700.21,553.0,6,68,124
4372.0,1605.82,353.0,6,63,114
3407.0,1719.64,193.0,6,61,78
3776.0,1738.66,428.0,6,63,114
3863.0,1623.86,473.0,6,70,141
4107.0,1687.82,597.0,6,68,129
3398.0,1612.24,503.0,6,61,78
4360.0,1832.94,383.0,6,68,129
4101.0,1735.92,428.0,6,70,141
3359.0,1753.81,423.0,6,68,129
3920.0,1603.74,546.0,6,68,124
3941.0,1779.82,603.0,5,64,100
3467.0,1741.14,428.0,5,69,130
2986.0,1604.11,333.0,5,70,141
3785.0,1650.61,633.0,5,69,130
3274.0,1662.41,305.0,5,70,141
3709.0,1669.27,443.0,5,70,141
3730.0,1869.48,388.0,5,70,141
3724.0,1746.03,536.0,5,69,130
3602.0,1706.21,428.0,5,69,130
3772.0,1696.31,363.0,5,69,131
4750.0,1751.67,444.0,5,70,141
4070.0,1703.61,428.0,5,71,142
3587.0,1739.34,563.0,5,70,141
3684.0,1898.02,378.0,5,64,100
3950.0,1762.63,395.0,5,70,141
4660.0,1811.51,428.0,5,70,141
3800.0,1660.07,589.0,5,71,142
4453.0,1687.78,518.0,5,64,100
4560.0,1670.56,528.0,5,71,142
3215.0,1679.82,373.0,5,71,142
3139.0,1603.64,248.0,5,69,131
3819.0,1745.83,483.0,4,71,142
3488.0,1675.73,428.0,4,64,100
3714.0,1622.09,293.0,4,71,142
3965.0,1701.08,383.0,4,71,142
3369.0,1743.18,428.0,4,71,142
4188.0,1715.62,338.0,4,69,131
3828.0,1728.24,428.0,4,69,131
4167.0,1613.08,228.0,4,69,131
3424.0,1782.59,273.0,4,69,131
4017.0,1617.72,263.0,4,71,142
3619.0,1647.47,163.0,4,61,79
4133.0,1711.94,523.0,4,64,99
3969.0,1798.27,428.0,4,69,131
3579.0,1755.6,603.0,4,71,142
3458.0,1720.22,328.0,4,71,142
3722.0,1647.28,603.0,4,64,99
3314.0,1670.88,398.0,4,69,131
3694.0,1799.63,488.0,4,71,142
4065.0,1809.78,751.0,4,69,131
3520.0,1699.6,433.0,4,71,142
3923.0,1930.79,423.0,4,69,131
3824.0,1755.96,713.0,4,69,131
3774.0,1730.51,663.0,4,69,131
3579.0,1767.73,463.0,4,71,142
3725.0,1764.78,403.0,4,69,131
4282.0,1806.05,718.0,4,65,101
3665.0,1796.18,588.0,4,71,142
3856.0,1707.59,559.0,3,65,100
5444.0,1704.28,178.0,3,71,142
4646.0,1671.44,428.0,3,71,142
3174.0,1691.46,551.0,3,71,142
4082.0,1695.68,518.0,4,65,100
3639.0,1524.89,428.0,4,65,100
3284.0,1481.07,228.0,4,71,142
3437.0,1484.35,448.0,4,65,100
3995.0,1698.09,548.0,4,71,142
3579.0,1522.82,428.0,4,71,142
3611.0,1619.84,423.0,4,71,142
3539.0,1592.74,333.0,4,71,142
3448.0,1616.7,428.0,4,71,142
3519.0,1701.05,543.0,4,71,142
4075.0,1662.04,428.0,4,71,142
3679.0,1650.59,430.0,4,71,142
3995.0,1655.74,539.0,4,71,142
3275.0,1522.24,358.0,4,71,142
3322.0,1506.2,403.0,4,71,142
3345.0,1566.63,428.0,4,71,142
4255.0,1737.71,428.0,4,71,142
3040.0,1649.12,563.0,3,71,142
3673.0,1749.33,428.0,3,71,142
4595.0,1651.8,428.0,3,71,142
3594.0,1791.99,528.0,3,71,142
3950.0,1598.54,503.0,3,71,142
3809.0,1707.64,358.0,3,71,142
3548.0,1515.46,428.0,3,71,142
3626.0,1610.79,428.0,3,71,142
3528.0,1749.69,688.0,3,71,142
3803.0,1792.61,392.0,3,71,142
4274.0,1680.77,440.0,3,71,142
4659.0,1585.96,253.0,3,71,142
3532.0,1742.68,548.0,3,71,142
3800.0,1834.26,698.0,3,71,142
3666.0,1668.32,514.0,3,71,142
4073.0,1729.27,478.0,3,71,142
3765.0,1640.23,508.0,3,71,142
2955.0,1644.7,298.0,3,71,142
3844.0,1750.59,428.0,4,71,142
3743.0,1418.58,418.0,4,61,80
3398.0,1570.87,360.0,4,61,80
3740.0,1672.27,413.0,4,71,142
3571.0,1624.81,548.0,4,71,142
2981.0,1531.0,428.0,4,72,155
3364.0,1544.86,403.0,4,72,155
3325.0,1532.94,428.0,4,72,155
3029.0,1503.29,353.0,4,61,80
3344.0,1597.0,353.0,4,61,80
3194.0,1532.36,483.0,4,71,143
3053.0,1480.13,468.0,4,61,80
3236.0,1477.41,428.0,4,71,142
3407.0,1533.33,543.0,4,61,80
2928.0,1439.5,183.0,4,72,155
3304.0,1215.13,308.0,3,71,142
3292.0,1416.97,428.0,3,71,142
3335.0,1459.66,428.0,3,71,142
2758.0,1378.77,379.0,3,72,156
3438.0,1417.1,373.0,3,71,142
3344.0,1412.54,428.0,3,71,142
3554.0,1509.58,603.0,3,71,142
3504.0,1463.08,428.0,3,71,142
2958.0,1519.95,428.0,3,71,142
3499.0,1553.3,428.0,3,71,142
3479.0,1569.71,428.0,3,71,142
3702.0,1586.02,428.0,3,72,157
4120.0,1597.39,143.0,3,72,156
3751.0,1554.68,503.0,3,72,156
3738.0,1504.84,488.0,3,71,142
3624.0,1593.35,458.0,3,72,156
3469.0,1475.79,428.0,3,71,142
3854.0,1669.58,348.0,3,71,142
3855.0,1623.45,458.0,3,71,142
4190.0,1692.21,428.0,3,71,142
4685.0,1725.09,328.0,3,72,156
3469.0,1569.45,547.0,3,71,142
3369.0,1770.19,153.0,2,72,157
3665.0,1767.86,428.0,2,71,142
3394.0,1737.86,288.0,2,71,142
4409.0,1592.37,428.0,2,71,142
3866.0,1822.55,305.0,2,71,142
3799.0,1729.71,708.0,2,72,157
4200.0,1756.28,358.0,2,71,142
3683.0,1670.47,428.0,2,71,142
4064.0,1776.01,428.0,2,71,142
3890.0,1722.64,603.0,2,71,142
4081.0,1800.02,383.0,2,72,157
3904.0,1808.56,428.0,2,71,142
3835.0,1773.93,563.0,2,71,142
3718.0,1893.13,503.0,2,71,142
3789.0,1818.49,603.0,2,71,142
3698.0,1738.4,283.0,2,71,142
3844.0,1927.08,538.0,2,71,142
3974.0,1895.15,693.0,2,72,157
3849.0,1906.61,439.0,2,71,142
3769.0,1812.77,418.0,2,71,142
5045.0,1956.15,550.0,2,71,142
3465.0,1813.54,638.0,2,71,142
3660.0,1787.6,488.0,2,71,143
3520.0,1861.29,778.0,2,71,143
3711.0,1700.75,518.0,2,71,142
3390.0,1897.68,428.0,2,72,157
3706.0,1781.29,539.0,2,71,142
4054.0,1862.12,428.0,2,72,157
3831.0,1960.82,523.0,2,71,142
4005.0,1957.02,463.0,2,72,157
4018.0,1879.36,428.0,2,71,142
3898.0,1919.64,513.0,2,72,157
3500.0,1818.47,428.0,2,71,142
4964.0,1826.75,279.0,2,71,142
4015.0,1883.27,346.0,2,71,142
4149.0,1898.38,453.0,2,72,157
4415.0,2004.15,533.0,2,71,143
4929.0,2008.47,466.0,2,71,143
4022.0,2047.34,563.0,2,71,143
4670.0,1990.76,773.0,2,71,143
4372.0,1991.37,503.0,2,71,143
4086.0,2122.89,673.0,2,71,143
4396.0,1990.42,593.0,2,71,143
3869.0,2100.52,530.0,2,72,158
4119.0,1929.24,473.0,2,71,143
3895.0,2121.86,539.0,2,71,143
4275.0,1959.37,428.0,2,71,143
5230.0,2102.42,343.0,2,71,143
4115.0,1976.08,603.0,2,71,143
3649.0,1969.34,478.0,2,71,143
4125.0,2063.8,458.0,2,71,143
4285.0,2022.74,628.0,2,71,144
4028.0,2161.29,714.0,1,71,144
4814.0,2114.38,328.0,1,71,144
4285.0,2163.67,488.0,1,71,144
4160.0,2024.14,608.0,1,71,143
4179.0,1987.95,625.0,1,71,143
4000.0,2043.36,518.0,1,71,143
4169.0,2125.35,528.0,1,71,144
4410.0,2196.77,533.0,1,71,144
4194.0,2073.67,700.0,1,71,143
4314.0,2054.69,666.0,1,71,143
3628.0,2066.33,573.0,1,71,144
4249.0,2121.32,519.0,1,71,144
4370.0,2203.25,528.0,1,71,144
4060.0,1995.31,865.0,1,71,145
4919.0,2127.36,428.0,1,71,144
4233.0,1992.46,228.0,1,71,144
3658.0,1993.87,363.0,1,71,144
4299.0,2095.93,838.0,1,71,144
3846.0,1951.72,443.0,1,71,144
4385.0,2049.67,639.0,1,71,144
3782.0,2030.81,766.0,1,71,144
4327.0,2101.98,613.0,1,71,144
4065.0,2098.24,758.0,1,71,143
4218.0,2039.52,587.0,1,71,144
3634.0,1893.73,328.0,1,71,144
3729.0,1980.53,428.0,1,71,144
4335.0,2054.58,428.0,1,71,143
4381.0,1997.46,418.0,1,71,144
4585.0,2091.87,646.0,2,71,144
4146.0,1957.77,450.0,2,72,145
4034.0,1882.96,428.0,3,72,145
3700.0,1895.79,633.0,2,72,145
3624.0,1924.26,650.0,3,73,145
4078.0,1901.48,586.0,3,73,146
3879.0,1978.36,793.0,2,73,146
3895.0,1954.09,578.0,2,73,146
3996.0,1961.36,428.0,3,74,148
3679.0,1993.71,702.0,3,73,146
4024.0,2138.39,634.0,5,73,147
4014.0,1936.08,443.0,5,75,149
4064.0,1955.55,603.0,7,73,146
4488.0,2043.32,818.0,6,74,148
3905.0,1835.81,714.0,7,76,148
4919.0,2193.58,710.0,7,74,148
4620.0,1963.63,603.0,8,76,148
4465.0,1999.98,539.0,8,75,148
4080.0,1997.18,428.0,8,73,146
3660.0,2063.73,723.0,8,75,148
4440.0,1961.99,399.0,8,76,148
3689.0,1999.69,633.0,9,73,147
4565.0,2096.92,778.0,9,73,148
3854.0,2129.38,518.0,9,75,148
4009.0,2034.68,548.0,10,75,154
3416.0,1941.64,428.0,9,75,148
4083.0,1920.24,403.0,9,76,148
3749.0,1921.73,727.0,9,74,148
4232.0,1977.35,428.0,9,75,148
4459.0,2154.8,583.0,10,75,148
4144.0,2035.62,178.0,8,77,160
4644.0,2044.22,428.0,8,77,153
5231.0,2001.69,581.0,8,76,148
3930.0,1914.39,547.0,8,73,147
3994.0,1910.76,598.0,8,76,148
3809.0,1911.69,353.0,8,76,148
4055.0,1973.19,658.0,8,76,148
4324.0,2097.73,625.0,8,73,147
3749.0,1896.57,713.0,8,77,154
3884.0,1942.64,541.0,9,73,148
4055.0,1888.22,571.0,9,73,148
3958.0,1836.45,593.0,9,77,158
3448.0,1942.0,548.0,9,77,155
3810.0,1899.77,568.0,9,74,148
3644.0,1841.0,428.0,9,77,158
3384.0,1792.84,480.0,9,75,150
4709.0,1896.28,428.0,9,75,150
3949.0,1895.04,668.0,9,77,156
4219.0,1930.15,428.0,9,76,148
3924.0,2017.08,458.0,9,77,156
3965.0,1963.93,582.0,9,76,148
3803.0,2053.41,492.0,9,73,148
3464.0,1813.16,328.0,9,76,147
4404.0,1895.94,788.0,9,76,148
4154.0,1921.1,617.0,9,77,159
4440.0,1984.06,658.0,9,73,150
4530.0,1950.72,539.0,8,77,159
4129.0,2056.89,263.0,8,73,150
4073.0,1936.7,428.0,8,76,147
3794.0,1941.67,536.0,8,77,155
4059.0,1911.87,313.0,8,77,155
4650.0,1790.58,318.0,8,74,148
3944.0,1926.74,603.0,8,76,149
3740.0,1838.52,614.0,7,74,148
4221.0,1851.17,428.0,7,77,164
4154.0,1902.82,603.0,7,77,164
3871.0,1981.21,603.0,7,73,149
3790.0,1976.63,603.0,6,74,149
4500.0,2037.3,647.0,6,74,149
3723.0,1890.46,823.0,6,77,158
3545.0,1858.04,567.0,6,77,164
4140.0,1953.87,529.0,7,77,164
3679.0,1802.54,428.0,8,76,149
3979.0,1838.24,353.0,8,79,172
3659.0,1860.61,554.0,7,77,155
3654.0,1783.93,383.0,7,74,149
4210.0,1795.13,653.0,7,74,149
3793.0,1834.82,428.0,7,79,167
3137.0,1743.02,428.0,7,77,156
4885.0,1928.98,603.0,7,76,149
3782.0,1929.2,693.0,7,77,160
3775.0,1834.19,328.0,7,79,167
4009.0,2069.56,623.0,8,79,167
4860.0,1985.46,533.0,7,75,153
3869.0,1859.11,428.0,6,79,167
4264.0,1993.83,603.0,6,74,151
3938.0,2039.47,603.0,6,74,151
3876.0,1873.34,637.0,6,74,151
4329.0,1951.7,428.0,6,74,151
4219.0,1857.15,363.0,7,77,164
4690.0,1955.12,473.0,7,79,171
3574.0,1794.35,228.0,7,74,151
3893.0,1860.43,428.0,7,74,151
3992.0,1954.09,553.0,7,75,153
4600.0,1827.21,428.0,7,79,168
3769.0,1875.12,687.0,7,79,168
3309.0,1807.7,538.0,7,74,151
4226.0,1988.42,678.0,7,77,160
