best,average,min,species,neurons,links
1419.0,625.02,-668.0,1,20,99
1692.0,915.88,-422.0,1,20,99
2462.0,947.7,-112.0,1,20,99
2352.0,1093.64,-518.0,1,20,99
2597.0,1141.27,-865.0,2,20,99
2532.0,1433.36,-150.0,4,20,99
2837.0,1267.33,-58.0,4,20,99
2487.0,1510.85,-408.0,4,20,99
2267.0,1459.69,-787.0,4,22,101
2507.0,1334.53,-55.0,5,20,99
2602.0,1275.5,-151.0,5,20,99
2897.0,1454.81,-368.0,6,20,99
2956.0,1487.02,-584.0,6,20,99
3057.0,1366.04,-638.0,6,20,99
3302.0,1425.4,451.0,7,20,99
3112.0,1521.99,95.0,7,20,99
3027.0,1507.16,423.0,7,20,99
2742.0,1509.68,212.0,7,20,99
2662.0,1552.6,332.0,8,20,99
3062.0,1383.32,-389.0,8,20,99
3292.0,1562.13,257.0,8,23,102
3621.0,1523.27,-717.0,9,20,99
3171.0,1397.48,115.0,9,23,103
3456.0,1584.95,-258.0,9,20,99
3292.0,1457.62,-271.0,9,23,103
2762.0,1482.87,-23.0,9,23,103
2762.0,1470.17,-584.0,6,20,99
3292.0,1562.56,587.0,7,23,103
3415.0,1630.95,13.0,7,23,104
3292.0,1621.75,-42.0,7,23,103
3102.0,1644.05,-488.0,8,23,100
3292.0,1634.83,117.0,8,23,103
2697.0,1581.4,325.0,9,20,98
3292.0,1540.74,-69.0,9,23,103
3292.0,1679.45,462.0,9,23,103
3292.0,1570.43,-609.0,9,23,103
3292.0,1603.47,-850.0,9,23,103
3141.0,1737.42,672.0,9,21,99
3292.0,1628.9,-228.0,9,23,103
3292.0,1502.57,-158.0,8,23,103
3047.0,1693.69,112.0,8,23,100
2732.0,1703.87,39.0,8,21,99
3037.0,1679.23,-140.0,8,23,103
3237.0,1722.87,297.0,8,23,102
3292.0,1746.43,215.0,8,23,102
2772.0,1600.11,242.0,8,21,99
3292.0,1808.49,422.0,8,23,103
3421.0,1648.08,27.0,8,23,103
3202.0,1709.11,-102.0,8,21,99
3292.0,1714.55,542.0,8,23,104
2642.0,1605.31,106.0,8,23,104
2907.0,1731.3,363.0,9,23,103
3292.0,1719.91,136.0,8,23,103
3292.0,1646.45,208.0,8,23,103
3292.0,1760.78,-585.0,8,23,103
2917.0,1780.57,193.0,8,21,99
3292.0,1778.18,-162.0,8,23,103
3121.0,1790.91,-615.0,8,21,99
3117.0,1668.37,-108.0,8,21,99
3237.0,1671.85,-493.0,8,23,103
3292.0,1807.99,-456.0,8,23,103
3017.0,1672.94,179.0,8,23,103
3361.0,1696.58,360.0,8,23,103
3292.0,1764.97,139.0,8,23,103
3292.0,1735.65,-258.0,8,23,103
3292.0,1755.67,264.0,8,23,103
3292.0,1801.4,-759.0,8,23,103
3292.0,1656.0,186.0,8,23,103
3302.0,1745.52,494.0,8,23,103
3212.0,1682.78,-103.0,9,23,103
3292.0,1801.07,494.0,9,23,103
3292.0,1743.63,-457.0,9,23,103
3057.0,1789.6,-395.0,9,23,106
3292.0,1644.37,122.0,9,23,103
3292.0,1692.61,588.0,9,23,103
2757.0,1655.78,-302.0,8,23,99
3292.0,1582.16,-134.0,8,23,103
3207.0,1716.8,379.0,7,26,115
3292.0,1787.58,-702.0,7,23,103
3292.0,1684.51,-639.0,7,23,103
2707.0,1663.72,187.0,7,23,103
3292.0,1680.66,549.0,7,23,103
3137.0,1716.02,-48.0,6,23,103
2972.0,1765.51,-63.0,6,23,103
3405.0,1835.64,136.0,6,22,102
2837.0,1642.76,-763.0,6,23,107
2922.0,1804.46,292.0,6,25,109
3325.0,1767.57,134.0,7,22,102
3052.0,1652.0,-537.0,7,23,104
3323.0,1716.71,154.0,7,26,115
3221.0,1741.88,292.0,7,22,103
3132.0,1741.45,-543.0,7,25,109
2972.0,1666.81,-580.0,7,23,104
3292.0,1929.38,466.0,8,23,104
3292.0,1708.19,-617.0,8,23,104
2982.0,1849.77,236.0,8,23,104
3302.0,1735.62,442.0,8,23,104
3134.0,1828.94,-173.0,8,23,103
3292.0,1869.97,80.0,7,23,104
3087.0,1905.28,588.0,6,27,121
3242.0,1925.46,564.0,6,25,109
3017.0,1841.43,588.0,6,27,121
3202.0,1971.62,603.0,6,27,121
3007.0,1898.7,612.0,7,27,121
3042.0,1827.95,277.0,7,27,121
3252.0,1978.15,614.0,7,27,121
3206.0,1996.98,531.0,7,27,121
3317.0,1859.03,7.0,7,27,121
3407.0,1937.72,437.0,7,27,121
3307.0,1988.19,474.0,7,27,121
3292.0,1880.09,502.0,7,27,121
3327.0,1924.5,333.0,7,27,121
3317.0,1897.08,-1098.0,7,27,121
3077.0,1980.22,572.0,7,27,121
3077.0,1968.16,588.0,7,27,121
3172.0,1962.35,429.0,7,24,113
3297.0,1965.33,570.0,7,27,121
3362.0,2078.83,217.0,7,25,107
3532.0,2018.64,732.0,7,27,121
3416.0,2049.67,629.0,7,27,121
3556.0,2007.57,612.0,8,27,121
3059.0,1990.54,384.0,8,27,121
3087.0,1955.5,-128.0,9,24,104
3117.0,1880.33,460.0,9,25,107
3277.0,1881.53,599.0,9,27,122
2957.0,1821.4,350.0,9,24,104
3231.0,1920.2,-11.0,9,27,122
2982.0,1892.25,-133.0,10,27,122
3052.0,1957.3,463.0,10,24,105
3122.0,1932.4,352.0,9,29,127
3382.0,1795.22,367.0,10,27,122
3167.0,1818.53,521.0,11,26,109
3032.0,1773.84,-1098.0,10,27,122
3152.0,1939.19,576.0,11,24,106
3767.0,1854.12,566.0,10,27,122
3437.0,1895.44,157.0,10,27,122
3057.0,1873.76,317.0,9,24,106
3087.0,1892.05,-58.0,9,27,122
3336.0,1960.97,587.0,9,27,122
3655.0,1898.99,622.0,9,24,107
3417.0,1869.56,749.0,9,27,123
3442.0,1867.53,507.0,8,26,109
3181.0,1899.56,512.0,9,27,123
3031.0,1827.07,-636.0,9,24,107
3127.0,1868.34,332.0,9,27,123
3147.0,1946.42,1026.0,9,27,123
3280.0,1937.83,-360.0,9,24,106
3147.0,1892.38,-114.0,9,27,123
3062.0,1961.19,610.0,8,33,139
3356.0,1909.62,-566.0,9,25,108
3406.0,1827.83,666.0,8,30,135
3467.0,1873.86,127.0,8,28,120
3202.0,1903.23,452.0,8,33,139
3212.0,1986.49,215.0,8,33,139
3471.0,1927.48,612.0,8,30,135
3571.0,1961.5,487.0,7,30,134
3232.0,2047.78,747.0,8,33,139
3277.0,1931.49,759.0,8,33,139
3237.0,2000.38,-112.0,8,33,139
3512.0,2026.73,592.0,8,33,139
3147.0,1965.07,-129.0,8,34,140
3382.0,2079.82,482.0,8,34,140
3418.0,1951.73,-336.0,8,34,140
3252.0,1969.12,672.0,8,34,140
3142.0,1959.37,-253.0,8,34,140
3345.0,1982.44,524.0,8,34,140
3197.0,1853.59,577.0,8,26,108
3107.0,1971.49,601.0,7,34,140
3247.0,1908.65,542.0,7,34,140
3317.0,1959.19,715.0,7,31,138
3487.0,2105.58,702.0,7,34,140
3282.0,2072.46,792.0,7,34,141
3327.0,2036.11,592.0,7,34,141
3356.0,2138.7,870.0,7,35,155
3442.0,2075.13,512.0,9,35,142
3507.0,2077.97,987.0,8,31,140
3387.0,2044.8,538.0,8,36,143
3472.0,1982.02,689.0,8,36,143
3541.0,1945.89,-57.0,8,36,143
3282.0,2086.07,567.0,8,31,140
3382.0,2052.2,-596.0,8,36,143
3412.0,2046.75,27.0,8,36,143
3177.0,2055.16,306.0,8,31,140
3277.0,2013.76,766.0,8,36,143
3167.0,2032.73,712.0,9,31,140
3242.0,2037.21,657.0,9,36,143
3407.0,2082.53,727.0,9,36,143
3636.0,1938.45,639.0,9,36,142
3262.0,2027.49,650.0,9,36,142
3331.0,1941.27,97.0,9,27,114
3312.0,2012.81,753.0,9,36,142
3247.0,1916.38,-518.0,8,36,142
3707.0,1941.38,909.0,8,28,122
3392.0,1885.91,-192.0,7,28,122
3297.0,1877.8,-492.0,7,36,142
3291.0,2032.57,612.0,7,36,142
3427.0,1975.82,-629.0,7,36,143
3347.0,1930.3,-593.0,7,39,165
3292.0,1965.48,-362.0,8,36,143
3596.0,1827.38,37.0,8,36,143
3322.0,1947.23,342.0,8,39,165
3472.0,1871.61,480.0,8,36,143
3362.0,1939.45,-43.0,8,28,122
3147.0,1837.07,567.0,8,36,143
3402.0,1930.29,211.0,8,36,143
3212.0,1927.22,367.0,8,36,164
3242.0,2002.18,902.0,8,36,143
3527.0,2026.19,422.0,8,37,144
3182.0,2022.7,330.0,8,37,144
3147.0,1894.43,481.0,8,37,144
3317.0,2019.64,747.0,8,37,145
3312.0,2012.46,-629.0,8,37,144
3422.0,2070.01,122.0,8,37,144
3222.0,2125.65,727.0,8,37,144
3277.0,2116.52,1004.0,7,37,144
3342.0,2194.06,732.0,7,37,145
3312.0,2096.65,437.0,7,37,145
3426.0,2123.19,917.0,7,39,165
3352.0,2116.8,317.0,7,37,145
3212.0,2068.29,547.0,7,37,145
3242.0,2087.46,611.0,7,37,145
3442.0,2066.9,747.0,7,41,173
3506.0,2174.87,951.0,7,37,145
3447.0,2245.23,971.0,7,38,146
3376.0,2112.84,196.0,7,41,173
3492.0,2204.33,717.0,6,37,145
3741.0,2258.26,690.0,6,37,145
3225.0,2150.78,672.0,6,39,165
3412.0,2167.28,427.0,7,39,165
3507.0,2212.62,1022.0,7,42,173
traininig time: 5622.04186201
