best,average,min,species,neurons,links
1213.0,198.63,-532.0,1,20,99
1358.0,496.11,-492.0,1,20,99
1488.0,689.01,-204.0,1,20,99
1958.0,848.12,18.0,1,20,99
1721.0,869.61,-399.0,1,20,99
1963.0,973.78,-200.0,1,20,99
2363.0,1102.24,73.0,1,20,99
2236.0,1132.65,23.0,1,20,99
2631.0,1146.84,-82.0,2,20,99
1943.0,937.71,-484.0,2,20,99
2318.0,1089.83,-82.0,6,21,101
2150.0,1057.94,-358.0,9,20,99
1993.0,1122.13,-250.0,10,21,101
2318.0,1029.92,-385.0,9,21,99
1863.0,842.36,-353.0,8,21,103
2228.0,1037.27,-264.0,10,23,101
2045.0,1064.64,-398.0,10,20,99
2109.0,1079.56,-210.0,10,21,103
2248.0,1220.24,-142.0,7,24,109
2188.0,1183.45,-361.0,10,24,109
2093.0,1141.57,-246.0,9,21,99
2163.0,1158.8,-470.0,9,21,100
2128.0,1132.62,-156.0,9,21,100
1993.0,1191.19,-413.0,9,21,100
2283.0,1123.87,-282.0,9,22,100
2418.0,1230.06,-391.0,9,26,116
2053.0,1144.34,-218.0,9,22,101
2173.0,1227.66,-209.0,9,24,110
2140.0,1247.7,-209.0,9,26,116
2281.0,1207.42,-280.0,9,26,116
2156.0,1136.95,-458.0,9,22,103
2198.0,1183.59,-194.0,9,21,99
2363.0,1220.11,-324.0,9,22,103
2058.0,1080.51,-368.0,9,21,98
2570.0,1159.33,28.0,9,22,102
2083.0,1194.43,-253.0,9,26,116
1988.0,1046.54,-343.0,9,21,98
2103.0,1063.37,-108.0,9,26,116
2318.0,1097.27,-293.0,9,22,100
1898.0,1142.12,-387.0,9,21,98
2463.0,1167.99,-82.0,9,21,104
2223.0,1166.88,200.0,9,23,101
2511.0,1153.32,-165.0,9,21,98
2393.0,1191.0,-114.0,9,21,98
2403.0,1182.6,-218.0,9,21,104
2252.0,1211.75,-242.0,8,26,117
2303.0,1231.82,17.0,9,21,104
2116.0,1160.82,-340.0,8,23,101
2288.0,1277.09,-140.0,8,26,118
2328.0,1215.46,-31.0,8,24,112
2158.0,1321.33,113.0,8,23,101
2296.0,1246.76,-81.0,8,23,101
2218.0,1242.4,218.0,8,23,101
2543.0,1202.56,-20.0,8,26,118
2253.0,1310.86,351.0,8,21,103
2163.0,1288.36,-236.0,8,23,101
2358.0,1251.52,-181.0,8,23,100
2248.0,1279.55,-158.0,8,21,103
2333.0,1237.6,-164.0,8,21,99
2068.0,1262.95,125.0,8,22,105
2163.0,1300.81,-19.0,8,21,100
2188.0,1230.19,-99.0,8,26,119
2463.0,1310.92,-316.0,8,21,100
2216.0,1229.95,99.0,8,22,101
2212.0,1070.01,-326.0,8,22,101
2209.0,1099.88,-128.0,8,24,112
2217.0,1223.77,54.0,8,22,104
2398.0,1172.23,-71.0,8,22,101
2028.0,1209.04,-39.0,8,21,102
2513.0,1256.63,-60.0,8,22,101
2397.0,1263.84,131.0,8,22,104
2376.0,1223.95,-242.0,8,22,101
2133.0,1212.46,-109.0,8,22,101
2268.0,1184.6,-293.0,8,22,101
2183.0,1239.33,-59.0,8,26,118
2086.0,1223.72,-393.0,9,22,101
2523.0,1237.06,25.0,7,24,113
2197.0,1211.48,-312.0,6,22,100
2102.0,1163.52,-420.0,7,22,100
2183.0,1255.62,52.0,7,22,100
2287.0,1194.07,-301.0,7,22,100
2233.0,1189.43,-215.0,8,26,121
2331.0,1248.34,-435.0,8,26,114
2249.0,1270.64,-62.0,8,22,104
2237.0,1270.84,-201.0,9,22,100
2228.0,1107.01,-364.0,9,34,148
2232.0,1262.31,338.0,8,22,100
2117.0,1263.76,140.0,8,22,100
2238.0,1177.73,-6.0,8,36,151
2238.0,1209.91,-248.0,8,26,122
2233.0,1170.92,-256.0,8,30,130
2093.0,1204.18,-174.0,8,22,100
2093.0,1212.29,-148.0,7,26,114
2318.0,1252.34,-26.0,7,25,101
2231.0,1294.58,-100.0,7,26,114
2358.0,1262.79,-239.0,7,23,101
2311.0,1207.97,-102.0,7,23,101
1978.0,1191.61,-82.0,8,37,152
2148.0,1171.39,7.0,7,37,152
2383.0,1278.85,-123.0,7,30,130
2217.0,1261.46,-368.0,7,37,152
2083.0,1174.81,-196.0,8,27,123
2356.0,1204.67,-360.0,7,25,115
2148.0,1209.7,276.0,7,25,101
2313.0,1147.46,-116.0,7,25,115
2298.0,1142.56,-36.0,6,37,152
2318.0,1238.28,8.0,6,37,152
2318.0,1199.48,251.0,6,25,115
2218.0,1200.51,-172.0,6,25,115
1900.0,1237.18,-181.0,6,27,118
2483.0,1300.33,165.0,6,27,118
2058.0,1134.01,-106.0,6,25,115
2003.0,1116.53,-368.0,6,25,101
2081.0,1246.11,-220.0,6,25,115
2390.0,1143.15,-477.0,6,25,115
2088.0,992.19,-415.0,6,23,102
2258.0,1179.96,-85.0,6,37,154
2298.0,1221.81,171.0,6,23,103
2268.0,1226.99,-63.0,6,25,102
2154.0,1188.21,239.0,6,30,131
2049.0,1212.57,263.0,6,37,154
2218.0,1207.41,233.0,5,27,118
2042.0,1147.6,-136.0,5,25,115
2053.0,1176.05,-102.0,5,25,102
2063.0,1109.43,47.0,5,30,131
2268.0,1158.58,270.0,5,25,102
2038.0,1155.5,162.0,5,27,118
2254.0,1173.23,-197.0,5,37,154
1950.0,1221.67,-76.0,4,30,131
2328.0,1284.5,204.0,4,37,154
2195.0,1227.87,-388.0,4,30,131
2221.0,1222.11,-252.0,4,27,119
2401.0,1251.02,-220.0,4,25,102
2304.0,1178.43,-190.0,4,37,155
2368.0,1345.23,277.0,4,37,154
2028.0,1266.47,93.0,4,37,155
2493.0,1207.03,-255.0,4,27,119
1902.0,1267.92,-93.0,4,31,132
2543.0,1246.78,37.0,4,31,132
2400.0,1237.06,117.0,4,31,133
2708.0,1242.36,-162.0,4,31,133
2370.0,1292.75,345.0,4,31,133
2165.0,1351.76,-206.0,4,31,133
2510.0,1309.45,-328.0,4,31,133
2960.0,1298.27,-107.0,4,31,133
2248.0,1198.7,-87.0,4,31,133
2759.0,1353.91,-87.0,4,31,133
2790.0,1248.64,-32.0,4,31,133
2658.0,1170.67,-130.0,4,31,133
2755.0,1286.41,-302.0,4,31,133
2758.0,1160.53,-322.0,4,31,133
2463.0,1168.73,-200.0,4,31,133
2688.0,1338.08,432.0,4,31,133
2625.0,1274.37,-334.0,4,31,133
2708.0,1358.37,354.0,4,31,133
2448.0,1312.17,-124.0,4,37,156
2574.0,1280.59,-62.0,4,25,102
2916.0,1414.48,-100.0,4,31,133
2528.0,1421.51,-208.0,4,31,133
2528.0,1396.66,87.0,4,31,134
2643.0,1377.38,-31.0,4,31,134
2643.0,1376.74,141.0,4,31,134
2489.0,1443.2,145.0,4,31,134
2893.0,1411.57,27.0,4,37,157
3080.0,1455.59,175.0,4,37,157
2335.0,1337.25,97.0,4,37,156
2795.0,1416.72,43.0,4,25,102
2448.0,1404.1,81.0,4,38,158
2705.0,1480.05,369.0,4,31,134
2548.0,1395.89,-67.0,4,31,134
2705.0,1355.27,452.0,4,31,134
2363.0,1429.45,23.0,4,31,134
3008.0,1370.77,-124.0,4,25,102
2688.0,1551.28,405.0,4,31,134
2398.0,1453.25,-332.0,4,38,158
2590.0,1452.14,-324.0,4,31,134
2407.0,1438.53,-463.0,4,31,134
2741.0,1434.15,-109.0,4,38,159
2579.0,1456.5,213.0,4,31,134
2738.0,1407.43,189.0,4,31,134
2432.0,1406.91,273.0,4,31,134
2653.0,1429.21,359.0,4,31,134
2558.0,1392.62,-279.0,4,31,134
2683.0,1472.78,-37.0,4,38,160
2510.0,1563.33,397.0,4,31,134
2538.0,1505.29,153.0,4,28,123
2632.0,1627.18,206.0,4,25,102
2868.0,1509.3,172.0,4,31,134
2624.0,1591.01,292.0,4,38,160
2513.0,1530.46,19.0,4,31,134
2844.0,1500.9,203.0,4,38,160
2738.0,1606.2,616.0,4,31,134
2675.0,1562.38,-32.0,4,31,134
2748.0,1517.14,-284.0,4,38,160
2785.0,1538.75,-109.0,4,31,134
2983.0,1635.3,535.0,5,29,125
2548.0,1406.96,388.0,5,31,134
2740.0,1474.26,-78.0,5,31,134
2643.0,1527.31,340.0,5,29,125
2622.0,1577.73,-306.0,5,39,162
2894.0,1658.33,-90.0,5,25,102
2758.0,1613.38,194.0,6,35,150
2788.0,1484.61,-2.0,6,35,150
2708.0,1554.3,-469.0,6,35,151
2773.0,1561.0,-139.0,6,35,151
2749.0,1574.14,48.0,6,44,187
2778.0,1521.33,314.0,6,31,133
2660.0,1500.16,205.0,6,35,151
2513.0,1467.86,251.0,6,35,151
2803.0,1441.23,-466.0,6,31,133
2805.0,1556.79,91.0,6,31,133
2644.0,1440.83,-129.0,6,31,133
2623.0,1505.65,48.0,6,35,151
2838.0,1531.96,36.0,6,31,133
2570.0,1614.91,-152.0,6,35,151
3035.0,1518.31,98.0,7,31,133
2702.0,1439.9,-187.0,7,40,164
2531.0,1430.26,-145.0,7,35,151
2578.0,1428.21,-139.0,7,31,133
2823.0,1506.0,182.0,7,31,133
2567.0,1527.11,-77.0,7,43,182
2638.0,1544.78,-74.0,7,31,133
2682.0,1549.09,213.0,7,40,165
2568.0,1564.33,-282.0,7,35,151
2690.0,1447.72,84.0,6,31,132
2608.0,1476.13,218.0,6,35,151
2673.0,1481.97,237.0,6,31,132
2628.0,1505.26,160.0,6,31,132
2568.0,1521.58,-182.0,6,31,132
2950.0,1554.53,414.0,6,31,133
2950.0,1561.63,-380.0,5,31,133
2653.0,1512.61,371.0,5,31,133
2832.0,1648.07,613.0,5,40,165
2830.0,1544.64,219.0,5,35,151
3000.0,1526.37,-213.0,5,35,151
2773.0,1588.42,473.0,5,31,133
2849.0,1558.35,-168.0,5,31,133
2834.0,1498.02,230.0,5,31,133
2690.0,1532.98,-107.0,5,31,133
2675.0,1610.39,128.0,5,31,133
2935.0,1520.26,264.0,6,31,133
2823.0,1458.58,-19.0,6,31,133
2968.0,1422.22,-360.0,6,29,128
2830.0,1492.82,184.0,6,35,150
2840.0,1406.08,-262.0,6,35,150
2643.0,1409.43,-322.0,6,32,134
2790.0,1385.6,-256.0,6,31,133
2703.0,1325.52,-11.0,5,35,150
2765.0,1441.99,311.0,5,31,133
2920.0,1364.46,-282.0,5,31,133
2823.0,1529.61,176.0,5,35,150
2590.0,1467.54,-325.0,5,35,150
2845.0,1372.55,43.0,5,31,133
2805.0,1355.67,194.0,5,31,133
2853.0,1347.83,-95.0,5,31,133
2903.0,1482.77,1.0,5,35,150
2805.0,1464.32,32.0,5,31,132
2965.0,1443.73,-25.0,5,31,132
2903.0,1565.5,418.0,5,35,150
2888.0,1503.95,218.0,5,35,151
3228.0,1557.84,246.0,5,31,133
2690.0,1452.27,178.0,5,31,133
2737.0,1481.96,166.0,5,31,133
2683.0,1458.99,14.0,5,37,153
3178.0,1409.21,16.0,5,31,133
2785.0,1416.77,34.0,5,31,133
2955.0,1450.2,183.0,5,37,153
2743.0,1469.75,251.0,5,31,133
2830.0,1496.66,420.0,5,37,153
2693.0,1524.77,94.0,5,37,153
2865.0,1471.71,200.0,5,37,153
2788.0,1568.01,187.0,5,31,133
2915.0,1464.79,137.0,5,31,133
2855.0,1570.36,-4.0,5,31,133
2713.0,1537.17,627.0,5,37,153
3033.0,1470.15,94.0,5,31,133
2912.0,1485.5,-123.0,5,37,153
2753.0,1544.49,38.0,5,31,133
2755.0,1600.07,-311.0,5,31,133
2905.0,1406.37,8.0,5,31,133
2740.0,1545.43,476.0,5,31,133
2735.0,1526.63,202.0,5,31,133
2955.0,1528.29,196.0,5,31,133
2985.0,1504.63,174.0,5,31,133
2905.0,1441.66,-501.0,6,37,153
2805.0,1468.73,3.0,5,46,197
2879.0,1526.06,39.0,3,31,133
2820.0,1439.6,129.0,3,31,134
2920.0,1424.87,-152.0,3,31,134
2870.0,1580.26,169.0,3,31,134
2788.0,1456.26,-147.0,3,46,196
3020.0,1465.44,-237.0,3,31,134
2760.0,1511.73,104.0,3,31,134
2805.0,1506.38,-321.0,3,31,133
2820.0,1442.39,-260.0,3,31,134
2675.0,1413.53,-501.0,3,31,134
2995.0,1485.74,-190.0,3,31,134
2654.0,1477.79,-328.0,3,31,134
2953.0,1568.39,337.0,3,31,134
2590.0,1491.01,24.0,3,31,134
traininig time: 5812.43909597
