best,average,worse
2.06084977127,0.59094547819,0.0969427690444
2.16293601132,0.715150131041,0.0926692647709
2.16293601132,0.854990732181,0.236076625202
2.16293601132,0.958472911268,0.134039108874
2.16293601132,0.937356909125,0.138312613147
2.22807508131,0.982018153258,0.0
2.22807508131,1.17216871937,0.0
2.22807508131,1.20376756971,0.0
2.22807508131,1.17733762527,0.0
2.22807508131,1.37602710732,0.0
2.22807508131,1.49091288954,0.0
2.22976332893,1.70546617231,0.285199489123
2.23095061468,1.83645354415,0.291150218188
2.23095061468,1.92975371155,0.291150218188
2.23095061468,1.9649602142,0.472295362276
2.23234220083,2.01795500363,0.505177274732
2.23298694614,2.03066317569,0.566226122217
2.23298694614,2.05330563478,0.56083843695
2.28288978288,2.09180769566,0.666318145189
2.28570084255,2.12996856497,1.35214004602
2.28570084255,2.13619709254,0.68379465572
2.28570084255,2.1271308355,0.677026693311
2.28570084255,2.10391866536,0.627694947014
2.29201993295,2.14153954999,1.31816768791
2.29228411271,2.13789644276,1.18603370193
2.29201993295,2.13682694424,0.98359985447
2.29228411271,2.14152770163,0.817235086129
2.33977127549,2.16526812324,0.965064099948
2.34024317434,2.15192144464,0.767043983244
2.34024317434,2.16096093298,0.767043983244
2.34024317434,2.19239548925,1.34871860184
2.34859370427,2.19827077189,1.38229698091
2.34859370427,2.1982788912,1.35214004602
2.34859370427,2.20240296264,1.35214004602
2.34859370427,2.20211891049,1.34549600975
2.34909205792,2.19139814635,1.28789515607
2.35249373252,2.20510711371,0.733826963785
2.35249373252,2.21089075388,1.25681812752
2.35249373252,2.21078988803,1.79856248523
2.35249373252,2.21120609852,1.65815095286
2.35249373252,2.2055461883,1.38136318209
2.35249373252,2.20468115383,1.79916892707
2.35249373252,2.22113870464,1.26427668502
2.35249373252,2.21970222198,1.66203257049
2.35110316955,2.22446222477,1.67102231511
2.35110316955,2.22570632593,1.47723803538
2.35110316955,2.22272504996,1.60442620441
2.35279521833,2.22582365395,1.89679125451
2.35279521833,2.22232851228,1.78304380094
2.35303113691,2.23079758206,0.56516063168
2.35303113691,2.24888194785,1.66831998446
2.35279521833,2.25206268873,1.66780591251
2.35324154019,2.24868030852,1.81018232931
2.35470634918,2.26095529771,1.80911805973
2.35564563111,2.26020728217,1.63038930696
2.35564563111,2.2465757457,1.53202670401
2.35641989702,2.26926699869,2.10678590146
2.35650394872,2.26539924637,1.83776961726
2.4223293982,2.26241510919,1.66401263734
2.4223293982,2.2556385276,1.57351127367
2.4223293982,2.24283879287,1.57675776322
2.4223293982,2.23644852028,1.27445936652
2.4223293982,2.25011010675,1.61466482167
2.4223293982,2.24584420391,1.47459950801
2.4223293982,2.25264030373,1.44072972468
2.4223293982,2.26784484191,1.9868677438
2.42324670442,2.2700937111,2.01124236633
2.42324670442,2.27181076228,2.04599410214
2.42503706425,2.26169846295,0.0
2.4243146734,2.27529625225,1.97092260176
2.42577130202,2.27693502477,1.83046244573
2.42707021708,2.2811680771,2.0521421334
2.42707021708,2.27612808088,1.93316753459
2.42707021708,2.28985407553,1.77389383218
2.43034221239,2.29615602987,1.86941433863
2.43107994388,2.28891627257,1.65045314882
2.43107994388,2.28072521773,0.785264088004
2.43107994388,2.26493197558,0.86333916612
2.43113116451,2.26761887488,1.77756536892
2.43113116451,2.28864415583,1.80190279691
2.43107994388,2.2976943788,1.90298027845
2.43107994388,2.30285710892,1.96544448919
2.43107994388,2.29761365928,2.04624151061
2.43151565287,2.30659163679,2.04497787244
2.43176886996,2.31586834417,2.04391415713
2.43176886996,2.33007935905,1.94847203865
2.43217620934,2.32983321047,1.4599799479
2.43217620972,2.33783580238,1.634868626
2.43292249919,2.34629346471,1.90036315716
2.43292249919,2.34870387311,1.90036315716
2.43292249919,2.34970731942,2.03271445985
2.43292250691,2.33793294608,1.82772499261
2.43292250691,2.34267478911,2.03271445985
2.43292250691,2.33234632739,1.34222198645
2.43341452391,2.35048230335,1.34112771858
2.43341452391,2.34321686149,1.34222198645
2.43385761954,2.35325545346,1.85336278371
2.43424339788,2.35597621513,1.49316490637
2.43424339788,2.37392157962,1.95115736178
2.43425699471,2.36465726379,1.63380237248
2.43425699471,2.35075182042,1.38201182671
2.43425699471,2.35151481124,1.38201182671
2.43469714219,2.34563723154,1.63358107271
2.43469714219,2.353653292,1.27277252781
2.43566426515,2.35725197155,1.44125859623
2.43604270681,2.36203998217,1.46663395206
2.43624810729,2.33907684881,1.32351799977
2.43624810729,2.35336740562,1.70029132171
2.43753716095,2.3663623091,1.69072808056
2.43799499972,2.35449127159,1.33249186509
2.43799499972,2.34127056295,1.8327456888
2.43799499972,2.34673296657,1.83415533227
2.43929711288,2.35681569915,2.04354457835
2.43929711288,2.34230099352,1.3582596664
2.43929711288,2.33361714423,1.46269155204
2.43929711288,2.33059726175,1.4736434341
2.43929711288,2.30820828387,1.11297233441
2.43929711288,2.30786566745,1.11745496257
2.4394745138,2.31724316795,1.1087442654
2.4394745138,2.32732012742,1.12414384492
2.4394745138,2.34716053234,1.48927763363
2.4394745138,2.35241905585,1.45712352504
2.4394745138,2.35994553906,1.48632869163
2.4403142635,2.37319650599,1.64384532974
2.4403142635,2.36666424163,1.29097533898
2.47882057072,2.36504431438,1.94289169504
2.47697692152,2.35953299509,1.82738700715
2.47697692152,2.35209068693,1.84469074129
2.47697692152,2.32735796491,1.84371051964
2.4403142635,2.30948548633,1.77339550316
2.44204070827,2.32910891548,1.80654812961
2.44204070827,2.33325697876,1.89185628343
2.44204070827,2.30313441807,1.75916609631
2.44204070827,2.31252577595,1.73149362859
2.44204070827,2.30666479297,1.73149362859
2.44205101188,2.29041214952,1.73034082714
2.44205101188,2.29939074032,1.73296842216
2.44205101188,2.29946444826,1.26465843967
2.44205101188,2.32157447762,1.75957355961
2.44205101188,2.32932973672,1.75111967687
2.44205101188,2.32840734579,1.75962300579
2.44205101188,2.32330481089,1.75950113056
2.44286069543,2.32840082445,1.71350177608
2.44310351503,2.35849101129,1.87186602
2.44310351503,2.38158512324,1.95280376665
2.44310351503,2.38995488479,1.95645942226
2.44420019384,2.38743107548,1.84526244528
2.44420019384,2.39628829478,1.84382514734
2.44420077436,2.40783047821,2.01637374232
2.44469399617,2.40680100052,2.06349616673
2.4472620985,2.40179552352,1.22117227509
2.4472620985,2.40718487203,2.06460497173
2.4472620985,2.40553894221,2.05554610771
2.4472620985,2.39164184551,1.64799665498
2.4472620985,2.40342931982,1.96214975616
2.4472620985,2.40124541487,1.96560233442
2.4472620985,2.40074731432,2.05052893277
2.4472620985,2.38929990863,1.3178303116
2.4472620985,2.39239692166,2.04028370735
2.4472620985,2.38980291834,1.88905710131
2.44773582455,2.38133758208,1.48938189015
2.44760149963,2.37357251118,1.48486240116
2.44760149963,2.38973282907,1.90127348088
2.44773582455,2.39237505099,1.90962373323
2.44773582455,2.39734205584,1.84212248787
2.44773582455,2.38940482994,1.2870732639
2.44773582455,2.39119965663,1.87762971994
2.44773582455,2.38145636964,1.87762971994
2.45068046021,2.39597290045,1.88716721202
2.45068051149,2.38766296169,1.88716721202
2.45068051149,2.3995723711,1.88716721202
2.45068051149,2.40911832176,1.87808202554
2.45068051149,2.40774943955,1.3945533356
2.45068051149,2.39379577843,1.25293449171
2.45068554785,2.4086344574,2.03780490706
2.45068554785,2.4019169853,2.0000606306
2.45068554785,2.39678697827,1.94906504028
2.45068554785,2.39167737083,2.08542371662
2.45068554785,2.3976303309,2.15550461314
2.45068554785,2.40986847635,2.14171610706
2.45121560583,2.40840651424,2.14171610706
2.45121560583,2.40625259518,2.08326757687
2.45121560583,2.39721008129,1.89900321688
2.45156758039,2.39579730375,1.9422121637
2.45156758039,2.39512749626,1.99585283832
2.45156758039,2.40694300636,1.90552363351
2.45156758039,2.40966134686,1.94728588977
2.45169399137,2.39502924068,1.02283159083
2.45169399137,2.34231133211,0.71693523305
2.45169399137,2.38743960545,1.02538618278
2.45212716681,2.39319691379,1.37824994715
2.45212716681,2.41150695812,1.02283159083
2.45212716681,2.41558960534,2.08298987036
2.45212716681,2.39878392887,1.80090109525
2.45212716681,2.41261566415,1.90014257777
2.45212716681,2.39255189926,0.537221044534
2.45212716681,2.41244276593,2.00225739341
2.45212716681,2.4101745438,1.90111209594
2.45225034341,2.40865829742,1.71118785836
2.45225034341,2.41216003354,1.70950294979
2.45225034341,2.4122505989,1.70950294979
2.45225034341,2.40641791449,1.71075776259
2.45226220314,2.41402722164,2.00974513711
2.4523534011,2.41613205493,2.08077030714
2.45261051706,2.41922590933,2.08566495864
2.45261051706,2.40183846955,1.17186291406
2.45261051706,2.39386453213,1.16306901163
2.45264359921,2.37658166851,0.806065611935
2.45264359921,2.39430467501,1.17864109747
2.45264359921,2.39420282717,1.33715056089
2.4532481066,2.40339996996,1.94543096178
2.4532481066,2.39508928065,1.80574335309
2.4532481066,2.39302747759,1.80574335309
2.45368795913,2.39948510993,1.80574335309
2.45368795913,2.39017597662,1.80588986353
2.45368795913,2.39834857047,2.06519459256
2.45411118689,2.39934459199,1.87733112162
2.45411118689,2.39996696923,2.07093016059
2.45411118689,2.4008759747,1.82773639805
2.45411118689,2.38724321293,1.24702717185
2.45411118689,2.39823361507,1.24664149335
2.45411118689,2.3881574713,2.04237566111
2.45411118689,2.39546623991,1.94225054388
2.45411118689,2.38418641917,1.65292867628
2.45411118689,2.39052202623,1.91638554776
2.45411539194,2.38408968464,1.79877704619
2.45411539194,2.39565409821,1.74862639893
2.45411539194,2.40871698125,2.17672686105
2.45411539194,2.41324739589,2.17672686105
2.45411539194,2.4101492368,1.37107191155
2.45496885374,2.41782477472,1.99211108154
2.45496885374,2.41767795805,2.11653319272
2.45496885374,2.4103548891,2.11653319272
2.4551527013,2.40118878653,1.85813888206
2.4551527013,2.40211417825,1.98300534816
2.4551527013,2.39820403462,1.93719647232
2.4551527013,2.40393023943,1.98027419555
2.4551527013,2.40261749978,1.78488902995
2.4551527013,2.39388733203,1.78488902995
2.4551527013,2.39543162003,1.78671326477
2.45515677368,2.38728778493,1.86624189257
2.45515677368,2.38029220378,1.73188186225
2.45515677368,2.37444012001,1.0595988989
2.45515677368,2.37153417687,1.37439862011
2.45515677368,2.37900053797,1.3869918092
2.45515677368,2.37475149238,1.3869918092
2.45515677368,2.36640998809,1.38634388528
2.45515677368,2.37325653117,1.84422805577
2.45515677368,2.37486403097,2.03452983401
2.45515677368,2.3877003012,2.03730494685
2.45556685881,2.37639696566,1.84885483716
2.45556685881,2.36258105608,1.84885483716
2.45575104426,2.37204767984,1.97963287207
2.45556685881,2.36711081025,1.76239296949
2.45585147649,2.36171244608,1.76239296949
2.45585147649,2.3644867645,1.75799695033
2.45585150119,2.36526949773,1.75999115936
2.45586011055,2.38365605724,1.99810087644
2.45589166156,2.38814263593,2.08799510476
2.45589166156,2.3907976864,1.74266421396
2.45594055341,2.37898006046,1.84447407702
2.45594055341,2.39269786973,1.83716041446
2.4565168782,2.39010394012,1.72744823098
2.4565168782,2.37162812487,1.7474904544
2.45802482309,2.37677721535,1.73607663301
2.45802482309,2.38011583662,1.74488995229
2.45802482309,2.38065037025,1.74763626095
2.45802482309,2.39242475178,1.74473013376
2.45802482309,2.38891693355,1.47552858573
2.45802482309,2.38083080507,1.47552858573
2.45815076823,2.37600413328,1.74285398332
2.45815076823,2.37569630161,1.63581393692
2.459180705,2.37685931525,1.38668398396
2.459180705,2.39485865606,1.97482866889
2.459180705,2.40742986228,2.04667140089
2.459180705,2.41903930094,2.04800731548
2.46047397833,2.41123917025,1.76447125188
2.46047397833,2.41399211052,1.85065878044
2.46047397833,2.41330070394,1.8665596298
2.46047397833,2.39923674445,1.82949877007
2.46047397833,2.40501124631,0.720064525057
2.46047397833,2.39608810865,0.720064525057
2.46224044032,2.39250096085,1.07897050909
2.46224044032,2.38637705408,1.38321426205
2.46224044032,2.38455176557,1.38253565791
2.46224044032,2.37697650061,1.38253565791
2.46288154927,2.37437346462,1.38293747581
2.46288154927,2.39894528387,1.81372089865
2.46288154927,2.39964859526,1.56102183005
2.46288154927,2.39175043789,1.56102183005
2.46288154927,2.39521440151,1.54972029095
2.46288154927,2.40118926096,1.14238162829
2.46288154927,2.41521419992,1.46756756279
2.46352401592,2.40769440554,1.46399363417
2.46352401592,2.42119390835,2.15325192896
2.46352401592,2.40431347265,1.99738373398
2.46364314274,2.38645935955,0.829567261842
2.46364314274,2.37767150414,0.819309812525
2.46364314274,2.37367883182,0.819309812525
2.46364314274,2.38963690126,2.0004195581
2.46364314274,2.37769527748,2.01364986922
2.46364314274,2.38230315664,2.01364986922
2.46364314274,2.39433322461,2.01364986922
2.46466600487,2.38919470581,1.80322902782
2.46466600487,2.39591075959,1.80322902782
2.46466600487,2.37076235932,1.80322902782
2.46466600487,2.36228353122,1.79907044402
2.46466600487,2.37162450822,1.7705395213
2.46466600487,2.38667184104,1.79913530461
2.46466600487,2.38964728483,2.00789739383
2.46466600487,2.38925664613,1.91249449403
2.46466600487,2.36718832602,1.30892991565
2.46466600487,2.37320122262,1.30892991565
2.46548660561,2.35886908656,1.30892991565
2.46548660669,2.3697933463,1.30892991565
2.46560586485,2.38201919613,1.63323979469
2.46560586485,2.39423796518,1.6443733283
2.46569758147,2.38570782258,1.81057263171
2.46569758147,2.3720377847,1.81057263171
2.46569758147,2.37943703989,1.77850858678
2.46569758147,2.40586043223,2.0421368636
2.46569758147,2.39798480678,1.38288175305
2.46569758147,2.40821542057,2.11054128362
2.46569758147,2.40378595269,1.90640414629
2.46599517256,2.38042988277,1.37860007655
2.46599517256,2.37868160057,1.70734346867
2.46639663218,2.38012027896,1.40206452434
2.46639663218,2.3812686474,1.91473462212
2.46639663218,2.38066713339,1.94281696337
2.46639663218,2.35632184718,0.567304956302
2.46639663218,2.34753179278,0.563686457512
2.46694215903,2.33862598072,0.563686457512
2.46703430854,2.36987170043,0.565033035124
2.46703430854,2.36519819316,1.79291623093
2.46764295781,2.36666870081,1.79291623093
2.46764295781,2.37195199584,1.69291376792
2.46774802414,2.37773586359,1.91075873766
2.46774802414,2.36839923548,1.92437978585
2.46774802414,2.36999237095,1.92437978585
2.46774802414,2.39486028217,1.96107425887
2.46774802414,2.39820424659,1.96107425887
2.46774802414,2.40101011371,1.96854614367
2.46836115251,2.39554690699,1.7285021643
2.46836115251,2.38035511431,1.72838739113
2.46836115251,2.39037571788,1.72695682843
2.46836115251,2.39509633244,1.7059378148
2.46836115251,2.39893298859,2.03570567152
2.46836115251,2.38744262994,1.25086384051
2.46836115251,2.36577374905,1.18387487679
2.46836115251,2.36609470041,1.17828796744
2.46836115269,2.37481299069,1.85656977048
2.46858864986,2.37886971667,1.95243663851
2.46858864986,2.37179785071,1.78002917018
2.46858864986,2.37135798726,1.77247014663
2.46836115251,2.38192268759,1.38711303853
2.46901146358,2.37314539202,1.38711303853
2.46901146358,2.39804287998,2.05577615026
2.46901146358,2.39313678438,2.09604762373
2.46940591393,2.38528743255,1.54322700445
2.46940591393,2.40480309973,2.07501270583
2.46940591393,2.393685679,2.07582159214
2.46940591393,2.38927531947,1.09873619609
2.46940591393,2.39199305956,2.08019701717
2.46940591393,2.3979892892,2.07123175402
2.46940591393,2.3864352293,1.91163207286
2.46940591393,2.36851566027,0.710849706464
2.46940591393,2.39105044028,1.83336704666
2.46940591393,2.39778523374,2.09012300801
2.46940591393,2.39974184022,1.97848473234
2.46984724077,2.40901443649,1.96314803077
2.46984724077,2.42212644281,2.10719988131
2.46985764083,2.41697740148,2.10719988131
2.46987141657,2.41006302555,1.96742714043
2.46987141657,2.40607196803,1.96742714043
2.46987141657,2.41826118111,2.15865667627
2.46987141657,2.40018933312,1.71430107791
2.46987141657,2.39410401238,1.71430107791
2.46987141657,2.39478572434,1.83119444983
2.46987141657,2.39227781294,1.74976461241
2.46987141657,2.38148778211,1.68844179684
2.46992848542,2.36988734699,1.45126566008
2.46992848542,2.37354068847,1.78893177556
2.46992848542,2.39965809498,1.80853392612
2.46992848542,2.40208234707,1.67256420368
2.46992902519,2.40636833299,1.87261971866
2.46992902519,2.40277290506,1.39432815192
2.46992902075,2.4105790162,1.81087516766
2.47035451535,2.39512486062,1.80548070202
2.47035452148,2.41746645996,1.93579876326
2.47035452148,2.41178675794,2.08854884255
2.47036585117,2.41079404478,2.10252217534
2.47036585117,2.39943109612,1.53061163561
2.47036585117,2.40110797384,1.34109125644
2.47036585118,2.41662487592,1.64356792146
2.47036585118,2.40192507473,1.65421478822
2.47036585118,2.39543729657,1.65660218303
2.47036585118,2.37680102668,1.65402380689
2.47036585118,2.39679648657,1.65402380689
2.47036585118,2.38429196267,1.64755421525
2.47036585118,2.36193079483,1.22773996059
2.47065564047,2.37071040303,1.22879051459
2.47116428577,2.38769141037,1.22870098867
2.47116428577,2.40463577608,1.65476393929
2.47116428577,2.40174240656,1.9701841286
2.47116428577,2.41271888351,1.97027570752
2.47116428577,2.40603827458,1.84264585802
2.47116428577,2.41938940203,1.84264585802
2.47117217404,2.4238576689,1.9721365497
2.47117217404,2.42219626433,1.82606630097
2.47117217404,2.42435711689,1.9079010792
2.47117217404,2.43177002183,1.896669721
2.4711723292,2.44038340835,2.25943592514
2.4711723292,2.42881185172,1.81513472942
2.4711738911,2.4351372433,1.84707479195
2.4711738911,2.43026941357,1.84556622329
2.4711738911,2.42728970349,1.84599331668
2.4711738911,2.42044660321,1.20466026746
2.4711738911,2.42171872757,1.84707479202
2.47247026817,2.43759425783,2.1231743002
2.47247026817,2.42374229467,1.68740312944
2.47247026817,2.42612562845,2.08617436
2.47247026817,2.4183804174,1.96625520514
2.47247026817,2.42415803568,2.12081575058
2.47247026817,2.42761293103,2.12065624464
2.47247026817,2.42958436484,2.12428741123
2.47247026817,2.43061322694,2.04520676218
2.47251592205,2.42410575586,1.93031352583
2.47252311411,2.41929653002,1.79128039014
2.47252311411,2.41966540993,1.79128039014
2.47252311411,2.41352118884,1.79128042729
2.47252311411,2.39099659501,1.78853120178
2.47252325367,2.39095416917,1.585887269
2.47253251531,2.40631926098,2.00052339195
2.47255163218,2.40127703048,1.99749651842
2.47255163218,2.3986907815,1.77210886244
2.47255163218,2.38768319656,1.77344031119
2.47257181221,2.39738963017,1.65991088896
2.47257181221,2.39062828618,1.00698499309
2.47257181221,2.39468885577,0.989006346626
2.47352563649,2.39841133181,1.36446348026
2.47352563649,2.40715925993,1.36446348026
2.47352563649,2.41421417615,2.0363380795
2.47352563649,2.39831216148,2.03098952109
2.47353479908,2.39004157695,1.9651999517
2.47353479908,2.36646008598,0.598836607063
2.47373289966,2.38142018382,1.79549061722
2.47374993847,2.40129370953,1.97372601692
2.47428727983,2.39812793603,1.74412337317
2.47428727983,2.39820547754,1.78056477079
2.47428727983,2.4043950782,2.10412835557
2.47428727983,2.38612825575,1.92218932927
2.47428727983,2.38908685125,1.91014114004
2.47428727983,2.38632462872,1.91014114004
2.47428727983,2.39283899538,1.80349425966
2.47429515738,2.38116119861,1.80349425966
2.47429515738,2.38350822787,1.31452797622
2.47430304618,2.4096301906,1.94855330965
2.47430304618,2.40391304795,1.94967136043
2.47431746127,2.39666213171,1.95182851944
2.47431746127,2.40024071449,1.98624953188
2.47432593723,2.41643394299,2.02624938087
2.47432593723,2.41879297964,1.98958373108
2.47432593723,2.40647905509,1.92994139313
2.47432606351,2.39470273366,1.94011152641
2.47478774849,2.39559998055,1.22459019055
2.47495214878,2.41058666444,1.82857887559
2.47495214878,2.41134502679,1.82602588484
2.47495214878,2.42196432332,1.92929423908
2.47495244314,2.41892301198,1.75863512874
2.47495244314,2.42398449042,1.75803465169
2.47496658184,2.4274169582,1.85363729635
2.47496658184,2.42561652575,1.8484595915
2.47496658184,2.41051276441,0.648606736553
2.47496658184,2.39915362407,0.645847589424
2.47497903719,2.4014175503,0.645143901296
2.47497903719,2.4038522656,0.652086397578
2.47499992293,2.42405159903,0.718617717389
2.47499992293,2.42717676741,1.0807647896
2.47507268951,2.42711418841,1.0807647896
2.47507268951,2.39987581754,0.719757688231
2.47507268951,2.38640764889,0.713582324828
2.47545379949,2.40194116792,0.743896496244
2.47545379949,2.42073895435,2.02694358669
2.47545379949,2.4226453443,2.14337180726
2.47545379949,2.42122886898,2.14354618752
2.4754815571,2.43582219738,2.1445535574
2.4754815571,2.42907672014,2.17174443962
2.4754815571,2.42403972355,2.03658899906
2.4754815571,2.43295302607,1.99404937226
2.4754815571,2.43019538773,1.99266831574
2.4754815571,2.41646579234,1.28269529791
2.4754815571,2.41220361513,0.821551136437
2.4754815571,2.40131794479,1.92278118061
2.4754815571,2.40166050974,1.68337431541
2.47557872044,2.41766643674,1.92207451857
2.47580081638,2.40693864051,1.36932857476
2.47580081638,2.42525455415,1.92498010447
2.47580081638,2.42197041175,1.92498010447
2.47580081638,2.43214412708,1.96440243838
2.47580152986,2.42762437072,1.97934994041
2.47580152986,2.41790082779,1.96072511976
2.47580152986,2.4087458168,1.96072511976
2.47580152986,2.41331035499,1.96262767242
2.47580152986,2.43667679024,2.17649019854
2.47580618664,2.43673341,2.17649019854
2.47585899175,2.42966629134,2.17907416176
2.47651620218,2.4326007684,2.17907416176
2.47651620218,2.43217428328,1.71075400238
2.47651620218,2.42560841575,1.71143117823
2.47661180552,2.42949586853,1.7945033879
2.47661872302,2.41241844787,1.21118870256
2.47671112002,2.40679895742,1.7945033879
2.47671112002,2.40880984538,1.7945033879
2.47671112002,2.41197493028,1.1103884127
2.47671112002,2.40854295911,1.10988536579
2.47671112002,2.40961635243,0.0
2.47671112956,2.4123819975,1.3848271088
2.47671112956,2.40262796456,1.82580529502
2.47671112956,2.4049898288,1.85624740811
2.47671112956,2.38903078842,1.63181467349
2.47672556544,2.41126299094,1.87818215311
2.47672556544,2.40980686253,1.8848804945
2.4771572318,2.38166169592,0.667414397349
2.4771572318,2.38286280224,0.696255751937
2.4771572318,2.37877624531,0.668727524324
2.4771572318,2.39906604153,1.88469456603
2.4771572318,2.40255631102,1.51460101378
2.4771572318,2.39624791444,1.89648019495
2.47717158242,2.40245874668,2.05573374148
2.47717158242,2.4069553054,2.04953451174
2.47753217192,2.4038101729,1.25773991069
2.47753217192,2.42664610148,2.07789741955
2.47717158242,2.42728835384,2.07789741955
2.47717158242,2.40859670269,1.65474082601
2.47717158242,2.41815849915,2.08406463975
2.47717158242,2.4127697897,1.88927525021
2.47738511588,2.4058455017,1.88823817637
2.47738511588,2.39850976798,1.88927433229
2.47738511588,2.38636333201,1.8763160445
2.47759544621,2.38834504111,1.70643916577
2.47759544621,2.37751684833,1.78514592033
2.47788277158,2.37965324429,1.77876721853
2.47788277158,2.38395884186,1.70735532161
2.47788277158,2.38236670904,1.16314588824
2.47788277158,2.38824134233,1.78131900599
2.47788277158,2.39327618707,1.78242340725
2.47788277158,2.39105175586,1.78131900599
2.47788277158,2.40491786283,1.78098807578
2.47791836339,2.39504420834,1.79969782856
2.47791836339,2.37865598524,1.69268322048
2.47791836339,2.37939073219,1.69268322048
2.47791836339,2.38306024661,1.68751298995
2.47791836339,2.38737907468,1.8078733169
2.47792865344,2.36654241467,1.71139473792
2.47792865344,2.3772316215,1.71746531156
2.47792865344,2.3965832012,1.80430341726
2.47915043436,2.40141620192,1.8030086935
2.47915043436,2.38633162468,1.80645700014
2.47920979412,2.40086840262,1.72231969699
2.47925482592,2.3841493352,1.58219439741
2.47925482592,2.37054387178,1.58219439741
2.47925482592,2.38969970884,1.7215226925
2.47925482592,2.39677709475,1.71294547755
2.47925482592,2.40718916393,1.5632886015
2.47968170303,2.39972990528,1.72141578853
2.47925482592,2.38168447979,1.72141578853
2.47981001118,2.36959057541,1.45294527288
2.47981001118,2.37207088482,1.45265528417
2.47981001118,2.38955115739,0.787326321881
2.47987454902,2.39777836988,0.787326321881
2.47987454902,2.38742291187,0.742692802165
2.47987454902,2.37124734861,0.61791076223
2.47993043567,2.38076421393,0.617824195821
2.47993043567,2.39471255971,0.742444661194
2.48007489611,2.42288744674,1.17184778457
2.48007489611,2.43003405973,2.07421172685
2.48008572482,2.42195289302,2.11303304886
2.48008572482,2.41304373086,1.91192189011
2.48008572482,2.409275264,2.1130824563
2.48008572482,2.40298337306,1.77048214413
2.48008572482,2.39180163825,2.00127956478
2.48008572482,2.38773387425,1.83865246076
2.48008572482,2.37752323176,1.93492003875
2.48008572482,2.37231804318,2.09755826277
2.48008572482,2.38079050639,2.00315579384
2.48012119455,2.3728042408,1.58324281807
2.48012119455,2.39069946873,2.0752612657
2.48012119455,2.39428035057,2.01949770995
2.48012119455,2.40266740644,1.98711197024
2.48012270938,2.40746257328,2.12202405179
2.48012270938,2.4102926852,2.07163855402
2.48012270938,2.41245224474,1.87973997627
2.48012270938,2.40855113917,1.5446572329
2.48012270938,2.40409382887,1.81514050412
2.48012270938,2.40566285163,1.81229461579
2.48012270938,2.40655473667,2.04298515053
2.48012270938,2.41059101411,1.98209256968
2.48012270938,2.39667525292,1.83667997813
2.48012270938,2.38304383621,0.915132627809
2.48012270938,2.3948518807,1.98545765005
2.48012270938,2.38449629881,1.9844736859
2.48012270938,2.38053310147,1.69115072093
2.48019793667,2.38125921048,1.69115072093
2.48012270938,2.39709422496,1.89021275769
2.48012270938,2.40227081151,1.90561649371
2.48038241726,2.40424557635,1.96558019387
2.48038324691,2.39962216761,1.96558019387
2.48038324691,2.38739203705,0.448372370189
2.48038324691,2.37770243083,1.37901178283
2.48091808849,2.39988264767,1.81842461018
2.48091808849,2.40437397924,1.81892883035
2.48091808849,2.41109944925,1.81755378096
2.48091808849,2.4155423575,0.763326241528
2.48091808849,2.384780265,0.75300771035
2.48091808849,2.39263200666,0.755711063996
2.48091808849,2.40564663786,0.755711063996
2.48091808849,2.41101211381,0.846806326861
2.48099371204,2.41946616592,1.83940628115
2.48099371204,2.40989537064,1.83940628115
2.48099371204,2.40205201297,1.62802313418
2.48099371204,2.41097330502,1.84300144826
2.48099371204,2.40518179416,1.6194345235
2.48151450354,2.39136858189,1.61741945899
2.48151450354,2.40321261253,1.95419046087
2.48151450354,2.40902436718,1.9512713094
2.48151450354,2.42626687123,1.95031453406
2.48151450354,2.4191839903,1.70935099246
2.48151450354,2.4240628879,1.38467720006
2.48151450354,2.42018244571,1.8335439254
2.48151450354,2.4126793192,1.81673057723
2.48151569937,2.41258399737,1.7543296732
2.48151569937,2.39395188728,1.7543296732
2.48151569937,2.39018319336,1.83891988849
2.48151569937,2.38430476173,1.83919222539
2.48151569965,2.38815246016,1.83733178524
2.48151569965,2.37996744878,1.83891988849
2.48177342001,2.39291025967,1.83891988849
2.48185145101,2.37759578441,1.7550508618
2.48185145101,2.36852599253,1.83517557214
2.48185145101,2.35872703576,1.62645410589
2.48185253988,2.37968297203,1.62645410589
2.48185254389,2.38041994534,1.14052710303
2.48185254389,2.36018375824,1.64172847299
2.48185254393,2.38152876415,1.70450399682
2.48185254393,2.40309145327,1.64573128853
2.48185254393,2.40243247495,1.706346946
2.48185254415,2.39495560672,1.70602467461
2.48185254415,2.38775697292,1.87696970111
2.48185254415,2.39843906884,1.83188575085
2.48194052639,2.40398505649,1.83188575039
2.48194052647,2.39733834116,1.87294624178
2.48194052647,2.40254007157,1.87062570009
2.48194052667,2.40777149571,1.87615602011
2.48194052667,2.40723739971,1.87576915691
2.48194052667,2.39086652883,1.87823243907
2.48194052667,2.37773184631,1.87823243907
2.48194052667,2.39584236717,1.87242401994
2.48194052667,2.39175147581,1.57234358616
2.48194052667,2.40020280364,1.84158702463
2.48200795036,2.41804643305,1.83936156904
2.48200795036,2.40136242644,0.764204595114
2.48202708519,2.38762908355,0.731451384756
2.48202708519,2.39757434866,0.762721054918
2.48202708519,2.41066575361,0.742091325132
2.48202708519,2.4300804651,2.0757659601
2.48202708519,2.42031913261,2.05285762058
2.48202708519,2.4209603868,2.04622490787
2.48202708519,2.41652037024,1.9564788107
2.48223915108,2.42161160478,1.9564788107
2.48223915115,2.41165937616,1.15302313457
2.48223915128,2.40053975987,0.797505490063
2.48229697868,2.40869540981,0.797505490063
2.48229697868,2.40670877402,1.96087366945
2.48229697868,2.38447204009,1.58905060463
2.48240325665,2.39164688579,1.42917696468
2.48240325665,2.39066444415,1.42100594733
2.48229697868,2.39523022562,1.88582513347
2.4822969787,2.38434441247,1.84543190785
2.48240325665,2.36709956517,1.27365291824
2.48240325665,2.37889689595,1.85963532244
2.48240325665,2.38582872584,1.87661898232
2.48240325665,2.40435171874,1.87508282784
2.48240325665,2.40937406508,2.09383550217
2.48240325665,2.39469569885,1.37782740171
2.48240325665,2.4006025805,1.67987605766
2.48240325665,2.39409610672,1.55093206947
2.48240325665,2.39666712888,1.67084933819
2.48240325665,2.38893642215,1.38320009494
2.4825608464,2.38771848302,1.89492829767
2.4825608464,2.3845643897,1.89193308915
2.48256084642,2.37116738217,1.89193308915
2.48256084642,2.38106946359,1.89371799945
2.48256084642,2.38421781477,1.97552149307
2.48256084642,2.38157690007,1.97890428947
2.48256084642,2.39628453925,1.97704936315
2.48256084642,2.4089664899,1.97644681992
2.48256084642,2.41923487506,1.97816771985
2.48296237091,2.42675130345,1.97816771985
2.48306881624,2.43009888314,2.00096803095
2.48306916122,2.40041921788,0.618690735361
2.48306881626,2.3801741364,0.618690735361
2.48306916122,2.39040618909,1.84362059927
2.48306916122,2.39912411573,1.94335139632
2.48306916122,2.40323288738,1.81324315914
2.48307192771,2.39277163588,1.81374821636
2.48331282231,2.39603965506,1.85086897944
2.48331282231,2.39533972088,1.94106608958
2.48331282231,2.37048433052,1.58425964658
2.48331282231,2.39210530363,2.00032027671
2.48331299878,2.38922912414,1.81388994431
2.48331299878,2.37953678829,1.81388994431
2.48331299878,2.37461740597,1.79614167512
2.48331299878,2.37329049454,1.93528310233
2.48331299878,2.38485916836,2.02596775142
2.48331299878,2.38954839179,1.58301403184
2.48331299878,2.38436107385,1.25356528803
2.48331299878,2.4051589984,1.23000262796
2.48331299878,2.40733194325,1.84211617409
2.48331299878,2.40364461441,1.85017748895
2.48331299878,2.41715745781,2.04935372348
2.48331299878,2.42289180563,2.04706352523
2.48331299878,2.42090524985,1.99013651647
2.48331299878,2.41468693166,1.9822334603
2.48350099813,2.432544757,2.05039710919
2.48350147633,2.43191457763,2.05039710919
2.48350147633,2.43046485574,2.04828763442
2.48350147633,2.43131749171,2.17657542739
2.48350147633,2.43439750041,2.14451003049
2.48350147633,2.44102912148,2.17589408841
2.48350147633,2.44209267497,2.17691574931
2.48350147633,2.4351545771,2.10495610335
2.48350147633,2.4350093787,2.07680079021
2.48350147633,2.43877789481,2.07503087323
2.48350147633,2.42731521665,2.11562929753
2.48350147633,2.4173388927,2.10088259985
2.48350147633,2.41496636879,2.10088259215
2.48350147633,2.41383174626,2.10088259215
2.48350147633,2.39551397083,2.0026427962
2.48350147633,2.40045279658,2.0026427962
2.48350147633,2.40895202636,2.0026427962
2.48350147633,2.40943817504,1.99580307994
2.48350147633,2.39703639376,1.84562660289
2.48350147633,2.40667561127,1.84749098824
2.48350147633,2.40394323391,1.94320975235
2.48350147633,2.4056575726,1.99758798799
2.48350147633,2.40090153131,1.99776022305
2.48350147633,2.38581160597,1.49263454733
2.48351581345,2.3855818358,1.37301674786
2.48351581345,2.39719099156,1.10239132308
2.48351581345,2.39563753769,1.10239132308
2.48351581345,2.39765500976,1.10239132308
2.48351581345,2.40505527755,1.84376263455
2.48351581345,2.41337769428,2.08237706835
2.48351581345,2.41412619456,1.8717059357
2.48351581345,2.40017615812,1.98988069572
2.48351581345,2.39807646426,1.98988069572
2.48351581345,2.4095898074,1.98988069572
2.48372880185,2.4020549552,1.78915844982
2.48372880185,2.41207653654,2.10979418347
2.48372880185,2.42000571607,2.15658448233
2.48372880185,2.4170740052,2.02903177211
2.48372880185,2.41005386422,1.95741196691
2.48372880185,2.42145631024,1.93332126082
2.48372880185,2.42510648836,1.93597365286
2.48372880185,2.41518720047,1.8106299576
2.48372880185,2.3962384788,1.8106299576
2.48372880185,2.40326999183,1.8106299576
2.48372880185,2.41285287584,2.07832014509
2.48374432935,2.39566450501,0.519493628278
2.48374432935,2.39990679157,1.91511966505
2.48374432935,2.41408676923,1.83514143727
2.48374432935,2.41700310673,1.24062401023
2.48374432935,2.42060903324,2.08061921129
2.48374432935,2.4327285094,2.2098181665
2.48374432935,2.40942041105,0.80311705044
2.48374444698,2.42194097033,2.18887837808
2.48374444698,2.40644917986,1.94362629892
2.48374444698,2.41727034026,1.98576022157
2.48374444698,2.41400256355,1.86653887984
2.48374444698,2.42295615609,1.89266733467
2.48374444698,2.41442034158,1.19638769642
2.48374444698,2.41362547191,1.99844340075
2.48374444698,2.4146803574,1.88910506942
2.48374444698,2.40681053807,0.61668547244
2.48376491103,2.4140157504,1.71657131921
2.48376491103,2.42101195472,1.81843342213
2.48376491103,2.43022401394,1.81401121391
2.48376491103,2.42627305861,2.0047143538
2.48376491103,2.42400064725,2.08274318915
2.48376503996,2.40725467368,0.892560213753
2.48376503996,2.39038518381,0.872845677849
2.48376503996,2.39880213807,1.39243140639
2.48376503996,2.39493691507,1.39065210794
2.48376503996,2.40913234084,1.39243140639
2.48376503996,2.4191182814,1.39065210794
2.48376503996,2.40275386996,1.84280296643
2.48376503996,2.39085097094,1.37884638012
2.48376503996,2.39407864061,1.38133491426
2.48376503996,2.3985569904,1.3813472394
2.48376503996,2.40528477605,1.38133491426
2.48396934302,2.40279102976,1.96944336709
2.48376504053,2.40643497666,1.96944336709
2.48376561237,2.40308093464,1.87901678267
2.48376561237,2.41132234943,1.87901678267
2.48376561237,2.40926533237,1.58154291684
2.48376561237,2.41213939807,1.90268396037
2.48376561237,2.40448095365,1.90268396037
2.48376561237,2.40906324359,1.81595522871
2.48376561237,2.4143093928,1.81595522871
2.48376561242,2.39715163842,1.32235614423
2.48376561242,2.39057889356,1.30544028868
2.48376561242,2.40275838342,1.83786002721
2.48376561244,2.4183191934,1.74193814349
2.48376561244,2.42264012545,2.1593803062
2.48376561244,2.42182969993,2.2652332717
2.48376561244,2.43085798831,2.31509693339
2.48376561244,2.4196614191,1.82781812638
2.48376561244,2.41097569085,1.70277152637
2.48376561244,2.41965272922,2.19562155032
2.48376561244,2.41363747232,2.11771066959
2.48376561244,2.41749328498,2.18198135576
2.48376561244,2.42047335035,2.15344487339
2.48376561244,2.41270644283,2.06489083745
2.48376561244,2.40042895241,2.03808643471
2.48376561244,2.40782099899,2.16167979048
2.48376561244,2.401367979,2.02854153515
2.48376561244,2.40024092029,1.8815131465
2.48376561244,2.39914264352,1.8815131465
2.48376561244,2.40516874261,2.09313165373
2.48376561244,2.40134892209,2.10337858223
2.48376561244,2.40755759814,1.84799829769
2.48376561244,2.40831826333,2.07510762638
2.48376561244,2.40828590641,2.08506272461
2.48376561244,2.41240662831,2.07967561502
2.48377833811,2.41545792821,2.16853667616
2.48377833811,2.39418538789,0.625130678219
2.48377833811,2.40844236081,1.87213632269
2.48377833811,2.39633780499,0.672040028839
2.48377833811,2.40058103713,1.89448259609
2.48385953823,2.40116411409,1.89265083215
2.48385953823,2.39765743455,2.04642108027
2.48385953823,2.40345700537,2.12697921253
2.48385953823,2.39333265428,2.05594929714
2.48385953823,2.38864062304,2.05568643204
2.48385953823,2.3754143843,1.92654912555
2.48385953823,2.36456165948,1.54922191204
2.48385953823,2.3690956748,1.91858011392
2.48385953823,2.36399253591,1.9194411592
2.48386512291,2.37258548215,1.94601908742
2.48386512291,2.38111465735,1.70851229213
2.48386512291,2.3787950803,1.59090900092
2.48386512291,2.3953150674,1.92724919088
2.48386512291,2.40785342664,1.92800249704
2.48386512291,2.40210485768,1.92800249704
2.48386512291,2.399030555,2.00795123916
2.48386512291,2.41136827868,2.00795123916
2.48386512291,2.3990318346,2.08786766011
2.48386512291,2.39633372769,2.0476863541
2.48386512291,2.39999903919,2.01128967416
2.48435333289,2.39083413777,1.29444053217
2.48435333289,2.37258211704,1.29364275236
2.48435333289,2.37192613432,0.835695403321
2.48435333289,2.38481065313,1.95938255542
2.48445572266,2.39263378412,2.06955112493
2.48445572266,2.39481069105,2.06827629465
2.48445572266,2.40307231615,2.03420595825
2.48445572266,2.3998073557,1.86474384601
2.48445572266,2.40908727983,1.95729106516
2.48445572266,2.41875264187,2.09960022299
2.48445572266,2.42550519889,2.23737436151
2.48445572266,2.42588416603,1.83537364251
2.48445572266,2.41860428756,2.02186780032
2.48475603238,2.40878132474,2.02186780032
2.48475603238,2.40215473951,1.92871884192
2.48475603238,2.37927902279,0.666547320714
2.48475603238,2.39301955636,0.62181932647
2.48475603238,2.39115285232,0.614344818012
2.48475603238,2.39289081797,0.658697253922
2.48475603238,2.40339636737,2.02753725702
2.48475603238,2.4030448681,2.06656662356
2.4847894992,2.38818455694,1.04169285653
2.4847894992,2.3727950969,1.04169285653
2.4847894992,2.39517784473,2.06263778407
2.4847894992,2.40890933685,2.01022520071
2.48482457577,2.42316692479,2.07587408531
2.48482457577,2.42931551307,2.04831781468
2.48482457577,2.43463622613,1.9762868842
2.48482670916,2.43880463189,1.9762868842
2.48482815309,2.43630472518,2.14173504117
2.48482815309,2.42592710549,1.97088285073
2.48482815309,2.41258174686,1.97084732251
2.48485873295,2.41686965881,1.8725113775
2.48485873295,2.39436358996,0.0
2.48485916792,2.42421537113,1.95150271981
2.48485916792,2.41086817061,2.03756897446
2.48485916792,2.39471267476,1.85705200163
2.48486138707,2.41287962797,1.85705200163
2.48486138707,2.4059193691,2.03582166165
2.48486138707,2.3966179831,1.95081396071
2.48486138707,2.38929350437,2.03571102642
2.48486138707,2.40960738563,2.04304380281
2.48486138707,2.39987103582,1.83566089007
2.48486138707,2.40125976781,1.95170853127
2.48486138707,2.3929952248,1.60995666441
2.48486138707,2.40139718935,1.72116646204
2.48486138707,2.42148525264,2.04417894804
2.48486138707,2.43161529758,2.1161713698
2.48486138707,2.42329718946,2.1161713698
2.48486138707,2.4231840526,1.9938979328
2.48486854718,2.41668389747,1.93569631811
2.48486854718,2.42227011539,1.9938979328
2.48486854718,2.43090221117,1.99901902506
2.48486854718,2.41603027183,2.0503124322
2.48486854718,2.41066780219,1.95964703715
2.48487690019,2.39616040773,1.76227586131
2.48488265697,2.4002624368,2.00350335496
2.48488265697,2.38938911571,1.8653993848
2.48488265697,2.41252197827,1.93120737938
2.48488265697,2.40579169492,2.00384319385
2.48592005349,2.40537998348,1.91769217524
2.48592005349,2.3984969427,1.91769217524
2.48592005349,2.40610088952,2.07215299866
2.48592005349,2.40249433581,1.89696713414
2.48592005349,2.38848592246,0.528047690094
2.48592005349,2.38478089078,1.84054742213
2.48592005349,2.37348786356,1.392512975
2.48592005349,2.38095354462,1.84149694198
2.48592005349,2.37782310364,1.78829164998
2.48592005349,2.36114400567,1.8883363705
2.48592005349,2.3627092916,1.8814566048
2.48592005349,2.35372140233,1.86994688741
2.48592005349,2.37850990681,1.8883363705
2.4864396484,2.39663505116,1.8883363705
2.4864396484,2.41028387051,1.89745081484
2.4864396484,2.41672804839,1.94169255082
2.4864396484,2.41029839203,1.940223195
2.4864396484,2.42796953779,1.94241301542
2.4864396484,2.40775471031,1.35473614807
2.4864396484,2.40742633231,1.35587407488
2.4864396484,2.41543018936,1.35587407488
2.4864396484,2.42120742847,1.19671341106
2.4864396484,2.41683949349,1.19671341106
2.4864396484,2.40192546376,1.19429806733
2.4864396484,2.41084333567,1.19128466354
2.4864396484,2.40438379512,1.19401334551
2.4864396484,2.40497341632,1.19036200031
2.4864396484,2.4047000293,1.19036200031
2.4864396484,2.39471141346,1.85377114119
2.4864396484,2.41316042082,1.95526799613
2.4864396484,2.40772885421,1.95532895173
2.4864396484,2.40723455488,1.88838681852
2.4864396484,2.41487747583,1.90303003982
2.4864396484,2.4347399604,2.17637986921
2.48645010113,2.42563788762,1.78584518336
2.4864396484,2.43408080403,1.87124616415
2.4864396484,2.43717669398,2.11208321308
2.48643964849,2.44703242,2.11348018228
2.48643964849,2.44390274312,2.11356667922
2.48643964849,2.44807376289,2.11414613858
2.48643964849,2.44465825417,2.0370141249
2.48643964849,2.43703473809,1.83732404904
2.48644756383,2.43771065196,1.83803211138
2.48644756383,2.42711565464,1.83803211138
2.48644756383,2.41560909985,1.83803211138
2.48643964849,2.41757044175,1.83646549912
2.48644756383,2.39789332696,1.38270684383
2.48644756383,2.3979396523,1.37010428803
2.48644756383,2.40133791727,1.37010428803
2.48644756383,2.41238201062,1.37204358886
2.48644756383,2.40125097705,1.3708117349
2.48644756383,2.39776659588,1.3708117349
2.48673502384,2.40329486073,1.39190028287
2.48673502384,2.39020809417,1.38978101285
2.48673502384,2.40058429476,1.35503491179
2.486736157,2.39465260701,1.37267982173
2.486736157,2.3976210135,1.93421975613
2.486736157,2.399452166,1.93624801027
2.486736157,2.39588258597,1.93624801027
2.486736157,2.40713105923,2.0353273223
2.486736157,2.40729829848,2.16887417333
2.486736157,2.39836260733,1.92874121806
2.486736157,2.40206352047,1.92874121806
2.486736157,2.40025168624,2.02348070657
2.486736157,2.40351146239,1.92713576677
2.486736157,2.41131254926,1.881749471
2.486736157,2.41582229201,2.05443813192
2.486736157,2.41509566581,1.9568220403
2.486736157,2.41155250891,2.09969086495
2.486736157,2.41278637711,2.1735557355
2.48677180842,2.42085002566,2.14675943658
2.48677180842,2.41925794715,2.07314081617
2.48703146743,2.41792175648,2.07468172301
2.48703146743,2.41421783597,1.77377908615
2.48703146743,2.41939560469,1.95298630397
2.48703146743,2.4209098425,1.95298630397
2.48703146743,2.41684480258,1.95171380464
2.48703146743,2.40560112655,0.612030324309
2.48703146743,2.42730527461,1.95182539092
2.48703146743,2.41245201935,1.95049843329
2.48703146743,2.42349498546,1.95049843329
