best,average,min,species,neurons,links
649.0,-550.11,-2919.0,1,38,105
811.0,-121.43,-2228.0,1,38,105
1010.0,232.83,-808.0,1,38,105
1631.0,230.89,-1120.0,1,38,105
1111.0,295.44,-779.0,1,38,105
1073.0,320.52,-1079.0,1,38,105
1562.0,418.7,-808.0,1,38,105
1562.0,415.0,-889.0,4,38,105
1341.0,245.94,-2258.0,6,39,106
1291.0,325.54,-569.0,6,38,105
1961.0,174.59,-1559.0,6,38,105
1341.0,318.92,-808.0,10,39,106
1392.0,371.51,-1178.0,8,41,108
1252.0,368.96,-808.0,5,40,107
1532.0,408.35,-808.0,7,41,108
1489.0,435.8,-858.0,8,41,109
1530.0,452.99,-1969.0,8,42,111
1272.0,491.21,-519.0,7,41,109
1342.0,469.24,-658.0,7,42,111
1208.0,490.85,-510.0,8,42,111
1851.0,540.06,-609.0,7,38,105
1256.0,446.89,-1329.0,7,40,108
1801.0,431.53,-1408.0,7,40,108
1351.0,481.43,-658.0,7,38,105
1481.0,381.06,-808.0,7,40,108
1794.0,502.17,-1449.0,7,42,112
1622.0,527.73,-778.0,7,40,108
1673.0,444.77,-589.0,7,40,108
1715.0,415.67,-889.0,7,42,112
1991.0,444.0,-828.0,7,42,112
1531.0,406.46,-659.0,7,42,112
1560.0,443.71,-418.0,7,42,112
1582.0,524.14,-409.0,7,42,112
1450.0,490.63,-1299.0,7,42,112
1251.0,325.07,-838.0,8,38,105
1842.0,302.73,-1289.0,7,42,112
1409.0,494.67,-730.0,7,43,113
1580.0,408.1,-808.0,7,43,113
1890.0,422.04,-789.0,8,43,113
1791.0,556.95,-458.0,8,43,113
2112.0,464.19,-519.0,9,43,113
1911.0,369.2,-808.0,8,42,114
1660.0,406.6,-708.0,8,42,114
2301.0,459.46,-808.0,8,42,114
2341.0,515.2,-758.0,8,42,114
1822.0,457.26,-1109.0,8,43,113
2045.0,393.56,-969.0,8,42,115
2004.0,475.42,-408.0,10,42,115
2522.0,464.46,-1029.0,10,42,115
2256.0,521.69,-559.0,9,42,115
2130.0,463.97,-470.0,9,42,115
2230.0,574.78,-1008.0,9,42,115
2098.0,452.2,-600.0,9,42,115
1842.0,473.14,-570.0,9,42,115
1883.0,497.01,-750.0,9,42,115
2540.0,487.25,-1218.0,9,42,116
2040.0,556.81,-979.0,9,42,116
2281.0,567.56,-408.0,9,42,116
2676.0,472.05,-1119.0,9,42,115
2510.0,534.51,-608.0,9,42,115
1861.0,485.79,-558.0,8,42,115
2210.0,496.41,-508.0,8,44,115
2191.0,593.9,-840.0,8,42,115
2347.0,584.56,-1108.0,8,42,115
2060.0,509.58,-770.0,8,42,115
2127.0,516.89,-429.0,9,42,115
2304.0,524.08,-1228.0,8,42,115
1906.0,541.37,-388.0,8,42,115
2092.0,476.13,-558.0,8,42,115
1752.0,522.93,-569.0,8,42,115
1898.0,504.36,-558.0,8,42,115
1990.0,517.72,-830.0,8,42,114
1845.0,529.5,-1270.0,8,42,116
1911.0,514.39,-464.0,8,42,116
2426.0,394.5,-688.0,8,42,116
2219.0,505.11,-728.0,8,42,117
2278.0,548.37,-308.0,7,42,117
1592.0,586.96,-659.0,7,42,117
1952.0,518.65,-780.0,7,42,117
3322.0,568.19,-659.0,7,42,117
2512.0,676.76,-678.0,7,42,117
2500.0,594.86,-561.0,7,42,117
2540.0,673.67,-608.0,7,42,117
2921.0,735.79,-689.0,6,42,117
1782.0,638.95,-569.0,7,42,117
2816.0,647.71,-508.0,6,42,117
2010.0,600.43,-308.0,7,42,117
1972.0,591.5,-659.0,7,42,117
2568.0,601.72,-517.0,7,42,117
2490.0,601.99,-708.0,7,42,117
2297.0,697.59,-519.0,7,42,117
1851.0,613.53,-628.0,7,42,117
2740.0,657.89,-460.0,7,42,117
2252.0,625.65,-659.0,7,42,117
2961.0,641.41,-728.0,7,42,117
2622.0,607.36,-510.0,7,42,117
3270.0,641.43,-658.0,7,42,117
3041.0,703.98,-769.0,7,42,117
2342.0,620.65,-1048.0,7,42,117
2362.0,530.2,-820.0,7,42,117
2000.0,570.62,-528.0,7,42,117
2428.0,674.43,-707.0,7,42,117
2532.0,610.72,-808.0,7,42,117
2518.0,693.19,-608.0,7,42,117
3282.0,545.54,-568.0,7,42,117
2863.0,694.51,-659.0,7,42,117
2689.0,585.8,-659.0,7,42,117
3331.0,581.95,-559.0,7,42,116
3662.0,736.92,-661.0,7,42,116
2428.0,721.91,-410.0,7,42,116
3552.0,589.52,-558.0,7,43,117
2723.0,719.83,-709.0,7,43,117
2973.0,675.56,-758.0,7,42,116
2509.0,603.12,-758.0,6,43,117
2811.0,658.11,-659.0,6,43,117
2401.0,534.92,-659.0,6,42,116
2989.0,744.24,-1329.0,5,43,117
2910.0,611.87,-1617.0,5,43,118
2011.0,563.32,-808.0,5,43,118
2611.0,690.08,-762.0,5,43,118
2521.0,652.92,-1509.0,5,43,118
2926.0,529.03,-719.0,5,43,118
2309.0,536.13,-659.0,5,43,118
2784.0,522.26,-2130.0,5,43,118
2604.0,623.34,-808.0,5,43,118
2750.0,641.21,-608.0,5,43,118
2412.0,561.42,-659.0,5,43,118
3155.0,568.68,-769.0,5,43,118
2829.0,682.0,-769.0,5,43,118
2919.0,639.44,-486.0,5,43,118
2714.0,559.43,-1058.0,5,43,118
2901.0,562.65,-1179.0,5,43,118
2254.0,636.19,-659.0,5,43,118
3650.0,685.99,-652.0,5,43,118
3371.0,714.21,-519.0,5,43,118
2511.0,692.96,-379.0,5,43,118
2137.0,626.96,-808.0,5,43,118
2784.0,710.43,-584.0,5,43,118
3491.0,727.9,-960.0,5,43,118
2978.0,670.79,-1219.0,5,43,118
2680.0,633.21,-768.0,5,43,118
2542.0,540.52,-808.0,5,43,118
3291.0,622.23,-808.0,4,43,118
3683.0,772.09,-681.0,4,43,118
2180.0,580.67,-892.0,4,43,118
2727.0,624.03,-709.0,5,43,118
2322.0,540.38,-569.0,5,43,118
2440.0,612.78,-636.0,5,43,119
3292.0,746.34,-569.0,5,43,118
2779.0,620.87,-1080.0,5,43,118
2537.0,662.55,-608.0,4,43,118
2180.0,777.45,-1469.0,4,44,119
2965.0,593.01,-660.0,4,43,118
2313.0,720.41,-779.0,3,50,146
2441.0,733.06,-698.0,3,43,118
2863.0,708.8,-659.0,3,51,139
2211.0,640.26,-667.0,3,51,139
2404.0,737.32,-519.0,3,43,118
2836.0,647.68,-559.0,3,43,118
2472.0,726.79,-768.0,3,43,118
3941.0,771.62,-758.0,3,43,118
2386.0,760.74,-430.0,3,43,118
2660.0,759.39,-609.0,3,43,119
2936.0,699.64,-359.0,3,43,119
2877.0,747.11,-360.0,3,43,119
2126.0,678.87,-659.0,3,43,119
2841.0,820.95,-509.0,3,43,120
2372.0,589.96,-659.0,3,50,146
2796.0,652.8,-1052.0,3,43,119
4302.0,877.59,-708.0,3,43,119
3010.0,736.99,-358.0,3,43,119
2583.0,850.66,-608.0,3,50,146
2741.0,838.87,-422.0,3,51,138
3439.0,841.59,-460.0,3,51,138
3667.0,983.04,-408.0,3,51,138
2757.0,783.77,-559.0,3,43,119
2311.0,708.42,-569.0,3,51,138
3030.0,899.63,-850.0,3,51,138
2681.0,822.52,-808.0,3,51,138
2300.0,712.29,-659.0,4,51,138
2662.0,723.73,-574.0,4,43,119
2630.0,834.2,-559.0,4,51,138
3021.0,798.55,-369.0,4,51,138
2580.0,842.91,-358.0,4,51,139
3951.0,827.1,-510.0,4,43,119
2552.0,992.44,-258.0,4,43,119
2787.0,862.26,-418.0,4,51,138
3740.0,828.1,-659.0,4,51,138
2530.0,898.12,-259.0,4,51,138
2910.0,774.92,-661.0,4,43,119
2692.0,904.58,-129.0,4,51,138
2832.0,719.86,-359.0,4,43,119
2380.0,949.54,-519.0,4,43,119
2758.0,928.93,-409.0,4,51,138
2911.0,872.24,-673.0,4,43,120
3331.0,719.23,-758.0,4,43,120
3507.0,708.88,-609.0,4,51,138
2522.0,885.28,-680.0,4,51,138
3942.0,848.32,-729.0,4,51,138
2871.0,744.06,-459.0,4,57,167
2737.0,716.7,-609.0,4,51,139
2813.0,850.42,-409.0,4,51,138
2706.0,776.72,-558.0,4,51,138
2800.0,877.34,-608.0,4,51,139
2837.0,828.6,-416.0,4,57,168
2524.0,905.42,-569.0,4,51,139
2829.0,835.49,-558.0,4,51,139
2536.0,846.16,-359.0,4,57,168
2849.0,912.89,-808.0,4,57,168
2762.0,817.62,-695.0,4,43,120
2592.0,745.0,-769.0,4,51,139
3021.0,964.85,-627.0,4,51,139
3268.0,1035.08,-519.0,4,44,121
2669.0,733.03,-808.0,4,43,120
2991.0,747.81,-659.0,4,57,168
2962.0,809.91,-618.0,4,57,168
2757.0,920.13,-858.0,4,51,139
2779.0,864.52,-659.0,4,57,168
3012.0,888.19,-318.0,4,57,168
4126.0,1057.31,-770.0,4,57,168
2772.0,822.67,-468.0,4,57,168
2686.0,931.42,-659.0,4,43,120
2572.0,900.4,-570.0,4,50,148
2912.0,977.59,-421.0,4,57,169
2762.0,894.85,-829.0,4,57,168
2355.0,1016.65,-562.0,4,57,169
3185.0,989.42,-459.0,4,43,120
3705.0,835.42,-369.0,4,43,120
3351.0,907.59,-569.0,5,43,120
3301.0,907.52,-659.0,5,43,120
2822.0,915.21,-258.0,5,43,120
2511.0,869.26,-534.0,5,43,120
2960.0,985.64,-258.0,5,43,120
3631.0,936.7,-323.0,5,43,120
3705.0,897.04,-608.0,5,43,120
3111.0,825.31,-329.0,5,51,139
4133.0,1052.58,-658.0,5,51,139
2392.0,902.23,-546.0,5,51,138
3102.0,996.92,-358.0,5,51,139
2471.0,891.49,-573.0,5,52,140
2913.0,885.19,-659.0,5,52,140
2273.0,928.98,-608.0,5,52,140
3200.0,878.76,-579.0,5,52,140
3071.0,961.44,-268.0,5,52,140
3581.0,850.42,-459.0,5,52,140
4018.0,821.29,-639.0,5,52,140
3184.0,911.88,-684.0,5,52,140
3571.0,847.82,-619.0,5,52,140
3853.0,952.57,-359.0,5,52,140
3308.0,888.3,-509.0,5,52,140
2633.0,854.48,-569.0,5,52,140
4100.0,969.17,-808.0,4,52,140
4362.0,1012.62,-278.0,4,52,140
2806.0,930.85,-558.0,4,45,122
3635.0,1100.74,-190.0,4,52,140
3277.0,1007.8,-280.0,4,52,140
2755.0,1005.68,-608.0,4,52,140
3202.0,998.12,-1309.0,4,52,140
2958.0,1110.04,-458.0,4,52,140
3627.0,1169.53,-959.0,4,45,122
4289.0,1111.86,-260.0,4,52,141
2905.0,1122.79,-409.0,4,52,141
4081.0,1138.98,-469.0,4,52,142
4261.0,1283.28,-829.0,4,52,142
3251.0,1085.42,-419.0,4,52,142
3382.0,1221.82,-558.0,4,52,142
3043.0,1159.66,-344.0,4,57,171
3432.0,1066.18,-659.0,4,52,142
3900.0,1104.29,-409.0,4,45,123
3800.0,1251.16,-1208.0,4,45,123
3362.0,1154.75,-659.0,4,52,142
3041.0,1194.41,-569.0,3,52,142
3851.0,1291.82,-808.0,3,52,142
3674.0,1212.75,-618.0,3,52,142
4877.0,1356.92,-1219.0,3,52,142
3281.0,1253.44,-519.0,3,52,142
4105.0,1173.25,-415.0,3,52,142
3551.0,1130.69,-508.0,3,52,142
4051.0,1260.0,-1139.0,3,52,142
3515.0,1060.03,-724.0,3,52,142
3241.0,1046.57,-659.0,3,53,155
3510.0,1270.04,-880.0,3,45,124
3676.0,1382.23,-30.0,4,52,142
3321.0,1260.19,-758.0,3,52,142
3626.0,1254.86,-432.0,3,52,142
3532.0,1341.7,-108.0,3,53,155
3832.0,1343.72,-377.0,3,52,142
4401.0,1319.58,-1009.0,3,52,142
3930.0,1429.37,-259.0,3,52,142
3435.0,1285.3,-510.0,3,45,124
4881.0,1284.64,-808.0,3,54,156
3382.0,1518.41,-439.0,3,55,157
3646.0,1435.54,-464.0,3,45,124
4386.0,1274.41,-629.0,3,52,142
3051.0,1284.63,-808.0,3,52,142
3421.0,1299.03,-782.0,3,52,142
3011.0,1232.37,-208.0,3,45,124
3680.0,1327.56,-490.0,3,52,142
4293.0,1298.5,-643.0,3,52,142
3831.0,1249.15,-508.0,3,54,156
3431.0,1252.01,-439.0,3,52,142
3806.0,1152.22,-959.0,3,52,142
4221.0,1386.69,-1389.0,3,52,142
3772.0,1399.26,-459.0,3,54,156
3972.0,1401.72,-758.0,3,54,156
3420.0,1257.1,-559.0,2,52,142
4571.0,1579.15,-948.0,2,52,142
3950.0,1473.1,-368.0,2,52,142
3735.0,1359.48,-562.0,2,54,158
3730.0,1753.34,-358.0,2,54,158
3392.0,1392.28,-410.0,3,55,162
3142.0,1372.05,-1101.0,3,54,158
3848.0,1458.68,-358.0,3,52,143
4560.0,1552.15,-42.0,3,52,143
3368.0,1384.02,-558.0,3,52,143
4332.0,1402.92,-808.0,3,52,143
3507.0,1376.07,-379.0,3,55,162
4370.0,1587.15,-510.0,3,52,143
4093.0,1342.92,-469.0,3,55,162
4140.0,1441.82,-379.0,3,55,162
3982.0,1662.61,-496.0,3,55,162
4497.0,1558.32,-289.0,3,55,162
4492.0,1686.2,-719.0,3,55,162
4806.0,1564.43,-658.0,3,55,163
4784.0,1434.43,-758.0,3,55,163
3550.0,1531.2,-569.0,3,55,163
5002.0,1730.98,-510.0,3,55,163
4782.0,1836.52,-332.0,3,55,163
5071.0,1686.3,-558.0,3,55,164
4473.0,1761.07,-269.0,3,55,163
3921.0,1493.34,-808.0,3,52,143
6231.0,1744.3,-730.0,3,55,163
4703.0,1879.57,-518.0,3,55,163
4485.0,1798.17,-328.0,3,55,163
5412.0,1615.71,-476.0,3,55,163
5134.0,1964.25,-158.0,3,55,164
4741.0,1993.14,-510.0,3,55,164
4883.0,1614.59,-969.0,3,55,164
4778.0,1831.89,-579.0,3,55,164
4780.0,1905.23,-758.0,3,55,164
5067.0,1781.47,-509.0,3,55,164
4610.0,1889.21,-1118.0,3,55,164
5631.0,1910.1,-259.0,3,55,164
4132.0,1667.06,-838.0,3,52,145
4904.0,1452.34,-758.0,3,55,164
4670.0,1852.62,-540.0,4,55,164
4066.0,1633.8,-418.0,4,55,164
3803.0,1520.59,-519.0,4,55,164
4558.0,1516.77,-609.0,4,55,164
6073.0,1786.72,-1010.0,4,55,164
5092.0,1573.71,-609.0,4,55,164
4108.0,1536.44,-808.0,4,55,164
4050.0,1618.03,-319.0,4,55,164
4713.0,1796.53,-658.0,4,55,164
4421.0,1684.68,-1469.0,4,55,164
3641.0,1916.4,-228.0,4,55,164
4441.0,1688.64,-438.0,4,55,164
3721.0,1540.03,-569.0,4,55,170
4755.0,1705.0,-919.0,4,55,164
4363.0,1698.67,-297.0,4,55,164
4461.0,1695.69,-509.0,4,55,170
4541.0,1701.8,-608.0,4,54,159
4681.0,1802.93,-659.0,4,55,164
5062.0,1540.51,-534.0,4,52,144
3677.0,1659.12,-332.0,4,55,164
4260.0,1611.0,-574.0,4,55,164
4826.0,1805.83,-858.0,4,55,164
4369.0,1679.83,-308.0,4,55,171
4871.0,1716.43,-608.0,4,55,164
4995.0,1893.35,-673.0,4,55,170
4841.0,1529.38,-868.0,4,55,164
5420.0,1551.37,-859.0,4,55,164
4137.0,1588.29,-558.0,4,55,164
4642.0,1802.65,-108.0,4,55,164
4791.0,1478.06,-409.0,4,55,164
5194.0,1851.8,-169.0,4,53,146
5095.0,1809.43,-214.0,4,55,164
4751.0,1358.83,-1258.0,4,55,165
4199.0,1528.57,-569.0,4,53,146
3731.0,1622.01,-531.0,3,55,165
4511.0,1534.19,-808.0,3,55,170
4518.0,1581.76,-269.0,3,55,170
4239.0,1412.01,-758.0,3,55,165
4691.0,1513.6,-697.0,3,55,165
3855.0,1715.19,-284.0,3,55,165
4029.0,1590.48,-940.0,3,55,170
4737.0,1534.26,-410.0,3,55,165
4631.0,1666.6,-464.0,3,55,165
5515.0,1791.87,-159.0,3,55,165
4510.0,1883.68,-158.0,3,55,165
3971.0,1744.71,-1551.0,3,55,170
3935.0,1695.23,-270.0,3,55,170
4231.0,1735.72,-510.0,3,55,165
4135.0,1586.22,-358.0,3,53,146
4173.0,1723.51,-508.0,3,55,165
4204.0,1569.05,-569.0,3,55,165
4382.0,1500.19,-808.0,3,56,171
4280.0,1570.13,-1269.0,3,55,165
4921.0,1706.95,-1169.0,3,55,165
3597.0,1653.41,-518.0,3,55,165
4631.0,1690.13,-262.0,3,55,165
3742.0,1705.5,-508.0,3,55,165
4424.0,1584.65,-775.0,3,54,147
4231.0,1674.27,-454.0,3,54,147
3728.0,1747.17,147.0,3,56,171
3834.0,1461.13,-542.0,3,55,165
4601.0,1685.47,-659.0,3,55,165
4719.0,1782.19,-408.0,3,55,165
4952.0,1839.63,-569.0,3,55,165
4747.0,2045.26,-463.0,3,54,147
4625.0,1925.35,-739.0,3,55,165
4376.0,1776.57,-1265.0,3,55,165
4131.0,1843.61,-930.0,3,55,165
4520.0,1811.07,-868.0,3,55,165
5701.0,1889.93,-258.0,3,55,165
4962.0,2079.12,42.0,3,55,165
4206.0,1968.5,-432.0,3,56,171
4154.0,1945.27,-409.0,3,55,165
4491.0,1917.45,-558.0,3,54,147
4411.0,1610.93,-659.0,3,55,165
4429.0,1978.3,-308.0,3,55,165
5181.0,1995.67,-489.0,2,55,165
5284.0,2141.7,40.0,2,55,165
4368.0,2116.24,-658.0,2,55,165
5597.0,2297.18,-258.0,2,55,165
5502.0,2043.06,181.0,2,55,165
4998.0,2050.55,-160.0,2,54,148
6296.0,2036.85,-620.0,1,55,165
5129.0,2112.25,-610.0,1,55,165
5915.0,2537.87,-299.0,1,55,165
4937.0,2378.25,-518.0,1,55,165
6330.0,2147.9,-258.0,1,55,165
5878.0,2224.51,-679.0,1,55,165
4867.0,2432.26,-408.0,1,55,165
6144.0,2207.98,-558.0,1,55,166
5099.0,2364.08,-58.0,1,55,167
5613.0,2377.3,-309.0,1,55,166
5980.0,2413.92,-58.0,1,55,166
5779.0,2275.07,-458.0,1,55,166
5611.0,2242.07,-309.0,1,56,167
5520.0,2293.65,-84.0,1,55,166
5568.0,2208.27,-130.0,4,55,166
5286.0,2394.1,-704.0,4,56,167
4723.0,2181.47,-320.0,4,56,168
5616.0,2376.36,-129.0,3,56,168
5078.0,2499.27,-200.0,5,56,168
5499.0,2253.39,-708.0,5,57,169
6030.0,2399.96,192.0,6,56,167
5141.0,2457.71,580.0,6,57,169
5628.0,2469.17,-329.0,6,56,168
5241.0,2291.56,-308.0,6,58,168
5548.0,2175.0,-359.0,6,56,168
5350.0,2415.75,-408.0,6,58,169
7130.0,2195.49,-512.0,6,56,168
5201.0,2231.62,-758.0,6,56,168
5524.0,1966.02,-408.0,6,57,170
4937.0,2160.04,-369.0,6,58,169
5037.0,2091.55,80.0,6,57,170
4552.0,2109.3,-558.0,6,58,169
4964.0,1977.77,-258.0,6,58,168
5449.0,2261.93,-181.0,6,58,168
4987.0,2023.95,-608.0,6,58,169
5051.0,1946.09,-238.0,6,56,168
4290.0,1866.95,-308.0,6,58,168
5282.0,2166.2,-659.0,6,57,171
4691.0,1941.54,-622.0,6,58,169
5106.0,1997.48,-269.0,6,58,169
4890.0,1928.38,-808.0,6,56,168
4342.0,1975.62,-608.0,6,58,168
5281.0,2069.65,-360.0,7,58,169
4316.0,2078.19,-442.0,6,58,168
4954.0,2108.6,-209.0,6,56,168
5415.0,1975.17,-308.0,6,57,171
4721.0,2208.09,-391.0,6,58,168
5161.0,1997.94,-91.0,6,57,171
5848.0,1939.47,-558.0,6,57,171
4725.0,1979.21,-358.0,6,57,170
4720.0,1974.93,-358.0,7,57,171
4718.0,2055.04,-808.0,7,57,170
4869.0,2074.81,141.0,7,59,169
5260.0,1908.69,-408.0,7,57,170
5711.0,2256.12,-258.0,7,59,169
4490.0,2102.08,-1276.0,7,56,168
4891.0,1961.44,-288.0,8,57,171
4247.0,1788.63,-158.0,8,59,169
4990.0,1882.28,-580.0,8,60,178
5022.0,2139.03,-908.0,9,60,178
5444.0,2058.93,-808.0,8,60,178
5898.0,2241.67,-808.0,9,60,178
5663.0,2104.21,-659.0,8,57,171
4720.0,2010.43,-236.0,8,56,168
4786.0,1879.52,-396.0,8,59,169
4987.0,1856.06,-1378.0,8,60,178
5361.0,2115.27,-609.0,8,56,168
4764.0,1906.85,-658.0,8,56,168
4616.0,2029.3,-1078.0,8,56,168
4654.0,1912.17,-678.0,8,56,169
4860.0,2124.56,-219.0,8,56,168
5192.0,2044.28,-208.0,8,56,168
4471.0,2001.81,-218.0,7,58,171
4668.0,1914.48,-169.0,7,60,178
4084.0,1817.01,-609.0,7,57,171
4528.0,2043.18,311.0,7,58,171
4351.0,1600.54,-808.0,7,58,171
6097.0,1863.64,-1398.0,6,57,170
4665.0,1947.65,-500.0,6,57,169
5965.0,1903.09,-116.0,5,57,171
4300.0,1808.42,-529.0,5,57,171
5857.0,2040.52,-508.0,5,59,169
4427.0,1826.45,-508.0,5,57,171
5110.0,2036.11,-258.0,5,57,171
6016.0,1918.43,-536.0,5,58,172
5139.0,2034.47,-517.0,5,58,172
5702.0,2133.13,-608.0,5,57,169
4649.0,2034.11,-608.0,5,57,169
5186.0,1903.08,-808.0,5,59,169
4857.0,2074.53,-768.0,6,57,171
5531.0,2055.18,-540.0,6,59,179
5161.0,2121.21,-310.0,7,59,180
5757.0,1824.76,-808.0,7,59,180
5662.0,1823.84,-573.0,7,59,181
5455.0,1769.81,-808.0,7,57,170
4836.0,1705.85,-890.0,7,59,181
4687.0,1716.21,-808.0,7,57,170
4895.0,1811.31,-184.0,7,61,180
4325.0,1751.69,-691.0,7,58,172
5625.0,1717.04,-708.0,7,59,181
4596.0,1888.32,-558.0,7,59,181
6241.0,1830.34,-808.0,7,58,172
5684.0,1898.43,-110.0,7,57,170
5079.0,1984.47,-608.0,7,59,181
4938.0,1783.84,-508.0,7,59,181
4178.0,1625.02,-458.0,7,59,181
6140.0,1886.24,-308.0,7,59,181
4872.0,1657.56,-1300.0,7,59,181
4071.0,1629.45,-469.0,7,59,181
5251.0,1542.14,-651.0,7,59,182
5700.0,1526.93,-408.0,7,59,182
5034.0,1904.72,-808.0,7,59,182
4841.0,1861.11,-659.0,7,59,182
4859.0,1502.49,-491.0,6,59,182
5470.0,1614.62,-219.0,6,59,182
4536.0,1831.04,-808.0,6,59,170
4326.0,1646.82,-359.0,6,60,183
5272.0,1740.81,-868.0,6,60,183
5091.0,1818.03,-659.0,6,60,183
4395.0,1636.66,-639.0,6,59,170
5361.0,1549.06,-808.0,6,60,183
4729.0,1699.78,-289.0,6,60,183
5508.0,1708.05,-659.0,6,60,183
4599.0,1725.79,-609.0,6,60,183
5498.0,1653.99,-609.0,6,60,183
5239.0,1758.77,-659.0,6,58,171
5520.0,1702.73,-609.0,6,60,183
4123.0,1672.6,-1168.0,6,57,171
4242.0,1652.99,-459.0,6,57,171
4468.0,1639.85,-508.0,6,60,183
5256.0,1706.63,-1019.0,6,60,183
4833.0,1694.2,-1030.0,6,60,183
4943.0,1568.98,-259.0,6,57,171
5355.0,1775.94,-299.0,5,60,183
5483.0,1794.88,-493.0,5,57,171
4667.0,1724.63,-258.0,5,58,171
5809.0,1814.04,-360.0,4,57,171
6300.0,1725.58,-300.0,4,60,183
5332.0,1724.46,-808.0,4,57,171
4951.0,1967.76,-358.0,4,57,171
6195.0,1688.82,-808.0,4,57,171
4451.0,1718.19,-258.0,4,60,185
5355.0,1917.28,-609.0,4,57,171
5146.0,1851.43,-808.0,4,60,183
4906.0,1693.7,-458.0,4,57,171
6049.0,1977.61,-659.0,4,60,184
6887.0,1885.84,-578.0,4,60,184
5234.0,1807.42,-608.0,4,60,184
5146.0,1817.99,-758.0,4,58,171
4853.0,1754.35,-1029.0,5,58,172
5171.0,1680.99,-420.0,5,58,172
4716.0,1797.93,-759.0,5,58,171
4563.0,1914.65,-608.0,6,62,185
5948.0,1677.2,-808.0,4,58,172
4620.0,1823.61,-659.0,4,58,172
5026.0,1636.63,-609.0,4,60,184
4891.0,1595.37,-510.0,4,60,184
4131.0,1617.25,-519.0,5,58,172
4980.0,1856.36,-569.0,5,62,186
4521.0,1725.32,-569.0,5,58,172
4112.0,1496.88,-569.0,5,62,189
4861.0,1709.23,-649.0,5,58,172
5158.0,1736.89,-758.0,5,58,172
4840.0,1782.04,-1228.0,5,62,186
4423.0,1607.5,-508.0,6,58,173
5121.0,1667.71,-417.0,6,58,173
4453.0,1545.21,-458.0,6,58,173
4510.0,1522.67,-458.0,7,58,174
3687.0,1474.3,-808.0,7,65,207
4741.0,1678.08,-418.0,7,66,207
5128.0,1469.6,-719.0,8,58,174
4254.0,1462.9,-641.0,7,58,174
5018.0,1595.34,-808.0,7,62,186
4304.0,1531.57,-428.0,7,66,208
4586.0,1553.57,-659.0,8,58,174
4131.0,1462.86,-808.0,8,58,174
4087.0,1537.45,-619.0,8,66,209
4351.0,1426.77,-609.0,8,58,174
4520.0,1690.5,-519.0,8,66,209
5590.0,1647.13,-379.0,8,66,209
4881.0,1571.59,-608.0,7,62,186
4079.0,1668.96,-539.0,7,66,209
4642.0,1707.31,-279.0,7,58,174
5175.0,1693.84,-643.0,7,66,210
4371.0,1623.17,-708.0,7,66,210
5114.0,1780.56,-659.0,7,66,210
4116.0,1445.37,-808.0,7,62,190
4683.0,1628.71,-758.0,7,66,210
4056.0,1399.45,-808.0,8,63,196
3992.0,1462.03,-510.0,8,66,210
4949.0,1685.32,-609.0,8,66,210
4242.0,1549.41,-808.0,8,66,210
4537.0,1629.73,-808.0,8,66,210
4450.0,1489.78,-278.0,8,63,197
4682.0,1516.27,-608.0,8,63,197
4427.0,1518.88,-310.0,8,63,187
4764.0,1647.5,-171.0,8,63,197
4761.0,1344.73,-559.0,9,58,177
4100.0,1345.96,-1325.0,8,66,210
5080.0,1354.45,-659.0,8,60,186
4730.0,1449.43,-554.0,8,63,197
4108.0,1405.0,-685.0,8,63,191
4472.0,1445.99,-768.0,8,63,197
3686.0,1380.97,-888.0,8,60,187
5008.0,1407.3,-901.0,8,66,210
4510.0,1356.47,-950.0,8,63,191
4791.0,1193.81,-878.0,8,60,187
3322.0,1274.5,-808.0,8,63,191
4104.0,1154.6,-659.0,8,66,210
4437.0,1363.26,-808.0,8,63,197
4082.0,1302.24,-808.0,8,63,198
4195.0,1290.52,-419.0,8,64,192
5623.0,1396.64,-1349.0,8,63,198
4976.0,1451.6,-569.0,8,63,198
4497.0,1322.05,-1470.0,9,63,198
5291.0,1451.37,-839.0,9,63,198
4921.0,1640.15,-808.0,9,64,192
3982.0,1405.01,-918.0,9,64,192
5264.0,1530.58,-809.0,9,63,198
4484.0,1222.01,-859.0,9,59,179
5424.0,1396.14,-980.0,9,63,198
4820.0,1538.55,-558.0,9,63,198
4985.0,1413.38,-929.0,8,64,192
4047.0,1424.4,-258.0,8,64,192
4228.0,1522.27,-703.0,8,64,192
5293.0,1382.1,-469.0,8,63,198
4127.0,1497.64,-808.0,8,64,192
3517.0,1271.9,-659.0,8,64,191
4015.0,1560.53,-748.0,8,63,198
3763.0,1378.67,-808.0,8,64,199
3820.0,1310.38,-836.0,8,60,188
4541.0,1140.44,-808.0,7,64,199
3614.0,1241.36,-758.0,7,64,199
3433.0,1303.01,-808.0,7,59,180
4362.0,1336.53,-1283.0,7,64,192
3868.0,1339.38,-759.0,7,64,199
4235.0,1244.08,-868.0,7,64,199
4202.0,1209.2,-979.0,7,64,199
4192.0,1202.35,-610.0,7,64,192
4444.0,1322.01,-1119.0,6,64,199
4387.0,1333.55,-808.0,6,64,192
3829.0,1466.45,-558.0,6,64,199
4391.0,1154.22,-758.0,6,64,199
3258.0,1297.68,-808.0,6,64,199
4046.0,1391.65,-479.0,6,64,194
3672.0,1238.71,-808.0,6,64,199
4648.0,1418.18,-658.0,6,64,199
4400.0,1289.65,-658.0,6,64,194
4385.0,1366.91,-380.0,6,59,180
3374.0,1057.57,-719.0,6,64,194
3588.0,1409.8,-708.0,6,64,194
3668.0,1069.06,-658.0,5,59,180
3840.0,1202.37,-648.0,4,64,194
3673.0,1390.21,-488.0,4,60,181
4401.0,1343.18,-936.0,4,60,181
3849.0,1366.57,-498.0,4,64,195
4571.0,1360.67,-719.0,4,64,200
4680.0,1665.93,-718.0,4,64,195
5332.0,1532.12,-619.0,4,64,200
3821.0,1488.87,-345.0,4,64,200
4131.0,1189.81,-808.0,4,60,181
5021.0,1578.49,-708.0,3,64,200
5589.0,1554.44,-1302.0,3,64,200
4545.0,1323.62,-469.0,3,64,194
4517.0,1453.0,-458.0,2,64,194
3882.0,1407.22,-808.0,2,64,195
3892.0,1436.75,-719.0,2,64,196
4716.0,1803.56,-659.0,2,64,195
3824.0,1411.17,-659.0,2,60,182
3770.0,1589.56,-409.0,3,64,196
4161.0,1544.2,-719.0,2,64,196
3452.0,1429.59,-1109.0,2,64,197
4211.0,1557.04,-138.0,2,64,197
3816.0,1505.45,-608.0,2,60,182
3750.0,1575.79,-839.0,1,60,182
5288.0,1635.74,-408.0,1,60,182
5176.0,1547.57,-420.0,1,60,182
4690.0,1708.08,-519.0,1,60,182
4212.0,1661.34,-351.0,1,60,183
3496.0,1410.3,-959.0,1,60,183
4590.0,1622.0,-65.0,1,60,182
3977.0,1598.91,-509.0,1,60,182
4071.0,1747.58,-370.0,1,60,182
5335.0,1632.46,-1028.0,1,60,183
4698.0,1678.69,-159.0,2,60,183
4561.0,1664.27,-358.0,2,60,183
3779.0,1583.74,-468.0,2,61,185
6321.0,1575.21,-738.0,2,61,185
3710.0,1510.6,-508.0,2,60,183
4045.0,1369.65,-608.0,2,60,183
3756.0,1588.59,-408.0,2,60,184
3731.0,1507.62,-608.0,2,60,184
3348.0,1377.42,-1201.0,2,60,184
3472.0,1571.28,-433.0,2,61,185
4718.0,1686.58,-658.0,2,61,185
4144.0,1357.28,-808.0,2,61,185
4341.0,1662.15,-200.0,2,61,185
4018.0,1711.91,-829.0,2,61,185
4078.0,1597.58,-408.0,2,61,185
4964.0,1827.34,-238.0,2,60,184
4489.0,1573.31,-870.0,2,60,184
3565.0,1580.98,-534.0,2,61,185
4832.0,1485.17,-754.0,2,61,185
4132.0,1450.96,-659.0,2,61,185
4077.0,1777.48,-291.0,2,61,185
3982.0,1756.33,-338.0,2,61,185
4780.0,1847.6,-558.0,2,60,184
4240.0,1693.51,-459.0,2,61,185
4693.0,1481.76,-808.0,2,61,185
4696.0,1600.06,-659.0,2,61,186
5554.0,1709.37,-208.0,3,61,186
4465.0,1535.85,-401.0,4,62,186
4677.0,1599.38,-694.0,5,61,186
3778.0,1515.24,-509.0,5,62,188
3710.0,1513.4,-473.0,5,62,188
4452.0,1463.61,-978.0,4,62,188
4980.0,1598.55,-659.0,4,62,186
4582.0,1452.58,-570.0,4,60,186
3941.0,1495.03,-496.0,4,62,188
4641.0,1545.59,-550.0,5,60,186
4251.0,1465.9,-516.0,6,62,188
3906.0,1495.45,-359.0,6,64,191
3921.0,1646.07,-719.0,6,60,187
3542.0,1543.98,-460.0,6,63,192
4162.0,1596.74,-351.0,6,64,191
3880.0,1545.89,-445.0,6,64,191
4390.0,1526.71,-258.0,6,64,189
6133.0,1579.33,-259.0,6,63,192
3662.0,1475.03,-636.0,6,64,191
3804.0,1368.5,-608.0,6,60,187
4875.0,1643.03,-359.0,6,63,192
3732.0,1411.28,-608.0,6,64,189
5142.0,1384.69,-808.0,6,63,192
4082.0,1411.5,-448.0,6,64,191
4641.0,1632.61,-768.0,6,63,192
3401.0,1266.57,-608.0,6,63,192
3991.0,1471.79,-216.0,6,63,192
3142.0,1290.6,-452.0,6,63,192
4220.0,1530.23,-245.0,6,60,187
3479.0,1124.87,-842.0,7,60,187
4180.0,1465.92,-445.0,7,63,192
3967.0,1277.48,-509.0,7,63,187
3531.0,1252.11,-658.0,7,63,192
3711.0,1350.46,-565.0,7,60,187
4187.0,1315.75,-347.0,7,62,188
4721.0,1313.97,-510.0,7,63,187
3663.0,1270.58,-889.0,7,63,187
4780.0,1507.24,-659.0,7,64,191
3672.0,1413.77,-86.0,9,60,187
4350.0,1429.16,-808.0,8,60,187
3815.0,1276.17,-609.0,9,64,191
3198.0,1270.18,-659.0,10,65,190
3643.0,1270.03,-170.0,10,63,193
3931.0,1369.86,-1360.0,9,65,191
4361.0,1252.87,-659.0,9,63,187
3992.0,1364.36,-558.0,10,63,187
4009.0,1397.08,-645.0,9,63,187
4413.0,1354.77,-420.0,9,63,193
4443.0,1235.15,-230.0,9,63,187
3694.0,1282.93,-608.0,9,63,193
3911.0,1411.54,-290.0,9,63,193
3412.0,1309.25,-1979.0,9,63,193
3781.0,1270.9,-808.0,8,63,193
3371.0,1297.53,-659.0,8,63,193
4322.0,1241.5,-1119.0,8,65,194
3511.0,1343.36,-685.0,8,65,194
3712.0,1109.76,-575.0,8,65,194
4799.0,1095.31,-808.0,8,64,188
3701.0,1185.27,-876.0,7,63,193
4527.0,1135.9,-659.0,7,64,196
3151.0,989.33,-708.0,7,65,194
3384.0,1097.28,-808.0,7,65,194
3814.0,1079.73,-569.0,7,60,187
3745.0,1252.7,-558.0,7,65,194
2910.0,1071.67,-808.0,7,64,197
4078.0,1316.91,-395.0,7,63,193
3401.0,1154.77,-709.0,8,64,197
3351.0,1138.89,-658.0,8,65,192
3272.0,1011.18,-708.0,7,63,193
3343.0,1018.21,-878.0,6,64,197
3797.0,1227.4,-819.0,6,65,194
4001.0,1191.97,-460.0,6,64,197
3756.0,1013.69,-560.0,6,65,198
5362.0,1013.03,-738.0,6,64,197
3538.0,1217.52,-808.0,6,60,188
3382.0,1164.95,-758.0,6,64,194
4522.0,1054.7,-659.0,6,60,188
3586.0,1097.54,-1081.0,6,65,192
3919.0,1344.29,-917.0,6,60,188
3950.0,1200.2,-685.0,6,66,197
3614.0,1175.85,-808.0,6,64,197
4081.0,1192.78,-808.0,6,65,192
3411.0,1139.99,-683.0,6,60,188
3840.0,1115.2,-446.0,6,60,188
3312.0,879.12,-659.0,6,65,192
3471.0,1074.41,-526.0,7,64,204
4038.0,1289.56,-510.0,7,60,189
3224.0,1006.46,-808.0,8,67,198
3642.0,1238.84,-808.0,7,65,203
4101.0,1129.34,-760.0,6,60,189
3742.0,933.91,-1666.0,6,66,211
3839.0,1035.5,-528.0,6,60,189
3426.0,1201.47,-659.0,6,65,203
3050.0,1052.04,-808.0,6,65,203
3647.0,1027.17,-808.0,6,64,195
5058.0,1181.13,-547.0,6,64,197
4558.0,1100.07,-808.0,6,66,211
4182.0,1249.55,-569.0,6,66,211
4152.0,1379.56,-469.0,6,64,195
3665.0,1393.91,-683.0,6,61,190
3379.0,1301.83,-559.0,6,65,203
3552.0,1184.65,-659.0,6,65,195
3441.0,1208.57,-919.0,6,61,190
2954.0,1117.52,-808.0,6,66,211
3981.0,1233.13,-882.0,6,65,204
3121.0,1193.19,-608.0,6,64,195
3670.0,1327.87,-308.0,6,66,212
3411.0,1237.51,-808.0,6,64,197
3335.0,1108.64,-1290.0,6,66,213
3551.0,1341.02,-608.0,6,64,195
3189.0,1344.79,-240.0,6,61,190
3976.0,1259.94,-1639.0,6,61,190
4014.0,1389.64,-1079.0,6,61,190
3541.0,1267.68,-608.0,6,61,190
3177.0,1104.35,-1561.0,6,61,190
3478.0,1129.69,-1372.0,6,61,190
3332.0,1211.09,-659.0,6,61,190
3396.0,1348.45,-533.0,6,61,190
4924.0,1321.27,-808.0,6,61,190
5350.0,1223.08,-421.0,6,61,190
3388.0,1168.99,-808.0,6,61,190
3516.0,1239.52,-689.0,6,61,190
3230.0,1213.78,-303.0,6,61,190
3492.0,1331.36,-389.0,6,65,196
3503.0,1168.84,-585.0,6,61,190
3703.0,1265.06,-559.0,5,61,190
3162.0,1050.93,-608.0,5,61,190
3458.0,1036.68,-532.0,5,65,196
3486.0,1246.78,-269.0,5,61,190
3609.0,1203.98,-1179.0,5,65,206
4918.0,1250.03,-426.0,5,61,190
4257.0,1134.8,-376.0,5,61,190
4136.0,1286.55,-512.0,5,61,190
3207.0,1280.38,-708.0,5,65,206
4221.0,1353.5,-659.0,5,61,190
3514.0,1256.75,-208.0,5,61,190
4234.0,1118.19,-419.0,5,61,190
3415.0,1234.19,-659.0,5,65,196
4088.0,1260.71,-1370.0,5,62,191
4169.0,1211.34,-418.0,5,65,196
4094.0,1169.0,-441.0,5,61,191
3290.0,1105.82,-442.0,5,65,206
4624.0,1245.32,-259.0,5,61,191
4200.0,1243.19,-169.0,5,61,191
4058.0,1207.65,-569.0,5,61,191
3525.0,1082.35,-458.0,5,65,207
3620.0,1106.4,-589.0,5,65,196
3389.0,1293.32,-459.0,5,65,196
5412.0,1309.81,-629.0,3,62,192
3885.0,1327.52,-659.0,3,62,192
4271.0,1391.21,-695.0,2,62,192
4403.0,1571.62,-708.0,2,62,192
5174.0,1380.19,-673.0,2,62,192
4098.0,1435.46,-340.0,2,65,207
4414.0,1343.25,-458.0,2,62,192
6960.0,1591.63,-658.0,2,62,192
3521.0,1341.3,-778.0,2,62,192
4033.0,1469.08,-558.0,2,62,192
4104.0,1275.1,-658.0,2,62,192
5116.0,1654.7,-559.0,2,62,192
3510.0,1499.04,-659.0,2,62,192
3864.0,1565.37,-567.0,2,62,192
5152.0,1515.69,-529.0,2,62,192
4183.0,1466.16,-509.0,2,62,192
3975.0,1498.86,-422.0,2,62,192
5054.0,1521.45,-659.0,2,62,192
4558.0,1524.7,-808.0,2,62,192
4022.0,1331.0,-659.0,2,62,192
4261.0,1577.12,-569.0,3,62,192
4582.0,1242.34,-689.0,2,62,192
4479.0,1492.87,-510.0,2,62,192
4023.0,1418.25,-758.0,2,62,192
3930.0,1335.08,-578.0,2,62,192
4017.0,1371.72,-809.0,2,62,192
3751.0,1378.91,-559.0,2,63,193
3781.0,1460.29,-719.0,2,62,192
3692.0,1327.99,-567.0,2,62,193
4116.0,1606.52,-808.0,2,62,193
3921.0,1330.35,-758.0,2,68,212
5735.0,1326.25,-659.0,2,63,193
4687.0,1451.35,-683.0,2,62,193
4827.0,1555.04,-409.0,2,62,193
4205.0,1370.73,-730.0,2,63,193
4571.0,1396.5,-808.0,3,63,193
3308.0,1352.63,-708.0,2,68,212
4900.0,1397.48,-510.0,2,63,193
3536.0,1337.7,-808.0,2,63,193
4344.0,1326.32,-808.0,3,63,193
3970.0,1187.09,-609.0,3,71,223
4132.0,1521.66,-424.0,3,63,193
4231.0,1428.2,-758.0,3,63,193
4231.0,1371.52,-808.0,3,63,193
4046.0,1415.37,-659.0,3,63,193
3955.0,1204.43,-659.0,3,63,194
3900.0,1330.76,-758.0,3,63,193
3631.0,1256.51,-659.0,3,71,224
3580.0,1193.68,-758.0,3,71,224
4007.0,1196.34,-673.0,3,71,224
3762.0,1273.39,-834.0,3,71,224
6511.0,1347.15,-808.0,3,63,194
3976.0,1313.93,-534.0,3,63,194
3890.0,1220.49,-615.0,3,63,193
3924.0,1118.09,-808.0,3,71,225
3267.0,1183.1,-542.0,3,63,193
3199.0,1349.04,-677.0,3,63,193
4612.0,1511.91,-317.0,2,63,193
3591.0,1187.47,-735.0,2,63,193
4121.0,1276.78,-758.0,2,63,193
5524.0,1395.85,-808.0,2,71,225
4131.0,1420.37,-691.0,2,63,193
3399.0,1398.8,-512.0,2,71,225
3507.0,1374.63,-808.0,2,71,225
3803.0,1287.71,-492.0,2,63,194
3470.0,1334.96,-808.0,2,71,225
4115.0,1250.61,-480.0,2,63,193
4868.0,1442.42,-659.0,2,71,225
3888.0,1451.88,-819.0,2,71,225
4313.0,1527.16,-284.0,2,63,193
4496.0,1519.43,-689.0,2,71,225
3901.0,1353.39,-758.0,2,71,225
4841.0,1611.03,-679.0,2,63,193
4721.0,1486.39,-359.0,2,63,194
3966.0,1495.45,-619.0,2,63,194
4107.0,1455.88,-423.0,2,63,193
4568.0,1479.12,-530.0,2,71,225
4372.0,1586.98,-510.0,2,63,193
4185.0,1515.31,-623.0,2,63,193
3522.0,1422.87,-452.0,2,63,193
3514.0,1460.6,-808.0,2,63,193
5522.0,1304.13,-645.0,2,63,193
3701.0,1465.8,-418.0,2,71,225
3900.0,1448.75,-758.0,2,71,225
4015.0,1577.88,-908.0,2,63,192
4331.0,1556.44,-472.0,2,71,225
3962.0,1436.71,-679.0,2,64,193
4414.0,1388.65,-566.0,2,71,225
3823.0,1360.36,-468.0,2,71,225
4076.0,1373.86,-458.0,2,71,225
4714.0,1495.06,-1069.0,2,64,193
3821.0,1530.68,-483.0,2,71,225
4151.0,1627.65,-608.0,2,71,225
4281.0,1401.6,-551.0,2,64,193
4465.0,1491.39,-418.0,2,64,193
4396.0,1359.25,-651.0,2,64,193
4440.0,1379.02,-419.0,2,64,193
3623.0,1304.9,-658.0,2,64,193
3953.0,1467.72,-522.0,2,64,193
4085.0,1411.33,-358.0,2,64,193
3834.0,1485.21,-659.0,2,71,225
3559.0,1451.41,-559.0,2,71,225
4290.0,1492.43,-446.0,2,71,225
4304.0,1231.58,-808.0,2,71,225
4311.0,1426.1,-437.0,2,71,225
3745.0,1404.15,-547.0,2,71,225
3919.0,1156.01,-552.0,2,64,193
3955.0,1534.66,-559.0,2,64,193
3761.0,1346.21,-408.0,2,71,225
4973.0,1295.01,-472.0,2,72,226
4035.0,1328.07,-443.0,2,72,226
3738.0,1229.71,-1019.0,3,64,193
3895.0,1418.96,-608.0,2,73,227
3937.0,1421.99,-309.0,1,64,193
3162.0,1252.87,-808.0,1,64,193
