best,average,worse
2.62880269079,1.14484251897,-0.0
2.72374440918,1.27280394634,0.0678872387735
2.72374440918,1.27634170665,-0.0
2.86009786846,1.2778475858,0.0678872387735
3.1078282959,1.40488184644,0.161453286293
3.1078282959,1.39189294403,0.228847278021
3.1078282959,1.37703998236,0.0678872387735
3.1078282959,1.44602012557,0.299304414334
3.1078282959,1.40561889337,-0.0
3.038574475,1.42554708486,0.185624710405
3.2749327583,1.57416659274,-0.0
3.2749327583,1.53715551417,0.118064158241
3.2749327583,1.61990208973,-0.0
3.38772055298,1.71751089068,0.299304414334
3.43818298316,1.66977385914,-0.0
3.43818298316,1.81272196713,0.278524458489
3.43818298316,1.75077385423,0.118064158241
3.51355256528,1.90814551452,0.0678872387735
3.43818298316,2.06873490778,0.388287924604
3.71108470631,2.20906876271,0.437444822555
3.71108470631,2.47736738365,0.56072455079
3.71108470631,2.5740459852,0.804875632499
3.75724589505,2.55607714864,0.118064158241
3.75724589505,2.67815463949,1.29015440749
3.75724589505,2.67169351271,1.04709461479
3.75724589505,2.5731359242,0.867782404929
3.75724589505,2.70608724204,1.01002885592
3.75724589505,2.78487079765,1.01850266553
3.70890304683,2.81983932696,1.33635788807
3.8691574686,2.80429496716,1.2103801124
3.8691574686,2.87457069775,1.02439299109
3.8691574686,2.97408001168,0.824745815173
3.8691574686,2.95878182809,0.579534267631
3.8691574686,2.93053632926,1.23832339815
3.8691574686,3.04597846386,1.32544674921
3.96119885948,3.04384415454,1.99531658087
3.97014440649,2.98269744957,1.60662675175
3.97014440649,3.02237508929,0.618140652551
3.97014440649,3.01736855116,1.37682591598
3.97014440649,3.08839038907,2.17644264399
3.97014440649,3.08555035145,1.16047598876
4.06880919159,3.05695927579,1.72284597252
4.0095417077,3.05581077257,2.01644949813
3.96119885948,3.0113356258,1.8423298927
3.96119885948,3.05339141076,1.37100120565
3.96119885948,3.01007844649,0.773962552561
3.96119885948,3.08750331527,2.07579248134
3.96119885948,3.03803619871,0.903321328693
3.96119885948,3.03507227399,1.38738566595
3.96119885948,2.98516283187,1.02221133161
3.99199367782,3.03579848475,1.45682998412
4.01848725472,3.08335255164,1.53466081144
4.01848725472,2.98225478832,1.17143222314
4.01848725472,3.05694535418,1.65805416516
4.01848725472,3.0930816785,1.53868252081
4.01848725472,3.00894354894,1.55059941023
4.01848725472,3.09291234695,1.14705378406
4.01848725472,3.07227857702,1.79485905846
4.01616510193,3.02931911809,1.52563781827
3.99199367782,3.09698374799,1.82036957765
3.99199367782,3.03349724132,0.886214295434
3.8843833457,3.06118918399,1.26950322214
3.86253407438,3.02945212002,1.62246410783
3.86253407438,3.00839815981,1.3373943882
3.86253407438,3.07121731809,1.84604272205
3.86253407438,3.07902704028,2.00912911567
3.86828124748,3.09233175774,2.00435414128
3.86828124748,3.07523789756,1.77103069848
3.91517816404,3.05809567122,1.37043142217
3.94597298238,3.09840122901,1.94009786323
3.94597298238,3.02622102815,1.66398132246
3.94597298238,2.98384047915,1.36955240268
3.94597298238,3.04796747634,1.18262142788
3.94597298238,2.94985470652,1.4385119807
3.94597298238,2.96002663684,0.600507317829
4.00524046627,3.00633091676,2.04590539172
4.00524046627,2.99201956489,1.62867789573
3.85823283294,2.9824491659,1.59093569639
3.88670549849,2.98478234653,1.52808394629
3.8843833457,2.98281386054,0.461375784472
3.8843833457,2.99740964689,0.613839411113
3.8843833457,2.97583816482,1.52748415091
3.85503445903,2.91924937828,1.18753432136
3.85503445903,2.8940979291,1.23226412964
3.85503445903,2.89058730073,1.29102140273
3.85503445903,2.90639341808,1.47511379549
3.85073321759,2.83147393059,0.795503844343
3.94597298238,2.89193608489,1.44284288866
3.9108769226,3.0037658831,1.8857673196
3.88240425705,3.012776663,1.97770043611
3.89763013415,3.04047950746,2.02122488618
3.89763013415,2.94072527292,1.76016775704
3.89763013415,2.9611277181,1.4676869021
3.94597298238,2.96439117721,1.1894714685
3.95689761804,2.92819789129,1.54564892552
3.82656179348,3.0039721003,1.62278861455
3.83406140883,2.96987584454,1.76117297962
3.8274380146,2.90321134519,1.65194934791
3.8274380146,2.86930229538,1.32588434155
3.84410982336,2.90572500478,1.38027866778
3.84410982336,2.96895593739,1.68056462602
3.84498604449,3.01070658139,1.37030911995
3.98106904215,2.97299116385,1.74832521065
4.02708973759,2.92332914681,1.5928452641
4.07113134438,3.00723336678,1.0967046926
4.07113134438,2.96902755123,1.32681569294
4.07113134438,3.00301749433,1.45879336834
4.07113134438,2.92955100137,1.34159161691
3.85379109819,2.98387207305,1.30922875087
4.08205598004,3.05346899006,1.81061133544
3.88240425705,2.92514606676,0.0678872387735
4.03371313182,2.98895222019,1.60752066576
3.97676780072,3.00241019327,0.589300847295
3.97676780072,3.11018860253,1.41908362199
4.02621351646,3.24944203057,2.06225128447
3.97676780072,3.24258855028,0.715303509548
4.02941189038,3.29818808984,1.92412661606
4.08205598004,3.3046821897,2.21268090263
4.15224809959,3.26318337273,1.55024958898
4.15224809959,3.35317782345,1.64643329258
4.15224809959,3.41031045584,2.37872190671
4.15224809959,3.34354392513,1.5464264683
4.15224809959,3.35463164237,1.56265540473
4.1347000697,3.46041586046,2.41108456296
4.1347000697,3.40529499624,2.05405780355
4.1347000697,3.35942794766,2.29904020256
4.07543258582,3.36792942131,2.15950365597
4.14562470537,3.42197090122,2.27073068832
4.07543258582,3.33566033731,2.18533758231
4.07543258582,3.36666251732,1.2405992492
4.08205598004,3.35295730184,1.3877269672
4.08205598004,3.3885611672,0.976200232544
4.11052864559,3.39968025611,1.00657838322
4.08205598004,3.42656537044,1.58725201543
4.08205598004,3.4173216058,1.3233704779
4.09960400993,3.39996822683,1.11337650136
4.09960400993,3.40017875943,1.56079278142
4.09960400993,3.38371401111,1.61227766275
4.09960400993,3.37491739032,2.15397305344
4.08205598004,3.37519945635,1.86027223397
4.0929806157,3.42537918147,1.90941763842
4.08635722148,3.35563114558,1.94012828373
4.07543258582,3.41186358722,1.94273289624
4.06880919159,3.39736441062,2.0286430186
4.06880919159,3.42343734488,0.982436270345
4.0929806157,3.39498941689,1.68940919776
4.06793297046,3.44533168224,1.79096779916
4.0929806157,3.49239587789,2.17299791298
4.0929806157,3.51256384046,2.21024838252
4.0929806157,3.52669938943,1.50954013667
4.0929806157,3.48297409764,1.34149150237
4.06793297046,3.42217360782,1.11401731422
4.06793297046,3.42213692083,1.77868048811
4.06793297046,3.46016723353,2.24991187801
4.06793297046,3.4182573131,2.07290355931
4.06793297046,3.45143051392,2.14080427865
4.08635722148,3.46195913337,2.44960493227
4.07113134438,3.40378192885,2.12184651149
4.13900131114,3.3827318345,2.0329395218
4.10390525137,3.39098938268,1.31107184353
4.1347000697,3.41008771495,1.46632371092
4.1347000697,3.31575947597,1.67376739648
4.11052864559,3.28587991268,1.52932893533
4.11052864559,3.27804154155,1.51017588394
4.11715203982,3.26925615758,0.925490939245
4.12377543404,3.19139090233,1.07957982871
4.12377543404,3.27057402528,1.00858678311
4.14562470537,3.36581261229,1.70183460988
4.15887149382,3.34076791653,1.50331766108
4.15887149382,3.30048816238,2.12397459203
4.15887149382,3.31978050999,1.54587114004
4.10622740415,3.30903313032,1.73921878241
4.04376154635,3.24046388247,1.35180600223
4.04463776748,3.30604950664,1.20921721265
4.10390525137,3.36470195397,1.31579617029
4.07543258582,3.33806946159,1.44227211716
4.10622740415,3.31824336188,1.40280160906
4.10622740415,3.29577984965,0.852633880326
4.10622740415,3.40241410509,2.28194786761
4.07543258582,3.32215364566,2.00196708614
4.07543258582,3.30685319013,1.69553858007
4.08205598004,3.33040043775,1.64239626822
4.08205598004,3.36044619484,2.22117619232
4.08205598004,3.28153327399,1.28353101327
4.08205598004,3.31651177962,1.93215132471
4.08205598004,3.31129792134,1.80352529509
4.08205598004,3.34712589213,1.37049658758
4.07543258582,3.23339414183,0.661352748569
4.07543258582,3.37372794208,1.54735590011
4.07543258582,3.4135997739,2.02206691985
4.07543258582,3.39002943785,1.77233575353
4.07543258582,3.44632879326,2.0845929022
4.07543258582,3.36921719208,1.80238647291
4.01616510193,3.31406367989,0.768038126889
4.01616510193,3.4196379088,1.59638387061
3.99861707204,3.42243136824,1.40805274674
4.03371313182,3.39065293139,2.10925069239
4.0512611617,3.41871184064,2.4115605367
4.05788455593,3.34705559312,1.18208799333
4.05788455593,3.39137468552,2.56790909498
4.06880919159,3.36213672423,2.42014963216
4.06880919159,3.32533934118,2.35299432228
4.09960400993,3.35174597671,2.43517757129
4.09960400993,3.24256108879,1.58564577882
4.1347000697,3.22899523375,1.66200223381
4.1347000697,3.29128011695,1.72176718056
4.08635722148,3.30779831963,1.5254236767
4.08635722148,3.2624150852,2.31576479531
4.08635722148,3.25959034736,1.9379382456
4.08635722148,3.22089055919,1.27227028866
4.08635722148,3.2271950629,1.99163925152
4.08635722148,3.19302820904,1.40135616232
4.08635722148,3.30856649496,2.00056785722
4.07311043303,3.27137829432,1.88763224487
4.07311043303,3.27498841801,1.62855056969
4.07311043303,3.3096880654,1.29204069495
4.13900131114,3.31558767863,1.72397405352
4.13900131114,3.28018205592,1.49642167938
4.13900131114,3.28252929455,1.52033205274
4.07113134438,3.32940300063,1.09480015057
4.07113134438,3.33525885052,1.70618226621
4.11482988703,3.35078671466,1.42183039841
4.07113134438,3.36670057425,1.14087648684
4.07113134438,3.34554008184,1.96249737842
4.12807667548,3.38929060635,2.31554488696
4.1347000697,3.34791111998,1.97838460765
4.1347000697,3.31335604166,1.21708932481
4.1347000697,3.42742612587,2.07375008371
4.11052864559,3.37931891528,2.02373002458
4.11052864559,3.35483092741,1.7030504741
4.17409737092,3.33596796497,1.45408364077
4.17409737092,3.35601600088,2.13118743645
4.17409737092,3.46411053844,2.29592741962
4.17409737092,3.49746577882,1.4440933259
4.17409737092,3.52016653939,2.14766783271
4.17409737092,3.49022083549,2.18738093805
4.12807667548,3.51202109941,2.31493691777
4.12807667548,3.48149050528,1.81530227079
4.12807667548,3.54488408255,1.94396576946
4.12807667548,3.61849392276,1.88689433077
4.15224809959,3.54430049371,2.01205269277
4.15224809959,3.46938341715,2.08404476717
4.15224809959,3.50080595768,2.27562801972
4.15224809959,3.51598945976,1.65289924415
4.15224809959,3.52337130899,2.42709431902
4.0929806157,3.45537192761,2.05121944948
4.0929806157,3.43067342751,2.05453685746
4.0929806157,3.4388970322,1.94302462479
4.0929806157,3.44128641216,2.42123287716
4.0929806157,3.41945472537,1.92308108782
4.0929806157,3.36870339723,1.81466571521
4.15224809959,3.43884040472,1.8192330534
4.15224809959,3.46414083055,1.90205891967
4.15224809959,3.37662490172,1.18181012743
4.15224809959,3.38634328565,2.17973772494
4.0929806157,3.25801774592,1.8307270163
4.0929806157,3.25811910406,1.94898915076
4.0512611617,3.29829593826,1.8575454441
4.0929806157,3.32063850224,2.11639247187
4.0929806157,3.34037642211,1.87384269256
4.0929806157,3.34540246294,1.56920930084
4.11715203982,3.45047938083,1.86361772432
4.11715203982,3.38739050845,1.65799996361
4.10622740415,3.4197568106,1.75479142607
4.10622740415,3.38369588589,1.88031322535
4.09728185714,3.44509402761,2.52209354197
4.07973382725,3.40450903558,1.8249798432
4.0929806157,3.44358074494,1.30830492608
4.06450795015,3.44827921265,1.98572731944
4.06880919159,3.40287908286,2.32741281948
4.14562470537,3.41480281328,2.05664605309
4.06450795015,3.40834830238,0.82084678543
4.06450795015,3.43102463989,2.62987074081
4.06450795015,3.41323447912,2.1244780179
4.06450795015,3.34401437427,2.1244780179
4.06450795015,3.23331782822,1.29206657814
4.06450795015,3.22856477465,1.39712811107
4.11052864559,3.21551016208,1.16808497686
4.1347000697,3.26531920276,0.988875257784
4.1347000697,3.37260625604,2.16511481965
4.06450795015,3.39883330946,1.20693850242
4.07543258582,3.35784490421,2.38607887957
4.11715203982,3.37879245922,2.21975433623
4.11715203982,3.41971961012,1.6888048891
4.10390525137,3.39686453968,1.82961577763
4.05788455593,3.33112707946,2.20807763448
4.0512611617,3.39964540584,2.25587641427
4.01616510193,3.40942649138,2.22830404542
4.01616510193,3.42702925892,2.39334025114
4.04033652604,3.34714427871,2.18981021505
4.04033652604,3.3519436225,1.85605299597
4.04033652604,3.34932547947,1.81159464994
4.04033652604,3.36055953659,1.69100358498
4.04033652604,3.38752391746,1.99674096787
4.04033652604,3.4116776714,1.81934802273
4.09960400993,3.40199286731,1.84714179517
4.09960400993,3.36621322815,2.2635624742
4.09960400993,3.34516202574,1.29990745001
4.09960400993,3.41144699168,2.3255485615
4.05788455593,3.37317924156,1.69750929287
4.05788455593,3.35950716618,2.18352451094
4.10390525137,3.30624835758,1.54194248732
4.12807667548,3.39710137808,1.41781334458
4.17409737092,3.3807043888,1.82242141064
4.17409737092,3.41953835843,2.14577005667
4.17409737092,3.41696438476,2.37945883891
4.10390525137,3.36861588413,2.15488017256
4.07543258582,3.38153390358,1.38237730857
4.00524046627,3.42956881368,2.25771963217
4.07543258582,3.39274098753,1.94228791571
4.02708973759,3.38495468901,1.95712627939
4.00524046627,3.34152045517,0.703135513053
4.00524046627,3.31961888246,2.17345835011
4.02941189038,3.31918187751,2.02005375133
4.03371313182,3.26902389023,1.49532665718
4.03371313182,3.26108987836,1.972930406
4.03371313182,3.3045630658,2.24987550427
4.02708973759,3.33996425356,2.36205558647
4.02708973759,3.29206661078,1.04421627743
4.02708973759,3.16615746525,2.00287660126
4.02708973759,3.1260201035,1.17135372808
4.0512611617,3.2826096101,2.08277249028
4.0095417077,3.35311430993,1.87074192914
4.08867937427,3.42297140316,1.96671164886
4.08867937427,3.38712164587,1.66146875843
4.08867937427,3.40128663133,1.64246446512
4.08867937427,3.35483364622,1.66453108932
4.08867937427,3.32088407768,1.40485437282
4.07543258582,3.28184707669,2.20210900635
4.07543258582,3.30606174963,1.24577592565
4.08635722148,3.28978167074,1.42042284583
4.12145328125,3.28632441914,2.09063634852
4.12145328125,3.28351028559,1.03002289054
4.12145328125,3.28273628428,1.68929947368
4.12145328125,3.27085301488,1.88391446054
4.01616510193,3.28950736285,1.67328013646
4.04695992027,3.31508535579,1.67788983216
4.04695992027,3.36018774157,1.76116338152
4.04695992027,3.3235966685,1.94710174798
4.04695992027,3.38507761578,1.76833138932
4.07543258582,3.35988941682,1.33365908191
4.07543258582,3.40684441038,1.20432642871
4.0929806157,3.35406655876,1.5693527687
4.15887149382,3.42699256959,1.39605225749
4.15887149382,3.39444270257,2.09425042622
4.04033652604,3.38177177205,1.91533319631
4.16317273525,3.33630993107,2.15180592284
4.08635722148,3.47643036397,2.18499451817
4.08635722148,3.45070833625,2.14358922368
4.08635722148,3.38483360136,2.20968813502
4.08635722148,3.41538169696,1.86153006305
4.08635722148,3.43190420016,1.24634642229
4.0929806157,3.37248343287,1.9501505619
4.0929806157,3.42595182225,1.44315900511
4.11482988703,3.39309099194,1.64555707145
4.0929806157,3.43913517198,1.95082181996
4.15224809959,3.44902798701,1.44586238402
4.15224809959,3.42158892445,1.63647108479
4.15224809959,3.37638410285,1.99268307701
4.15224809959,3.44825221458,1.52231092445
4.16317273525,3.32555673271,1.68709026899
4.16317273525,3.25396068171,1.41514907631
4.16317273525,3.32275966614,1.2845410796
4.16317273525,3.39193664642,2.25807768597
4.02708973759,3.3393872331,1.93962198199
4.05788455593,3.37634356466,2.07960821236
4.06450795015,3.3569767727,1.62450827864
4.06450795015,3.38511844735,1.79257307591
4.06450795015,3.37893855749,1.75795310229
4.0929806157,3.25906170294,0.984657199665
4.06450795015,3.30837482254,0.726605355861
4.06450795015,3.39111829816,1.57768710469
4.03371313182,3.34684615711,2.14717324814
4.05556240314,3.33856100075,1.79562835137
4.05556240314,3.35658578802,2.07622603448
4.11715203982,3.49300803065,2.16000045187
4.11052864559,3.39475690609,2.15444546682
4.11052864559,3.46845385851,2.12614775292
4.11052864559,3.44866989139,1.88224454617
4.01616510193,3.36651835618,1.56243969683
4.10390525137,3.38087629951,2.29566739413
4.10390525137,3.4413039406,2.52956187731
4.10390525137,3.36524158266,1.13799214407
4.10390525137,3.43942346319,2.41869157125
4.10390525137,3.46210227756,1.46829985034
4.05788455593,3.38511016576,0.603168591106
4.07543258582,3.37492666298,0.787389284675
4.05788455593,3.38793876774,0.813056940562
4.05788455593,3.35984893743,1.6642284905
4.04695992027,3.40704625,1.83767348496
4.04695992027,3.38832356441,1.87538402502
4.04033652604,3.33047483876,1.66625015217
4.04033652604,3.32509185514,1.90902185852
4.04033652604,3.28838610669,1.6252366821
4.04695992027,3.23882638503,1.78123723528
4.04695992027,3.28508740869,1.85599879442
4.04695992027,3.21459843466,1.20618853159
4.04695992027,3.28433601022,1.94241698054
4.04695992027,3.26082262868,2.01593687021
4.04695992027,3.25784506718,0.832941915354
training time: 1937.11694789
