best,average,worse
1.44064832806,0.803215320071,0.0678872387735
2.24789623581,0.836252776194,0.0678872387735
2.22440634826,0.922176837365,0.228847278021
2.14352645962,0.919806746511,0.161453286293
2.14352645962,0.932312675146,0.0678872387735
2.21255683576,1.04682979464,0.185624710405
2.21255683576,1.09534939926,-0.0
2.24004894743,1.1975379692,0.486039367004
2.24004894743,1.23887727432,0.118064158241
2.28570584346,1.26817274318,0.0678872387735
2.2914574696,1.43951494601,0.0678872387735
2.2914574696,1.50983294074,0.577193788723
2.31376003372,1.5187434831,0.26876309273
2.32703249511,1.59420628453,0.778382155407
2.3561246094,1.67829772039,0.560597810149
2.39563674128,1.74280449631,0.833106484233
2.39563674128,1.80768370314,0.499248917988
2.45125364096,1.87629791914,0.908633657388
2.45125364096,1.96682943893,0.793860418263
2.48188121055,2.05255322678,0.762953707479
2.48458528509,2.0134279974,0.726354721859
2.48458528509,1.98080324487,0.897709425735
2.42706888322,1.99877927235,1.10285844845
2.42706888322,2.04773142725,1.2337912649
2.42706888322,2.08272828128,1.28410153887
2.42706888322,2.0879335376,1.31977498705
2.45462783026,2.03098386433,0.451327369936
2.44546410105,2.04628782569,0.916151270068
2.42917504337,2.00722197633,0.551242272983
2.44640095128,2.04350215209,1.10686615713
2.47348079393,2.08252474442,1.19582713218
2.49076468004,2.11548561628,1.3532154
2.49076468004,2.08596539183,1.36203979103
2.49076468004,2.04817551082,1.37188027557
2.49076468004,2.06931424934,1.38657690401
2.46652817378,2.07205969689,1.27066989291
2.4627133866,2.12068765375,1.43823314926
2.4627133866,2.10476537722,1.45483702275
2.49491613465,2.05890643376,0.432903118921
2.50196874609,2.0744805314,0.888186129708
2.50196874609,2.08957333071,1.02583853673
2.50718225763,2.07049317609,0.633549353647
2.50718225763,2.1319966492,0.633549353647
2.50718225763,2.1310546507,1.46112304878
2.50973105681,2.16144581372,1.44250458989
2.50973105681,2.14375874255,1.39795521758
2.50973105681,2.16234927684,1.54496836968
2.50973105681,2.1360445034,1.20197839273
2.50973105681,2.14498763746,1.61954249019
2.50973105681,2.1488125803,1.21015046146
2.54939737124,2.16037411967,0.841069821123
2.54939737124,2.21349571151,1.23142046571
2.54939737124,2.1347220644,0.877604100113
2.54939737124,2.11391127852,1.56042993002
2.50973105681,2.09750477745,1.0037870806
2.50973105681,2.15311803917,1.31295812259
2.54637749259,2.10040461744,0.819652963264
2.54637749259,2.13473850966,1.28549295306
2.54637749259,2.12971295298,0.947301289226
2.54637749259,2.02590590344,0.811812394239
2.51739719402,2.03563672348,0.763304977136
2.53021476525,2.11500454368,1.33085601178
2.52261070556,2.13579307186,1.29357884824
2.52261070556,2.08821538654,0.932037896349
2.54660413898,2.07377074522,0.903272298138
2.54660413898,2.11370606377,1.07056936102
2.54660413898,2.10971477415,1.1837242954
2.54660413898,2.07649100578,1.26303978427
2.54660413898,2.10223095789,1.20752480262
2.54660413898,2.12063144692,1.29555890157
2.54660413898,2.08181379825,1.29555890157
2.54660413898,2.09356922058,1.21219696095
2.52114069833,2.11032008022,1.54929931152
2.57757694801,2.13544955425,1.48641766371
2.51917226344,2.12031055356,1.25695343226
2.51917226344,2.14167726299,1.55661815838
2.54097483203,2.13267859749,0.568894036915
2.57266849866,2.09876214953,0.568894036915
2.51742126959,2.11142793295,0.581052485398
2.49742557165,2.08260268015,1.03074980733
2.52849837196,2.09905126662,0.334653970843
2.52849837196,2.08455183139,1.32776309803
2.56588003098,2.05351876204,1.08395239736
2.56588003098,2.11668564572,1.5796782669
2.50141100896,2.07894566726,1.25048714923
2.45433755012,2.11559974047,1.3089717073
2.48590414524,2.10403873291,1.43948452506
2.47867354311,2.14326950722,1.46805850516
2.51179051423,2.12284950626,1.29539384777
2.51179051423,2.13960221576,1.36958988387
2.52586970858,2.09836481389,1.32596442338
2.53296613526,2.06058995757,0.895611684831
2.56604510443,2.09766782097,1.23132434879
2.56604510443,2.10742730286,1.51674961054
2.50496454918,2.08630398516,1.35104637208
2.50496454918,2.10036388496,1.20828072517
2.51866463042,2.11759173068,1.56166585138
2.51866463042,2.09584560923,1.12226948372
2.55132830876,2.10018436045,0.838323289594
2.52789261246,2.07494696948,1.30474365606
2.56684146136,2.05487318836,1.34168650502
2.56684146136,2.01763688859,1.29206610992
2.52789261246,2.0294122114,0.918271528842
2.54290113669,2.00995875646,1.0982954017
2.54290113669,2.01028346971,1.29535891296
2.54290113669,1.9827238278,1.01144237044
2.54290113669,2.01014861681,1.41891489044
2.54290113669,2.01699815033,1.26667198793
2.54290113669,2.01786899022,1.02795850471
2.54290113669,2.03698415344,1.28429120177
2.54290113669,2.05424836216,1.42866565699
2.54290113669,2.02325946669,0.905156257097
2.54290113669,2.0421628999,0.814908879614
2.54290113669,2.06337379931,1.22243676878
2.48758108817,2.04320740108,1.27417160328
2.48758108817,2.03128106447,0.783683450164
2.54321516764,2.06305112402,0.842667841688
2.54321516764,1.98605187571,0.85283086634
2.54321516764,2.01499054923,0.896604294737
2.5869271321,1.9773040958,0.742052183004
2.54321516764,2.00900121952,1.11105522008
2.54615084619,2.0152347405,1.07001940769
2.56765705338,2.03937896421,0.772313204487
2.56765705338,2.05534853169,1.20019868431
2.56765705338,2.04942208133,1.14290442732
2.56765705338,2.08498678216,1.28718886906
2.55123315794,2.07887183261,1.30468557366
2.55123315794,2.10419504426,0.895229555453
2.56516888331,2.11308812224,1.49238796236
2.64685679746,2.09708080139,1.33433175528
2.64685679746,2.10096335335,1.39661856143
2.64685679746,2.17207991058,1.23995176463
2.62249477592,2.15170724961,1.55341904684
2.62249477592,2.14834639511,1.13268449665
2.62033719201,2.15922013736,1.61791674644
2.62033719201,2.15031664829,1.51208174772
2.58141147484,2.15355023928,1.28637956593
2.5982300658,2.20417311304,1.40590264259
2.59992187895,2.23575777654,1.65424198632
2.59992187895,2.18945511765,1.25239559027
2.59992187895,2.17970835528,1.29583381723
2.59992187895,2.15789669746,0.970403531486
2.6164651678,2.18650282453,1.12304890963
2.59678858719,2.14111111742,1.08223844977
2.63114891915,2.14957304719,1.27734978246
2.63609673068,2.13295165313,0.467144369457
2.67535209017,2.12565891953,0.747058141999
2.67535209017,2.12325315152,0.85567657975
2.63906845819,2.1571997334,1.45269739585
2.63906845819,2.16003943154,1.51690703243
2.6316910449,2.12250446874,1.31808753553
2.6316910449,2.15373164896,1.55582735271
2.6316910449,2.13283893525,1.18118468192
2.6316910449,2.06262274269,0.916876928668
2.64801400521,2.08092267796,0.751249431573
2.61512368048,2.09889843154,1.40351007686
2.61512368048,2.10242013005,0.494428222211
2.61512368048,2.11223872446,1.41213910897
2.61512368048,2.11822517776,0.443179808014
2.6041369673,2.12830021887,1.0972839995
2.67611953105,2.15164991308,1.29921924852
2.67611953105,2.15999627439,1.39661284036
2.67611953105,2.12685658344,1.12092304908
2.69346983059,2.10500982073,1.16561284387
2.67255256902,2.11230175041,1.25661004336
2.67255256902,2.07493739184,1.13980058259
2.67991169107,2.14315417007,1.23049480756
2.67991169107,2.15458214708,1.4035209986
2.67991169107,2.12785312009,1.18981039623
2.67991169107,2.14394001244,1.37526724215
2.65180616522,2.11722480649,0.902433003006
2.65180616522,2.15945123087,0.928454995861
2.65180616522,2.15916478787,0.831925975481
2.65180616522,2.17249224589,0.941566731827
2.65180616522,2.21273567853,0.855871319482
2.67673739272,2.2172140327,1.4700154158
2.67673739272,2.22833677495,1.59112807028
2.67673739272,2.20960598371,0.924796313126
2.67673739272,2.18452765893,1.36330128295
2.654661475,2.1612916303,1.34241636778
2.67292115714,2.17644600792,1.46020454157
2.66295744728,2.18727531567,1.51837665635
2.66295744728,2.20440091844,1.33274950306
2.63108383699,2.19351013791,1.50448933995
2.63108383699,2.2060271492,1.56902366124
2.63166696933,2.18151126761,0.924961357615
2.67583709602,2.19052370047,1.23513721458
2.67583709602,2.18063589889,1.15185371444
2.67583709602,2.21024098189,1.41017178752
2.67220950489,2.20113601673,1.37277905243
2.67186644075,2.17803783658,1.38012040744
2.67186644075,2.18408762001,1.48148124215
2.67846575941,2.20302384965,1.34382391419
2.67846575941,2.16386294473,0.744123779944
2.67846575941,2.16718387924,0.335643834941
2.67846575941,2.16382662282,0.475498794049
2.73314956683,2.22516516679,0.984473808111
2.73314956683,2.27258409199,0.96670276023
2.73314956683,2.31407805892,1.45895365037
2.67846575941,2.27149025511,1.16561284387
2.67846575941,2.25000139343,1.00369357203
2.69856258848,2.26452983012,1.03041422295
2.69856258848,2.26655457616,1.50762927104
2.67846575941,2.31057271794,1.62501107117
2.67083762415,2.26790484348,1.78683114954
2.68676173169,2.31242295268,1.48227615067
2.68676173169,2.24919096273,1.44250620697
2.72179571394,2.25494079135,1.54015659576
2.72179571394,2.2983362239,1.58736217211
2.72179571394,2.26379227206,1.39337879349
2.72179571394,2.25556313239,1.5074898132
2.68492458475,2.23822974947,1.08319935109
2.68492458475,2.22751789939,0.679545906051
2.68492458475,2.20509977047,0.639322591744
2.68492458475,2.19164757483,0.677315821545
2.68492458475,2.1928816302,0.779479534417
2.68531580003,2.2742611969,1.48218595748
2.69986657842,2.29084113165,1.33627674893
2.69986657842,2.23383888496,1.10448510097
2.7109331558,2.2186747068,1.1231485032
2.7109331558,2.22111441623,0.887476710505
2.7109331558,2.19113466443,0.962101588198
2.7109331558,2.26085406385,0.962101588198
2.7109331558,2.28202233557,1.15592898272
2.7109331558,2.28728808777,1.44062591853
2.6872693647,2.31000550541,1.3031340359
2.6872693647,2.28504458649,0.978341837396
2.71056601609,2.32645090206,1.63457061956
2.71056601609,2.29965011245,1.58832112854
2.6872693647,2.31528421773,1.60496070824
2.68231854853,2.33765382293,1.66518238978
2.70824386331,2.30848251487,1.03177534707
2.70824386331,2.29380058267,1.43141486772
2.70824386331,2.28787421533,1.59266956585
2.70824386331,2.27576643136,1.36620027919
2.70824386331,2.26831353079,1.51684526939
2.72629952621,2.24920893356,1.02778271266
2.72629952621,2.2505252602,0.689182533043
2.72629952621,2.25000046111,0.960426284503
2.72629952621,2.23525085279,1.06336859823
2.72629952621,2.23990121716,1.23983247062
2.72629952621,2.23633333073,1.63622545601
2.72629952621,2.25198334353,1.38197274936
2.72629952621,2.25253866541,1.4224455766
2.72629952621,2.27987655549,1.40791973319
2.72629952621,2.29204710734,1.54997832681
2.72629952621,2.28161002856,1.42677269685
2.72629952621,2.28139234398,1.42973358888
2.7324999921,2.27121619586,1.40228247825
2.73999960745,2.31476394533,1.68866439579
2.73999960745,2.32834579282,1.56520803452
2.73999960745,2.33134823678,1.04402766081
2.72629952621,2.32007983071,1.59014062233
2.68902180696,2.32453059709,1.46370511746
2.68902180696,2.34043454337,0.934137089597
2.68902180696,2.36434715724,1.18282702804
2.68902180696,2.33541486757,1.261148512
2.68902180696,2.31866180208,1.261148512
2.68902180696,2.32230912606,1.4475431905
2.7142176828,2.3393066442,1.51295455127
2.7142176828,2.33022291186,1.52387815146
2.68902180696,2.32551363477,1.72735194727
2.68902180696,2.31952819744,1.79735522262
2.68902180696,2.31818195717,1.57218777956
2.68902180696,2.28948020632,1.30577284847
2.68902180696,2.29252320526,1.39677800463
2.68902180696,2.29691078528,1.22917096194
2.69782686066,2.31651823461,1.13574237726
2.69782686066,2.35735276433,1.50180223374
2.69782686066,2.32145105985,1.57445303664
2.67382145383,2.33435582703,1.59926584903
2.66151151562,2.28784802273,0.89009115813
2.66151151562,2.29730131143,1.65830459802
2.65059885336,2.27334347835,0.580199944386
2.66181802622,2.27401125513,1.45417921758
2.66134694674,2.28550920538,1.37375218823
2.66134694674,2.26328378548,1.17227046286
2.68763795281,2.27937816066,1.43186318381
2.69762428983,2.22687802718,1.27699710823
2.68763795281,2.28380180099,1.18934316553
2.68945102418,2.26687615284,0.979052597588
2.68763795281,2.24564746599,1.56260415003
2.67402257625,2.30367446385,1.49502633567
2.70699905407,2.32492323817,1.64754192609
2.70699905407,2.34773574434,1.76187684811
2.70699905407,2.34119184996,1.66574107075
2.66972278322,2.32558183422,1.57283114802
2.6959339251,2.35125543878,0.92077571885
2.67194049167,2.33102987912,0.836033805127
2.68902325536,2.34175167176,1.40134040423
2.68902325536,2.35784548111,1.54090901078
2.6786924058,2.33003391105,0.740529351606
2.6786924058,2.35917461517,1.56359824476
2.6786924058,2.33449827931,1.21063348507
2.69513756817,2.31474432039,0.816452108195
2.6786924058,2.30917567822,1.30215974006
2.71953563868,2.28480818896,1.27367888067
2.71953563868,2.3182394016,1.154829929
2.71953563868,2.31254158233,1.5099129012
2.71953563868,2.34134170291,1.6634477355
2.71953563868,2.32484185233,1.33934070049
2.67263872211,2.30899736868,1.36039145571
2.65906084293,2.30512964526,1.09111266046
2.66162938177,2.3243550477,0.772313204487
2.70306640074,2.32850413858,1.49848172044
2.68834960506,2.30658433462,1.80873315107
2.65906084293,2.29675275404,1.05914144444
2.64753044776,2.29624437803,1.07128352497
2.68851417394,2.28520340376,1.151226918
2.68851417394,2.24742458702,0.994244769932
2.62890362592,2.27850160512,1.13799214407
2.68508915363,2.27043673289,1.09720490746
2.68508915363,2.27212280346,0.708806691971
2.61518876263,2.24694804974,1.03588196566
2.67076357323,2.28390580568,1.65905559901
2.65123645469,2.24641937659,1.14134807089
2.69929686789,2.30178558897,1.24935391725
2.69929686789,2.25298137362,1.28085988326
2.69929686789,2.27482127703,0.803650958529
2.70589618654,2.27270646498,1.02772155246
2.70589618654,2.25979695339,0.971239820008
2.70589618654,2.31126867705,0.840258873757
2.70589618654,2.28002698141,0.851573789926
2.69462848675,2.28698241248,0.905011339703
2.68313414055,2.29433922867,0.822545349975
2.68313414055,2.29017374012,1.32494530527
2.68313414055,2.31695297047,1.47236241617
2.70286382992,2.28765871543,1.29370757475
2.70286382992,2.27776530866,1.59111350534
2.70286382992,2.27594512138,1.54356549269
2.68645471652,2.28841100075,1.38106872651
2.68645471652,2.2749157158,1.59147912369
2.68645471652,2.2718165405,1.65100453541
2.68645471652,2.27961374533,1.08760131055
2.68645471652,2.249560197,0.791270890048
2.68645471652,2.25956239933,1.48379021027
2.65986301313,2.25858479978,1.49143357234
2.65986301313,2.2617299815,1.09837121943
2.6895929659,2.24794977637,1.09462832994
2.65986301313,2.23371871688,1.40125171798
2.69995273151,2.28765578877,1.22753501038
2.69995273151,2.31977328023,1.42083190157
2.7109331558,2.3269365573,1.65265885118
2.69995273151,2.29549942859,1.38168865215
2.69995273151,2.27022503972,1.38168865215
2.69046918702,2.3281981458,0.956994502941
2.71684489778,2.34904804095,0.984813451211
2.69483105757,2.30860527555,0.535577965678
2.70068217044,2.35029820578,1.59329321184
2.69136948372,2.34616093216,1.48257125727
2.70088474126,2.36863719064,1.5941064654
2.70088474126,2.35027278831,1.6416239579
2.70088474126,2.35082347448,1.6363666601
2.70962771745,2.32424520004,1.71226358593
2.70088474126,2.31321305404,1.73273007815
2.70088474126,2.32927384204,1.06351066831
2.72811404598,2.35036923783,1.64768185404
2.71056601609,2.32477087702,1.6200720222
2.72206036229,2.32018940554,0.906585594376
2.69106297313,2.34871005623,1.39257228737
2.71028358107,2.32307370233,0.858950486402
2.71028358107,2.31680256663,0.690274866263
2.71028358107,2.34112962774,1.03808159777
2.71028358107,2.36281736521,0.838194769686
2.71684489778,2.36383555026,1.05311815417
2.71684489778,2.32073881494,1.35629261794
2.72034978228,2.3153881307,1.30691570544
2.71684489778,2.31670807128,1.42242417421
2.71684489778,2.29405194965,1.39255124113
2.71684489778,2.30244772742,1.10154661418
2.71684489778,2.29281691732,0.999332169702
2.71684489778,2.30935502199,1.11566962376
2.71684489778,2.31701245593,0.734335710137
2.71684489778,2.31156698023,0.953354187928
2.71364652386,2.31403712419,1.62288868057
2.71466468671,2.27601023332,0.889618994526
2.71684489778,2.24703909751,0.986733996247
2.71684489778,2.23628989637,1.40183933465
2.71684489778,2.28629367918,1.19650413639
2.72454708396,2.24166934946,0.485170723968
2.71684489778,2.23458721113,0.833770525225
2.71684489778,2.21122898656,0.954492793927
2.71684489778,2.26285117735,0.932321834402
2.7076486288,2.28127397951,0.900489393916
2.7076486288,2.28004885672,1.56982910407
2.7076486288,2.32023776287,1.71756325055
2.71873928175,2.33721958359,1.62284747778
2.71873928175,2.33046746943,1.01254752926
2.7076486288,2.32940671895,1.20896361442
2.7076486288,2.26981725926,1.18101417911
2.7076486288,2.26997823419,1.63503101087
2.7076486288,2.26610798343,1.48295642132
2.7076486288,2.19651805276,0.827945272304
2.67204493601,2.22370374177,1.62987888228
2.67204493601,2.20395190739,1.59829301518
2.67204493601,2.21754586318,1.58561376996
2.64526892408,2.18910185237,1.32644855324
2.66295744728,2.19841502597,1.32850051459
2.66295744728,2.19362084221,1.14901608665
2.66295744728,2.20620431079,1.48891976017
training time: 1844.76215911
