best,average,worse
1.10271255637,0.637727674571,0.43991024292
1.17500857672,0.620810933402,0.393712942348
1.17500857672,0.632008743611,0.396730604492
1.17500857672,0.681563996463,0.405659350081
1.29395872033,0.713398865936,0.36242510602
1.48378653126,0.752418197944,0.299882275937
1.35200808497,0.792184750485,0.407961422664
1.35200808497,0.818955939875,0.384861425583
1.46680041955,0.891003205621,0.49108205185
1.46680041955,0.882705287626,0.401976255745
1.48703373273,0.937287611012,0.416431499109
1.48703373273,0.934889850982,0.514835279165
1.48703373273,0.967988044746,0.40744686187
1.46165987206,0.997518206876,0.534621932396
1.52394661653,1.06816340687,0.583832093518
1.52394661653,1.0696848127,0.441630260721
1.56607664072,1.08293030835,0.558124568194
1.67070015043,1.10227209431,0.455958772983
1.67070015043,1.14720358148,0.620320347748
1.67070015043,1.17949195043,0.641025246232
1.67070015043,1.27844549999,0.728085802212
1.68406949628,1.29287933488,0.709972203237
1.64189428145,1.31092678226,0.770533181499
1.64437938917,1.30369742857,0.693890105973
1.64437938917,1.31966142667,0.664810650517
1.64437938917,1.30878094521,0.665807190681
1.66505784573,1.35190635636,0.77066266555
1.65426908714,1.3147182897,0.745855426784
1.65426908714,1.33004199891,0.618325233072
1.62975842744,1.35204231068,0.870733597778
1.64364774651,1.34987602386,0.743308638446
1.64364774651,1.32740948775,0.7434514445
1.65166026523,1.34289124858,0.623442169371
1.65166026523,1.3670113217,0.601064203499
1.72426820887,1.38701727916,0.75085112896
1.72426820887,1.37780472432,0.802131159309
1.7339416268,1.36904689377,0.867583970144
1.7339416268,1.39107078628,0.902319046809
1.7339416268,1.39814833826,1.01952707408
1.69570787832,1.39196765309,0.866359112427
1.71140801013,1.41190989203,0.781944786422
1.68181233355,1.43590231128,0.94367857771
1.69718867588,1.42290786676,0.96701881369
1.70390294738,1.42984469691,0.893603147685
1.70390294738,1.43384436314,0.75954593913
1.70390294738,1.42811616005,0.872164341664
1.70390294738,1.43339901683,0.931291012754
1.70390294738,1.43200379401,1.01742680782
1.70390294738,1.40280660963,0.852178601968
1.72043326826,1.40872272872,1.05010376033
1.72043326826,1.40001281648,0.86052174835
1.68855198975,1.39523548253,0.86052174835
1.75164652861,1.4055171278,0.877003797426
1.75164652861,1.40955477972,0.88567463753
1.7543711358,1.41684594979,0.819669973441
1.7543711358,1.41448008799,0.938247769284
1.7543711358,1.41301705841,0.864932957743
1.80369588148,1.41170848519,1.0858199006
1.80369588148,1.41298154168,0.845924762351
1.76085069428,1.4352701729,0.640958468237
1.79958753199,1.41819690977,0.639578387453
1.83586561423,1.50341820056,0.639241663415
1.83586561423,1.49755071457,0.839677954068
1.85549676807,1.52598351842,0.758740703317
1.81082815548,1.54853915133,0.877124019907
1.81082815548,1.52090560583,0.724425950636
1.852789314,1.54644272638,0.757917952612
1.852789314,1.58486768836,0.72636099567
1.852789314,1.57437374993,0.705207686399
1.84624810281,1.57630251064,0.730949579221
1.86924042697,1.58882610066,0.693091222015
1.86924042697,1.59200395226,0.713774771384
1.80216727526,1.58578455269,0.730246937676
1.81398169942,1.61312962694,1.14643403621
1.8330328494,1.62753282741,1.37590268618
1.8330328494,1.6178120176,1.31530975763
1.8970873674,1.59944573684,1.26026654501
1.8970873674,1.6002061154,1.26420506804
1.90600061965,1.6076455459,1.2011653901
1.8970873674,1.58464846387,1.10597827547
1.8970873674,1.58979642027,0.866842225388
1.8970873674,1.61161638724,0.927899996349
1.91674721015,1.6132560592,1.05195696163
1.94655160656,1.63280735387,0.76139366942
1.94655160656,1.61797930725,1.19082765755
1.8970873674,1.62583895038,0.830627161908
1.90437670983,1.63268963853,0.824901181135
1.90437670983,1.63620957074,1.29886914324
1.89220630525,1.61200284864,1.00741263134
1.89220630525,1.61344686418,1.10545387847
1.89220630525,1.59914606171,0.891471013455
1.98304852178,1.6107289905,1.09783896858
1.98304852178,1.61629399535,1.09695023207
1.98304852178,1.63319459394,1.28836871629
1.98304852178,1.64944426561,0.692742714216
1.98100676609,1.65150679995,0.692690720211
1.98100676609,1.63977707933,0.713157022255
1.98100676609,1.65650933804,0.742305783283
1.94491660082,1.67662399852,1.17620803044
1.98500947912,1.6793059352,1.14096496553
2.00097596458,1.69564884962,1.31699237677
1.94491660082,1.67189483599,1.32142304803
1.94491660082,1.67637215688,1.21238777248
1.94491660082,1.67081173097,1.33268682663
1.95226622464,1.66398656801,0.686906236464
1.95226622464,1.69095002278,1.28163886919
1.95757884539,1.69399727984,1.20211552061
1.95757884539,1.66035910585,0.84339717112
1.92137185,1.66313488603,1.1071675025
1.92137185,1.67071198099,0.790933429854
1.94286302159,1.65870593746,1.12293534095
1.94286302159,1.66063572948,1.16402703167
1.90617639252,1.66895217775,1.36054721324
1.90617639252,1.66827297277,1.28455401049
1.94112796159,1.67725239511,1.16957706599
1.90849502682,1.67402637977,1.21303633433
1.9170697938,1.67260349031,1.27062106827
1.9170697938,1.68053264179,1.23330284904
1.95563524594,1.69893094545,1.29856551217
1.92595784442,1.71244825565,1.27605145191
1.9414066798,1.69177581354,0.784248826548
1.95746440293,1.70129647532,1.13940972731
1.95746440293,1.71798576402,1.12273244926
1.97264648753,1.71065971235,1.31212798173
1.99510118002,1.72577741395,1.0914573708
2.00178779214,1.71660516587,1.09372052081
2.00178779214,1.72684558904,1.24794681917
2.00178779214,1.71654847107,1.14960090893
2.00178779214,1.70250437709,1.22528883685
2.00178779214,1.71516967156,0.859092310489
2.00178779214,1.72202741723,1.348425576
2.02450979155,1.71624808936,0.765982476764
2.02160351538,1.70143955835,0.796661658735
2.02160351538,1.6984168874,0.833290130139
2.02370166429,1.69565063491,1.17263431917
2.02370166429,1.68426474234,1.23486631268
2.02370166429,1.7276872296,1.32515458036
2.02816297211,1.7439016381,1.22989602248
2.02816297211,1.72547388746,1.33472175394
2.02816297211,1.70542889633,1.23313561933
2.02816297211,1.71339082666,1.12398908742
2.03372824813,1.71239999585,0.650058473504
2.03372824813,1.70492262879,0.837384858969
2.01423032169,1.68420726171,0.786145532444
2.01423032169,1.69208365314,0.8012222373
1.97873011453,1.6928721945,0.728514120271
2.01360125092,1.71618427665,0.723172823442
2.01718980671,1.6909353318,0.77186868256
2.01360125092,1.67911684533,0.695492120135
2.05601174375,1.69177132565,0.772668866496
2.05601174375,1.69587217745,1.02696336851
2.05601174375,1.66325672266,0.731183763225
2.05601174375,1.70886706525,1.28104865984
2.05601174375,1.73152612262,1.10871318866
2.05601174375,1.73448878746,0.973976490565
2.05740937348,1.72284167562,1.08453403277
2.05740937348,1.75392088219,1.25597925988
2.05740937348,1.74193035277,1.11709651435
2.06430732836,1.73672195645,0.670574601031
2.06430732836,1.7453284458,0.994760042606
2.06173863856,1.76238031192,1.19666812221
2.06173863856,1.76541870681,1.12943558797
2.04450309688,1.75092355418,0.745900470269
2.04450309688,1.77251869211,1.32833559034
2.04450309688,1.77666388367,1.26625691231
2.02590579874,1.75582108813,0.939835435824
2.06305378505,1.73620304023,1.26492655863
2.04831835063,1.73271243948,0.870135578036
2.05267718075,1.73945833951,1.21892429111
2.06861889849,1.7598301843,0.826928743815
2.06861889849,1.71136966712,0.805829627186
2.06861889849,1.70508664138,0.760243954601
2.10947012496,1.73887477869,1.29821684816
2.10947012496,1.76293229217,1.27781239385
2.10947012496,1.7287294147,1.25465315982
2.10947012496,1.75964937372,1.28061433966
2.10947012496,1.78754887635,1.21622969155
2.10947012496,1.78587978669,1.35772502078
2.10947012496,1.80260219422,1.40020550487
2.10947012496,1.80546351589,0.74619911576
2.06296814303,1.82190797983,1.31914479779
2.06296814303,1.7907147656,0.698424710784
2.06597513465,1.82665333346,1.28836224225
2.06823487829,1.80093598838,1.42941722821
2.06597513465,1.75666743596,1.28921548534
2.07384198498,1.79001623687,1.29143162034
2.07384198498,1.77756818418,1.27641024403
2.08325826262,1.78449427582,1.42558747117
2.08325826262,1.75118813171,1.12616821412
2.08325826262,1.74207159546,0.898966953729
2.08325826262,1.75744369322,1.10247936728
2.08325826262,1.74636180266,0.699893620761
2.0741831831,1.75865803246,0.707210861969
2.07775302127,1.73493448738,0.726723565064
2.07775302127,1.76885163282,1.07370017634
2.0822183296,1.70472003957,0.669769561889
2.05627479037,1.75547187711,0.701593099873
2.06284062151,1.74048625646,1.22729784036
2.06284062151,1.73277952143,1.27878896819
2.06284062151,1.75482222172,1.27878896819
2.08034879464,1.75755251141,1.28337959155
2.09408650847,1.76633074319,1.26973663051
2.09408650847,1.79119418913,0.739774410516
2.06964862537,1.7698448991,0.834576357519
2.09370774426,1.78921127078,0.774819127376
2.082814555,1.80487580049,0.781412911858
2.082814555,1.76209068534,0.723413845079
2.07821704252,1.80382752589,0.713586892366
2.07821704252,1.82676233379,1.51211059773
2.07821704252,1.83181919657,1.37957701983
2.07821704252,1.81786377124,1.37957701983
2.07821704252,1.81040320674,1.19525105428
2.06851238014,1.81308667283,1.3475871614
2.1014449335,1.82759620751,1.30265071557
2.1014449335,1.80240795827,1.00215125543
2.05800263207,1.81659386832,1.33948151463
2.05800263207,1.81161142552,1.33948151463
2.05800263207,1.82465670904,1.12234298061
2.0562372355,1.79999017508,0.842892907369
2.08026325358,1.81670005185,1.3368319448
2.06218256583,1.77003279489,0.659520594432
2.07597142289,1.77131887097,0.707079168777
2.07597142289,1.79297781714,1.40428440158
2.1076234158,1.79481076467,1.29712459908
2.1076234158,1.78721167569,1.06989334973
2.1076234158,1.79438943719,0.733405981539
2.1076234158,1.74956773625,0.733405981539
2.1076234158,1.77900346946,1.09767484133
2.1076234158,1.7795431487,1.18313232773
2.10691588734,1.75643370544,0.750122823114
2.10691588734,1.76377076173,0.729382002734
2.05416618225,1.75715356865,0.751789870004
2.06635633385,1.74472655139,0.677229717274
2.06635633385,1.75971485108,0.644597097727
2.08082368958,1.7809993823,0.629043006173
2.08082368958,1.78760045955,0.690697814939
2.10127396941,1.83615428754,1.41509371312
2.11441917805,1.85319150119,1.46798551533
2.11441917805,1.83321652044,1.27962337723
2.11441917805,1.83863409606,0.943984231001
2.11441917805,1.81545430289,1.23288513404
2.11441917805,1.81337243173,1.29263590222
2.11441917805,1.78596711569,0.728849819563
2.10127396941,1.81262439872,1.30259372718
2.10127396941,1.81449420767,1.08343245055
2.10948527886,1.77613293697,0.769253756404
2.10948527886,1.78883462679,0.705147672702
2.10948527886,1.79464064176,0.696225313797
2.10948527886,1.82676437462,0.838278496254
2.07361251166,1.81617235581,1.05270356141
2.10292300215,1.8455644345,1.34137362809
2.11328938658,1.82836189215,0.753806616698
2.11328938658,1.83742788899,1.161179074
2.11328938658,1.86304095013,0.943849072413
2.11328938658,1.85137100569,1.46081027325
2.11328938658,1.8314772409,0.669998292287
2.12764149985,1.81950078787,1.19855621784
2.12764149985,1.80807683133,0.650874122047
2.12532922924,1.8257876793,0.604453891583
2.12532922924,1.82870636442,0.67393455379
2.12532922924,1.83925859099,0.716842672599
2.13228772623,1.82936937673,0.699113764957
2.15530870315,1.86423585656,1.13799646118
2.17211676991,1.85168494844,1.30891399125
2.20099447746,1.86238515006,1.29426029735
2.20099447746,1.83177512461,1.13929117619
2.20099447746,1.81547075619,1.15595110161
2.20099447746,1.83174249131,1.16619306255
2.20099447746,1.81454116453,1.11890517497
2.20099447746,1.83856559505,1.26994610439
2.15934903508,1.84423031365,1.26880295298
2.15934903508,1.84724642242,1.3830354986
2.15934903508,1.85483242122,1.38798095655
2.15934903508,1.85068663155,1.2786961238
2.13991598037,1.83822384597,0.702224845987
2.15256308111,1.90250775575,1.49513667383
2.15256308111,1.84635851016,0.732594496855
2.15256308111,1.83607403517,0.784573353733
2.15256308111,1.80850650071,0.849570261053
2.15406258419,1.80726949992,0.765083678302
2.15256308111,1.874100346,1.33911710907
2.12123237944,1.86641745739,1.10003006304
2.12656519319,1.85647604898,0.825418570318
2.16495953711,1.86796417949,1.07227162532
2.16047916674,1.89082614729,1.5182825178
2.16047916674,1.88868742129,1.60542969223
2.16783272825,1.8807980736,1.16870029158
2.16973633392,1.83181580281,0.636917837261
2.16783272825,1.89831450039,1.17707210178
2.16783272825,1.89962359376,1.27803959449
2.16783272825,1.89168225286,1.43290794236
2.16783272825,1.91286519442,1.42446507707
2.21532831798,1.8954656866,1.10362637335
2.21532831798,1.8925626761,1.24885521536
2.203564023,1.88982952857,1.26442068857
2.25164726415,1.92629400858,1.34221262831
2.25164726415,1.93364189849,1.49940574044
2.25164726415,1.96798340877,1.56106326886
2.25164726415,1.9302966551,1.39899480873
2.25164726415,1.92956967462,0.757244449686
2.25164726415,1.91217036687,1.02415457567
2.25164726415,1.90388887247,1.04399770461
2.21120415131,1.91586142187,1.17573063546
2.21120415131,1.92343111681,0.892390572002
2.21120415131,1.90172521319,1.239057466
2.21120415131,1.8917257565,1.239057466
2.21120415131,1.89769488985,1.43255328629
2.21120415131,1.88245424045,1.31818763263
2.18269296107,1.90786435336,1.27263535791
2.17923983013,1.89591335245,1.34513495184
2.17628477782,1.89748151546,1.36512227741
2.18106111976,1.88040727178,0.813521273996
2.17628477782,1.89232997053,0.723860430533
2.1934190929,1.86106141051,0.672206787265
2.1934190929,1.87701998817,1.07532334777
2.16900406839,1.89101226959,1.42378657433
2.21685764065,1.89011566227,0.761239572811
2.16899730027,1.83950524664,0.752957666468
2.16899730027,1.86316280254,1.35482563254
2.16899730027,1.86173164292,1.23723399133
2.16899730027,1.89345154451,1.43759948959
2.14573867464,1.85792606271,0.730877970591
2.1516949414,1.84411257293,0.737409856256
2.14152684809,1.84895905726,0.720481515404
2.16671180237,1.84802554125,0.717712809771
2.15489227152,1.88138673267,0.731541976628
2.16417988236,1.87135420968,0.64973531649
2.17327717657,1.87003719168,1.26095789864
2.17327717657,1.8407096248,0.85800097624
2.17327717657,1.84154847789,1.17503854934
2.21534524103,1.84530008766,1.19658946791
2.21534524103,1.83769810025,1.23968463677
2.16137039264,1.84256126914,1.25582023209
2.16620485812,1.84913368245,1.29513278605
2.16620485812,1.85695126569,1.22899648626
2.16610280126,1.85380074701,1.27017357427
2.15845066654,1.82723711393,1.22440368342
2.18470968379,1.84222540724,1.44519084951
2.18470968379,1.81129217245,1.13549121332
2.18470968379,1.80408400263,0.77489162888
2.20786508595,1.81023906904,1.03479454743
2.19714859756,1.81994708595,1.20497693723
2.18470968379,1.85404950958,1.09538929363
2.18470968379,1.83312027918,1.22408998613
2.16278128796,1.84001249774,0.778749189639
2.16278128796,1.82009859473,1.21618892917
2.16278128796,1.82460149626,1.08314093035
2.16278128796,1.82980154349,0.771653874701
2.16278128796,1.86106011675,1.05456707882
2.16278128796,1.84126992861,1.07551046052
2.16278128796,1.82571139806,0.66416369415
2.16278128796,1.82356208105,1.30155284296
2.16278128796,1.83554470593,1.26769546424
2.20902913629,1.83060755627,1.23113646349
2.20902913629,1.81847460049,1.15270024281
2.20902913629,1.81039633553,1.01792427611
2.20902913629,1.83596365929,1.14383668965
2.20902913629,1.84700877093,1.08514623633
2.20902913629,1.8641933399,0.940006554467
2.20902913629,1.85162463435,1.17505452686
2.20902913629,1.84534753136,0.991927999979
2.20902913629,1.81878737529,1.10936644889
2.15095095068,1.84354413871,1.15662639803
2.17723784809,1.85298439074,1.27777368231
2.17723784809,1.86133605639,1.33671106578
2.17397875518,1.84764585183,1.25884303998
2.17078948086,1.85113971408,0.748801857839
2.20970904274,1.87366456173,1.41624119856
2.20970904274,1.85983129624,1.28336794328
2.20970904274,1.86642556329,1.23227810498
2.21437085147,1.8652605931,1.43742668644
2.21437085147,1.86234508043,0.897757459824
2.21437085147,1.89684819511,1.21384039005
2.21437085147,1.86352967371,1.21384039005
2.20970904274,1.84043985784,0.977808670036
2.17942157209,1.85039218939,1.21598921624
2.21067005932,1.88991410877,1.20261197222
2.20306003949,1.86518722482,0.738535214257
2.20306003949,1.84252422567,1.32353143332
2.20306003949,1.85052359473,1.15469559308
2.20306003949,1.84761418643,1.31625181132
2.21831390164,1.83041598833,1.28971924988
2.17786799773,1.81080655839,1.12354347351
2.18747490773,1.78083753557,1.27362208882
2.18747490773,1.82790452677,1.31004754436
2.19191192122,1.82081996438,1.17402727708
2.19191192122,1.7839814753,1.15437228255
2.19191192122,1.79813476964,0.75044333877
2.22591498391,1.83762999239,1.2568681423
2.18718878153,1.84279190494,0.987616649619
2.18522677459,1.85919622374,1.09693030033
2.18522677459,1.85286857797,0.896061043892
2.18522677459,1.84856427653,1.13844965573
2.18522677459,1.84101744949,1.26396995023
2.18522677459,1.86394134938,1.42191944586
2.16407628031,1.89043461462,1.37541837747
2.23895234212,1.8870891645,1.23468104131
2.23895234212,1.88449674338,1.11299873084
2.23895234212,1.84648496213,1.06296000544
2.23895234212,1.85107615293,1.33333145258
training time: 1587.27737808
