best,average,worse
1.76696483516,1.39440109091,1.00476324868
1.8429482879,1.39277530135,0.379837729085
1.92712779445,1.39381838306,0.726605355861
1.92712779445,1.43413368468,1.00081712865
1.90626939571,1.43461389647,0.841235331836
1.96612301658,1.47423647492,0.959750120689
2.12282721135,1.45262719948,0.848151814847
2.12282721135,1.46256261976,0.740284442918
2.08128306816,1.46840122902,0.994686452069
2.08128306816,1.45468742666,0.692451687259
2.08128306816,1.51508765593,0.860699069805
2.08128306816,1.48520930901,0.794681985979
2.08128306816,1.48662236911,0.879418593033
2.15486539051,1.504654563,0.869376660993
2.15486539051,1.546079204,0.988161882237
2.15486539051,1.54486858087,0.910904406978
2.15486539051,1.5531981509,1.00476324868
2.15486539051,1.5774632793,0.906299841547
2.18012275113,1.57631571039,0.906299841547
2.18012275113,1.60443832578,1.02179442561
2.2640192762,1.60931590964,1.01805183829
2.18012275113,1.63579348882,1.17802157422
2.17591385187,1.6713967396,1.0658624444
2.20759563327,1.66906879827,1.15868920546
2.28017271002,1.65015434584,1.19611211587
2.28692512872,1.6677820599,1.17845730522
2.36165805334,1.70506012947,1.17231867021
2.30067781415,1.72772564739,0.932429822401
2.32162678878,1.72967705875,1.09907239103
2.33509093009,1.76664817889,1.12568469565
2.33509093009,1.81903783052,1.07892125445
2.33509093009,1.84110414878,1.22604056484
2.33509093009,1.84526013191,0.967557032743
2.33161312579,1.87255267719,1.19436201215
2.33161312579,1.85373263828,1.22524958152
2.33161312579,1.89501700606,1.31079174585
2.47326943415,1.93381430089,1.28444412576
2.32981202783,1.99115282707,1.25188065974
2.32981202783,1.95579919004,1.28146866834
2.40584015344,1.93597476709,1.28146866834
2.40584015344,1.98810118415,1.29102278329
2.43573335544,2.00613882964,1.40024273995
2.35650670006,2.00400002183,1.37820586198
2.41431775438,2.00928640425,1.57405204784
2.35650670006,1.99371031587,1.47277997048
2.35650670006,1.99443443281,1.39507486755
2.35650670006,1.98089955656,0.72969567676
2.3698562239,1.98262312235,1.4632160715
2.3698562239,1.99775747925,1.63997790207
2.37752203634,1.98927052572,1.3819902227
2.38620777549,2.00196326132,1.43049131052
2.37794980516,2.01880359452,1.36321292017
2.39573595027,2.02230722567,1.51211149161
2.45087452786,2.02612681265,1.63057229112
2.45087452786,2.02708958608,1.61963351145
2.41369493509,2.02170424395,1.54400141121
2.42651301089,2.00183994217,1.55142238373
2.42651301089,1.97118450593,1.23570962463
2.42651301089,2.01036584645,1.07549623414
2.40418947565,1.99225609293,1.21687498671
2.40418947565,2.03069532827,1.54822916008
2.40418947565,2.01859951235,1.53739239001
2.40418947565,2.00972874309,1.48891473988
2.40418947565,1.98070613991,1.51944405895
2.40418947565,1.99910919823,1.47739491085
2.40418947565,2.02811487179,1.5517917842
2.40418947565,2.0160968087,1.36226958859
2.40756584025,2.01211452302,1.44809979228
2.40756584025,2.01310889469,1.66084533243
2.44461827334,2.02295956941,1.66429513909
2.44461827334,2.00845039452,1.45227995274
2.44461827334,2.01577465197,1.54170965184
2.44461827334,2.02027653869,1.36746412084
2.44461827334,2.04818683772,1.45790575311
2.44461827334,2.0279287861,1.37994781364
2.44461827334,2.00429030276,1.54992575993
2.45535281615,1.99462501972,1.53462001863
2.45535281615,1.9898963875,1.60833840675
2.45535281615,2.02009524456,1.45648872324
2.45926862663,2.04400553115,1.53683339117
2.46028534106,2.08647955275,1.67964378015
2.46028534106,2.09984697065,1.57355147409
2.46028534106,2.0745749666,1.53243917422
2.46089741842,2.04414049183,1.33585010965
2.54915594281,2.04785784976,1.32294825014
2.52634274103,2.05751053648,1.36667335233
2.53561887421,2.06024806205,1.36667335233
2.52914526682,2.08004297094,1.5981272753
2.52914526682,2.08166499817,1.5077879796
2.52914526682,2.07306277703,1.66309388907
2.52914526682,2.0941589596,1.63666396676
2.50678836248,2.10794960652,1.63666396676
2.54880358514,2.11565868704,1.55518499164
2.54880358514,2.15036045156,1.50824357626
2.54880358514,2.11021808882,1.54245487594
2.54880358514,2.125117676,1.70637744866
2.54880358514,2.09304198741,1.42079190217
2.54561450475,2.08712829339,1.46159482903
2.53907994349,2.09506892511,1.53465173169
2.53907994349,2.09128927246,1.3765559184
2.53907994349,2.11368161546,1.50593267594
2.55895012617,2.10080844169,1.43794338754
2.55895012617,2.10024961229,1.45765343852
2.55895012617,2.1188671437,1.56363203025
2.55895012617,2.13771180535,1.4200143121
2.55901075528,2.1379140914,1.39696452238
2.56315324111,2.10870493202,1.27360189275
2.61962604434,2.14238209454,1.13185533026
2.61962604434,2.09653940298,1.2700076231
2.60303409977,2.12236354706,1.34955824478
2.60303409977,2.11163076101,1.15741897965
2.60303409977,2.14801681693,1.47795012289
2.59650883204,2.14997321826,1.36445997949
2.723468292,2.15920539323,1.4492332878
2.723468292,2.1646673233,1.53446694754
2.723468292,2.14089062016,1.65648850857
2.66352860622,2.15960590742,1.63162382306
2.66352860622,2.16093702204,1.41046092384
2.66352860622,2.16445288522,1.25681438736
2.57011969948,2.16650377531,1.59542093586
2.60886742596,2.15717744381,1.73818031937
2.60886742596,2.13111015979,1.59962838673
2.60886742596,2.13156850892,1.43203053149
2.58843842365,2.12459271275,1.54621478375
2.5595078633,2.10771303178,1.29839604404
2.5595078633,2.09654048433,1.55457024471
2.61504682092,2.12018760775,1.60922495687
2.56469729926,2.10989789183,1.37492996233
2.57807260762,2.11154592166,1.49937289252
2.60739741873,2.12510928505,1.35815535364
2.70555312241,2.11674948568,1.50014913266
2.56469729926,2.14655660522,1.57662140308
2.56469729926,2.1701287477,1.51204876606
2.65331366983,2.13400242538,1.36895850619
2.65331366983,2.13720126119,1.45276817342
2.65331366983,2.1361534374,1.50234895795
2.67856388589,2.11761027788,1.16445054214
2.65331366983,2.13792201692,1.50614187926
2.65331366983,2.12091173936,1.39837184771
2.66202059704,2.14919907266,1.45192603217
2.66202059704,2.12182857848,1.56915400536
2.61123904952,2.14976138426,1.5527338178
2.61123904952,2.16037633883,1.39454219032
2.62229220509,2.16915267734,1.41742062783
2.62229220509,2.09190017112,1.39997479893
2.62229220509,2.13026330146,1.61953123772
2.62229220509,2.13607246366,1.55845500695
2.65233932221,2.12411099792,1.29139362841
2.63615735979,2.13458198748,1.36244063881
2.64032111255,2.14323924895,1.53204014421
2.58571271628,2.19449710326,1.62020620766
2.58571271628,2.21626816338,1.66106669652
2.65517984995,2.2349659932,1.68621346643
2.5912953205,2.21820828211,1.62940954904
2.5912953205,2.23678959102,1.72612534854
2.5912953205,2.23665452461,1.56657666667
2.65883419653,2.26253333561,1.83567531895
2.65906084293,2.22300881494,1.70279269996
2.66656045828,2.26024532237,1.66695403816
2.67708045686,2.2713405973,1.58662891796
2.66656045828,2.24031161237,1.65708140462
2.69809100443,2.23732094104,1.6574879409
2.72935740681,2.25189824078,1.76057786756
2.71857471287,2.24229018832,1.67552993451
2.69621636012,2.26645557902,1.5407674929
2.69621636012,2.24606007602,1.5407674929
2.69621636012,2.25157798382,1.89645175585
2.69621636012,2.23878281474,1.85018940514
2.69621636012,2.21371370919,1.62052292133
2.69621636012,2.23742818026,1.78703224902
2.69819544877,2.27381690594,1.73897024875
2.69819544877,2.29666067853,1.76091043378
2.6961542826,2.28411038368,1.58217848333
2.68410848817,2.26868650751,1.52396483524
2.6966075754,2.25916627435,1.3845093582
2.6966075754,2.19381981162,1.31238934691
2.7103393697,2.22037639329,1.31262935719
2.70628885023,2.19774526105,1.33320770999
2.70628885023,2.22917174583,1.33982389833
2.75083953843,2.23500750734,1.37005633028
2.75083953843,2.25546448488,1.35117723289
2.75083953843,2.26137454566,1.48638111017
2.75083953843,2.25203403251,1.70173242901
2.75083953843,2.25734013787,1.81289120214
2.72385030192,2.2555346729,1.46835716033
2.72385030192,2.20892090987,1.54649445073
2.72385030192,2.23984780529,1.87850997978
2.72385030192,2.23587416734,1.6291331415
2.72385030192,2.24730332723,1.3020740767
2.72381280454,2.26182185931,1.50667322685
2.73688109774,2.26822236343,1.50667322685
2.76335059907,2.30976353999,1.44379096713
2.7472119473,2.27956675656,1.47051863547
2.73688109774,2.29112931764,1.55377828162
2.73688109774,2.28973771787,1.41390339138
2.73688109774,2.35707578574,1.4860442889
2.7692257875,2.36666351432,1.88731611598
2.7692257875,2.36127208212,1.80251648558
2.73614536992,2.34606913797,1.72133809211
2.83656259727,2.34784774911,1.76000194325
2.75958251462,2.32272588399,1.67341614588
2.75958251462,2.32303239575,1.73893560016
2.75958251462,2.28667629727,1.653999256
2.72340766289,2.27709293858,1.48747084006
2.72340766289,2.27048895335,1.57667621892
2.71614666734,2.25555853698,1.55162860264
2.71614666734,2.28158001271,1.57630279032
2.76349109238,2.33067099825,1.8332578595
2.76349109238,2.32498573685,1.82651705192
2.75228547009,2.35799600923,1.40512373288
2.79606871743,2.32952808543,1.40512373288
2.79606871743,2.34037861234,1.64076464071
2.79606871743,2.38343355891,1.80802930183
2.79606871743,2.36641798708,1.8259926568
2.79471462336,2.36494750067,1.86918211803
2.79471462336,2.29397728969,1.39961114135
2.79471462336,2.31787315188,1.36530213767
2.79182326462,2.32224857576,1.34166340037
2.79182326462,2.3787804005,1.41650458711
2.79182326462,2.39986846404,1.44976834044
2.79182326462,2.37842925188,1.89442929862
2.79182326462,2.37421130173,1.06336859823
2.79182326462,2.3456956824,1.46149018848
2.81246522408,2.37688462998,1.55481809596
2.81246522408,2.39540138566,1.50693268619
2.81246522408,2.40931782955,1.95697540331
2.81246522408,2.40083033088,1.85677333925
2.76119301516,2.37540247787,1.91178071706
2.77894361587,2.39641458544,1.93653250546
2.77894361587,2.40279996222,1.90317655894
2.78259528258,2.42678286414,1.89885769973
2.79991666607,2.41085886484,1.81163996535
2.82162544409,2.38944306506,1.79131424996
2.82162544409,2.43607568344,1.74945642069
2.82162544409,2.39275508448,1.60226194437
2.82162544409,2.37335262554,1.6562099957
2.82162544409,2.38597257083,1.72386187189
2.82300929823,2.35510485836,1.87623328107
2.82300929823,2.37027124742,1.74430270893
2.82300929823,2.32151802967,1.51345330369
2.82300929823,2.35935311796,1.72550914291
2.82300929823,2.36782914145,1.68021486122
2.83087750169,2.34600056226,1.79857538418
2.83087750169,2.35114394177,1.68372745554
2.79111161237,2.35718169241,1.8122883357
2.79111161237,2.3726253117,1.82277449145
2.77127943164,2.3467762777,1.7698845203
2.79351991824,2.34792837328,1.60840452438
2.77127943164,2.35552143258,1.52009250522
2.80486748224,2.35857210568,1.10077807689
2.80486748224,2.39909611657,1.56194829386
2.80486748224,2.43135856411,1.86857274763
2.80486748224,2.41991568076,1.75996467746
2.80486748224,2.39975469179,1.62705135084
2.80486748224,2.44627341273,1.87256182293
2.8422856948,2.46138564304,1.56624635086
2.8422856948,2.44662424041,1.44438696293
2.8422856948,2.39464052706,1.46615269842
2.8422856948,2.40358233186,1.46615269842
2.80707321729,2.38639874469,1.48409930355
2.80707321729,2.33995226278,1.52744671086
2.83481015502,2.38726044532,1.46050735367
2.85904365665,2.41031011099,1.65437317345
2.85904365665,2.42725424741,1.57096852513
2.84876859572,2.4018803702,1.62326007733
2.84876859572,2.40160606757,1.58991748507
2.83544194307,2.38313135261,1.66692282968
2.78593559821,2.40764381509,1.72100322181
2.78593559821,2.38884966894,1.60312406588
2.83733487863,2.39602223971,1.24065354094
2.83733487863,2.3857463968,1.81473840589
2.83733487863,2.40430020561,1.72612231306
2.83733487863,2.38143865387,1.71638671065
2.81992734205,2.41199000486,1.80194048615
2.88802395521,2.41654103239,1.80207466161
2.88802395521,2.41683503993,1.79030493587
2.88802395521,2.40133627649,1.81467464668
2.88802395521,2.3611251898,1.500748837
2.83710823224,2.38100835153,1.5900166471
2.83710823224,2.36735189458,1.56249102212
2.83710823224,2.31881742967,1.2889037223
2.83710823224,2.31881109754,1.3156822181
2.83710823224,2.32500643415,1.25977032369
2.81636182843,2.3880050709,1.73118349655
2.86617468389,2.40047842629,1.55975198111
2.86617468389,2.4077260627,1.53185793693
2.86617468389,2.40964658847,1.55094265358
2.86617468389,2.39094211314,1.39276075201
2.84061940563,2.39877573411,1.38150284003
2.84061940563,2.41918186193,1.41106384762
2.84061940563,2.39750326675,1.41106384762
2.87528624819,2.40974504458,1.35091732278
2.87528624819,2.37235284721,1.36367284131
2.86291568086,2.40913414255,1.5216438878
2.87673217985,2.41402205727,1.55200556587
2.87673217985,2.45975884621,1.45542740747
2.86291568086,2.47894423273,1.37270758373
2.86291568086,2.45413555343,1.38506305426
2.86291568086,2.47496677273,1.53139965538
2.86291568086,2.4601255916,1.43954685915
2.86770047975,2.45188225831,1.38469675691
2.86866285396,2.42824669191,1.38469675691
2.86866285396,2.42294020855,1.3724180826
2.87928097903,2.45039670368,1.31156955755
2.87928097903,2.47045161256,1.51548691237
2.87928097903,2.45309287857,1.73198575494
2.87928097903,2.48844175656,1.92724261482
2.87928097903,2.5166115651,1.31073543183
2.89943359673,2.57160813973,1.7012415614
2.89943359673,2.54636665006,1.53397790158
2.89943359673,2.5376890827,1.87126409103
2.89858145117,2.52615718155,1.93904462234
2.89858145117,2.5439260486,1.82284137861
2.94496928631,2.53576476075,1.83109698213
2.96359610816,2.53500811819,1.78389829684
2.94496928631,2.4987792079,1.58201536285
2.94496928631,2.53518037579,1.83907555291
2.94496928631,2.4963619631,1.86057963515
2.94496928631,2.49668568012,1.75159376293
2.94496928631,2.49620412009,1.82402124436
2.94496928631,2.48930506929,1.77323326928
2.94496928631,2.47633473306,1.5368452259
2.94853624834,2.48007683121,1.68211424429
2.95660557423,2.50238355528,1.52634893699
2.95660557423,2.51460509585,1.52634893699
2.95660557423,2.49351223597,1.6077838657
2.95660557423,2.48134145089,1.19525804467
2.95660557423,2.47187771872,1.07856268301
2.9676707032,2.48834592373,1.30935653275
2.97664032578,2.49467357335,1.42624504265
2.97664032578,2.52052146354,1.40815703335
2.99331213454,2.54482855852,1.42270979368
2.97664032578,2.54233655869,2.0017931929
2.97664032578,2.53332551337,1.87116123377
2.97664032578,2.53139657374,1.48766709491
2.93486024267,2.52994826467,2.02205130848
2.93664923846,2.55422321996,2.05580443252
2.93664923846,2.53519784653,2.13478963238
2.93664923846,2.53782714494,1.88198862954
2.93664923846,2.50503968455,2.02753275073
2.87477716676,2.48386896507,1.69984365211
2.93257464342,2.50309648586,1.9067770825
2.88977639747,2.49853306882,1.54835266839
2.9263183889,2.47500441017,1.54835266839
2.9263183889,2.48246849312,1.77454590178
2.92456739506,2.47921503701,2.0145692736
2.92456739506,2.44205991472,1.50153398856
2.86201538417,2.47944192427,1.86900146029
2.86507181637,2.45695264751,1.74362634436
2.96424568289,2.46090951861,1.62737715919
2.96424568289,2.48263334049,1.46398765208
2.96424568289,2.50157305408,1.85040302548
2.96424568289,2.50081352302,1.70938031536
2.96424568289,2.51736589377,1.86840036402
2.96424568289,2.49521363279,1.66266985651
2.96424568289,2.5181807162,2.03579375654
2.91185231519,2.53165469914,1.91350899557
2.89713551951,2.52629179546,1.56796886987
2.895499495,2.49687494787,1.6410333052
2.96155639039,2.50265997389,1.59320124548
2.97211243794,2.52604103267,1.52716831594
2.97355981801,2.48734336133,1.52716831594
2.97355981801,2.475859106,1.64967234162
2.97355981801,2.49886939798,1.90406366066
2.97355981801,2.49826809638,1.75294219199
2.97355981801,2.51662104394,1.69445877951
2.96659191124,2.51108079951,1.69482144878
2.89690887311,2.51965784101,1.81177299623
2.95530013588,2.51705611087,2.02115429415
2.9714022341,2.47689777827,1.52533127871
2.9714022341,2.47544907525,1.38959108652
2.9714022341,2.46294009834,1.30260461861
2.9714022341,2.51313503316,1.51374605751
3.05665421347,2.49550849173,1.11003680719
3.05665421347,2.51530313088,1.35087776469
3.05665421347,2.55957888489,1.48778564781
3.05665421347,2.55113743075,1.71279423196
3.05665421347,2.51817026236,1.22505794508
3.05665421347,2.54401979064,1.26998765588
3.05665421347,2.51324916434,1.16045831897
3.05665421347,2.6206353829,1.5315213059
3.05665421347,2.61348307027,1.63821722884
3.05665421347,2.61461119061,1.67339439501
3.0873085385,2.6551390342,1.83219896306
3.081334719,2.59500339783,1.89943413713
3.081334719,2.59124482612,1.6472243488
3.081334719,2.60428669704,1.96405170764
3.01776599368,2.60210480833,1.67298377505
3.02054143926,2.62713981146,1.91866563597
3.04275785029,2.6329781229,2.04490200762
3.04275785029,2.60283672992,1.89711112868
3.04275785029,2.63495763093,2.0833239903
3.01173638555,2.61901998651,1.70390978296
3.04448621697,2.64806523647,1.8459789085
3.05003081924,2.58786939594,1.40060387272
3.07471132478,2.60146490911,1.25881396429
3.05003081924,2.58653624811,1.40548830985
3.05003081924,2.60492753195,1.20438319752
3.05003081924,2.64657689409,1.38373068012
3.05003081924,2.60688745946,1.1272514827
training time: 2157.12144804
