best,average,worse
0.837985072412,0.581053200753,0.339654612961
0.850307012466,0.588392169409,0.24260110731
0.921443117405,0.608357122561,0.210467438257
0.949478303316,0.63917846115,0.401733066006
0.939936724156,0.642279395204,0.355359299993
0.936253124527,0.655813771847,0.377356080303
0.963590984437,0.645244085689,0.410286581621
0.963590984437,0.655010123689,0.301262975861
1.32371670177,0.661542658449,0.22975777661
1.32371670177,0.699339404869,0.396676602717
1.32371670177,0.712884678159,0.422343488628
1.32371670177,0.742522446198,0.429514803224
1.32371670177,0.745200785143,0.394532580832
1.32371670177,0.76037912074,0.504039188038
1.32660966205,0.769028753454,0.448649512246
1.32660966205,0.789004866581,0.44381355272
1.32536998646,0.802288705601,0.436966077841
1.32771290981,0.827007262088,0.444618385313
1.3353663884,0.851272448252,0.466553437687
1.35632349728,0.866285624769,0.505045535279
1.3353663884,0.869937556481,0.538524103022
1.3353663884,0.882824907831,0.565504857791
1.3353663884,0.887272040879,0.478096403762
1.33874324054,0.920218359445,0.495130939543
1.34611693664,0.929093202957,0.652040761775
1.35867026606,0.946784954774,0.625036313429
1.36585997536,0.970576425139,0.755609439414
1.36955819205,0.964431996337,0.742301762361
1.35867026606,0.957404263995,0.723687587152
1.35265474859,0.947866462377,0.711611563049
1.34999664159,0.941256955113,0.673890295586
1.34999664159,0.936771182106,0.661522786201
1.34126193348,0.929296888482,0.681000463774
1.35820145643,0.955525290585,0.730598439338
1.35820145643,0.938576849201,0.674900894684
1.36461136661,0.930795039051,0.752837502951
1.36461136661,0.952303095696,0.752837502951
1.33889578956,0.942903298105,0.746672615193
1.33889578956,0.9171161704,0.718053663697
1.34165535756,0.942678725561,0.728484798349
1.3661283145,0.928056767051,0.623837470521
1.3661283145,0.921051069205,0.570149439198
1.3661283145,0.915499830435,0.598736477026
1.38346178282,0.908979319917,0.573308760496
1.38346178282,0.936149842226,0.652520797137
1.38346178282,0.906740866903,0.573849907388
1.38346178282,0.912788837941,0.491828654585
1.38346178282,0.954431161221,0.573648720945
1.38330414274,0.969923347288,0.759859093021
1.38252241435,0.954494707038,0.749281815893
1.38252241435,0.969162675638,0.726841400741
1.38252241435,0.935792577928,0.70722536485
1.36020917453,0.917023233536,0.625404541144
1.39051154427,0.960029244172,0.664080004983
1.39051154427,0.945874909217,0.660552810971
1.38202903796,0.95170836963,0.581915606144
1.38202903796,0.931809299821,0.582093091558
1.53078122763,0.930467902809,0.611192686646
1.53078122763,0.933844888663,0.617825837766
1.53078122763,0.948946275214,0.656972960332
1.53078122763,0.956473657936,0.695256831118
1.39596488149,0.941160627391,0.688084112646
1.38490224134,0.937411852322,0.663474597496
1.38490224134,0.937009719791,0.592855652557
1.37935537509,0.951088725128,0.592855652557
1.37935537509,0.950575882476,0.579169345429
1.52975753779,0.961524504109,0.580392972649
1.39076730456,0.999262963266,0.704323744351
1.39076730456,0.991182647825,0.634837891321
1.39076730456,1.00171564872,0.691457847012
1.39520540928,0.984661993724,0.741954854219
1.41352259081,1.0027823392,0.598359892826
1.41352259081,0.978423966099,0.551233173492
1.4147993581,0.973942722439,0.722570207299
1.4206003421,0.97858095283,0.671420476829
1.4206003421,1.01329784193,0.704231324203
1.60121019225,1.0056920832,0.549522782487
1.60121019225,1.01014545446,0.69756523663
1.60121019225,1.00078106031,0.683316770353
1.60121019225,1.01564125306,0.660042190659
1.60121019225,1.04601605138,0.570497342625
1.60121019225,1.05377733638,0.673581285465
1.60121019225,1.04122499435,0.547367737409
1.60121019225,1.08422401767,0.547367737409
1.60121019225,1.04908967029,0.64617571279
1.60121019225,1.07314640387,0.73535060505
1.60121019225,1.07040400969,0.548345703265
1.58813644268,1.05983295583,0.535212737808
1.59558677125,1.0657112292,0.779235993651
1.58657791535,1.05034738219,0.70093977004
1.58657791535,1.0658307135,0.701879473364
1.59211635101,1.05187580252,0.732431790764
1.60852119648,1.06466482883,0.814499456762
1.60852119648,1.07641505323,0.721400419849
1.60852119648,1.07689110335,0.66830355196
1.59951443833,1.05292188929,0.710827321283
1.57042050507,1.04654388175,0.588370849397
1.57042050507,1.03155010089,0.6556474633
1.62150311812,1.0949341868,0.584692774566
1.62120823996,1.08386652456,0.756260783612
1.62120823996,1.12161287394,0.666088025317
1.62120823996,1.10406571119,0.574259688021
1.62284587671,1.16785029121,0.570814841533
1.62284587671,1.13921410705,0.570814841533
1.63711440635,1.15573031977,0.558387272368
1.63805671578,1.16368286378,0.482954446124
1.63805671578,1.17148353032,0.512212684209
1.63805671578,1.19846653456,0.703249282002
1.63805671578,1.16421156591,0.761199441414
1.622674194,1.19386087583,0.781040027164
1.622674194,1.17760351059,0.688209047301
1.62406896453,1.20205193979,0.83900318667
1.59757960289,1.17865375396,0.664928512157
1.59614535862,1.17921858486,0.661151066796
1.63160856197,1.18728995195,0.709408034078
1.63688540521,1.17651018674,0.744031318861
1.64261526366,1.16096087259,0.778818579528
1.65992932526,1.21541397675,0.774212633207
1.65992932526,1.2005173579,0.680837601917
1.65992932526,1.18028237335,0.823648050194
1.65992932526,1.20166610805,0.75150432142
1.65354970393,1.20457232629,0.754415097564
1.65354970393,1.22480895813,0.691939956025
1.65721712772,1.2257352052,0.649863195172
1.66374306986,1.18926365937,0.752487682447
1.6683278426,1.24989875778,0.789156043575
1.65629671253,1.23359608493,0.707186803058
1.67944739601,1.26761946171,0.818702591998
1.65629671253,1.20508830003,0.744415202745
1.65824368373,1.20200531743,0.682492727676
1.65824368373,1.27664442357,0.720093368098
1.66955931118,1.28083733287,0.756434037303
1.67354299523,1.28154975342,0.741294197731
1.67354299523,1.2958470069,0.713295894246
1.66955931118,1.29258214448,0.736551233746
1.78990133633,1.29729424782,0.730266764604
1.78990133633,1.32063842635,0.732485447878
1.78990133633,1.31327838223,0.839065796974
1.78990133633,1.30374807034,0.821326027972
1.78990133633,1.33904217164,0.868566457025
1.78990133633,1.32225342758,0.864161324395
1.78990133633,1.29763396445,0.766335972036
1.81272741123,1.30808341265,0.765141272117
1.69784772374,1.27799854091,0.780402785591
1.69784772374,1.29597301774,0.819933193257
1.69784772374,1.32150921739,0.826260338462
1.7649887135,1.29861276729,0.739761024002
1.7649887135,1.31314017654,0.747170102755
1.77103246753,1.3133299219,0.837394476463
1.79717448101,1.33410074566,0.799897737706
1.79717448101,1.32628681722,0.745362501315
1.79717448101,1.35731573058,0.816937258965
1.81828262616,1.38812417932,0.932138869987
1.81828262616,1.34527116649,0.87510951704
1.81828262616,1.36620673459,0.848998857028
1.81828262616,1.32400635783,0.892929236032
1.80843838875,1.38084371923,0.869860370161
1.80843838875,1.35082546879,0.787278118955
1.80843838875,1.35117815138,0.899868974276
1.82680709967,1.41664476059,0.832023811637
1.82680709967,1.41890166988,0.788612949098
1.82762240392,1.43723154232,0.818963066764
1.82762240392,1.40469305721,0.713309126815
1.82762240392,1.41712106857,0.777389372409
1.82762240392,1.44148090253,0.744300332535
1.82680709967,1.40493625331,0.792731840477
1.82680709967,1.39739527368,0.792652581326
1.82680709967,1.40005575289,0.718463893958
1.82680709967,1.39093009004,0.865453410911
1.82680709967,1.38733854541,0.86444904472
1.82680709967,1.37619625708,0.737154783316
1.82680709967,1.3215772607,0.656778209448
1.82680709967,1.34530936587,0.733988845926
1.79618196736,1.35761387678,0.725565082251
1.79618196736,1.39348476993,0.871535155185
1.79618196736,1.34125866672,0.840225265668
1.79398985471,1.33262595954,0.597763223753
1.79398985471,1.36307130624,0.89529053347
1.79398985471,1.35926547651,0.857630813029
1.79398985471,1.34863115792,0.781151774311
1.77418250887,1.33158247368,0.843553902724
1.80668070677,1.32415619043,0.69403646839
1.82255957983,1.33393235149,0.667697638288
1.81826146237,1.30889509753,0.773612590226
1.81826146237,1.36802686607,0.754082973067
1.80668070677,1.33734843132,0.830406865444
1.80668070677,1.34262649021,0.886690409531
1.80668070677,1.38101167522,0.861751553406
1.72439643683,1.40129892182,0.839274814658
1.80470983804,1.43531931471,0.912743641386
1.83967485538,1.40227759765,0.904287385377
1.72439643683,1.38602466884,0.838490339841
1.78298934633,1.37240625878,0.88455040094
1.79650888439,1.35234680961,0.561044020097
1.7962388976,1.3881196148,0.741701200148
1.71739885295,1.37361341845,0.564089149711
1.71739885295,1.34849479188,0.457386408065
1.73592711684,1.36288701079,0.748129422134
1.79833399431,1.33731424878,0.754814298589
1.79833399431,1.37049259399,0.707550496654
1.73592711684,1.39132745349,0.597530114522
1.78216948189,1.39970535827,0.859804294591
1.75816248887,1.42226282059,0.908998477688
1.8279568233,1.40628942137,0.850391916837
1.8279568233,1.39411576628,0.740432612903
1.79773694516,1.33209905434,0.727400123904
1.79773694516,1.30912875705,0.794494575006
1.79773694516,1.34895359415,0.746828949982
1.70237062358,1.36871613795,0.523995172569
1.78600735023,1.36482767423,0.892448582129
1.81455939377,1.38830504151,0.875620092425
1.81455939377,1.37646262183,0.897918448809
1.81455939377,1.35444421588,0.862275449525
1.81455939377,1.35484813738,0.848955811843
1.81455939377,1.34824053443,0.574567396451
1.81455939377,1.33613795381,0.849086554431
1.81455939377,1.35253411375,0.857875950181
1.81455939377,1.34490199438,0.826516209799
1.81455939377,1.34528533404,0.881851699705
1.81455939377,1.39322070475,0.919904231327
1.81455939377,1.35234603595,0.748915869759
1.81455939377,1.35820241468,0.839447612912
1.79575476735,1.3577191246,0.887782218139
1.79527891007,1.35711652551,0.793242681376
1.79527891007,1.39649077486,0.776756729324
1.79527891007,1.37601738901,0.62750355462
1.79882335824,1.32256459737,0.630846988018
1.79882335824,1.37259844869,0.72638739687
1.79882335824,1.35547598498,0.750255618111
1.79882335824,1.36864964575,0.793172325899
1.79527891007,1.36486311899,0.776240274427
1.79527891007,1.32388872507,0.772994033493
1.79527891007,1.33846708072,0.713719836403
1.79527891007,1.34598660258,0.625958275273
1.79786027539,1.38256469055,0.652343512997
1.79925090927,1.36257426898,0.855763296914
1.79925090927,1.35758983335,0.814363223871
1.81473701941,1.39218088524,0.815708806429
1.81473701941,1.3592542195,0.654040256883
1.79700866369,1.3949272159,0.860855350529
1.79700866369,1.36095967406,0.834255064784
1.79700866369,1.40533687634,0.80224679623
1.79700866369,1.39665739365,0.680685804515
1.79974969155,1.37258934781,0.579832565394
1.79974969155,1.36259477879,0.540075616607
1.79974969155,1.40068444529,0.741070719733
1.84407734122,1.3744854398,0.765965597788
1.84407734122,1.37590230277,0.747881901605
1.84407734122,1.36235589695,0.74194171422
1.8404685946,1.46613953285,0.886521694433
1.8404685946,1.40858858887,0.952994176623
1.8404685946,1.40654277565,0.832357154345
1.8404685946,1.42280340291,0.942558832458
1.84262253549,1.48779816899,0.940251583638
1.84262253549,1.45322102461,0.838241032214
1.84262253549,1.41295732766,0.841923259003
1.84262253549,1.46790585927,0.846063327395
1.84262253549,1.44960806422,0.893917647615
1.84262253549,1.44184627084,0.770005901201
1.84262253549,1.46000965632,0.838654770807
1.9292941078,1.46045717846,0.879602162501
1.9292941078,1.442922606,0.852740137736
1.82193485109,1.41366222302,0.913291534663
1.82193485109,1.44701222616,0.790153461406
1.80866662492,1.45953404044,0.855551069627
1.84491462749,1.45618862085,0.887252348949
1.84409484959,1.48362772904,0.880810689543
1.84409484959,1.475134707,0.859064078795
1.84409484959,1.42210445114,0.748048404939
1.84409484959,1.38395115199,0.767199128826
1.84353846068,1.38547380414,0.775920066575
1.83499978903,1.38942150894,0.807370879626
1.83260884547,1.42374416301,0.901155027204
1.83573763244,1.44774936957,0.849980345238
1.85753826405,1.46488582465,0.898116974774
1.8727986012,1.4360674967,0.865242813732
1.8727986012,1.46790409585,0.810012393731
1.86875782098,1.47668457466,0.866939676563
1.86875782098,1.47283274462,0.920728333678
1.86875782098,1.47491126709,0.902254763631
1.86875782098,1.46636923475,0.916289490073
1.86875782098,1.43781136583,0.885089702244
1.85088276676,1.43029920121,0.759442305537
1.85088276676,1.46665875753,0.978942480844
1.85088276676,1.39878651961,0.648923033268
1.84368154272,1.40889510679,0.634092706861
1.84368154272,1.45025512025,0.988992385979
1.82333202621,1.4135952707,0.819668149515
1.81907557573,1.43597150093,0.708122410376
1.84620049938,1.40433223322,0.679611701314
1.83157325605,1.41909734633,0.530828273714
1.85064764843,1.41528838868,0.910128885201
1.83477787621,1.45135528353,0.875981659168
1.83477787621,1.40472376928,0.838070217407
1.83477787621,1.41668310276,0.576546142267
1.84995397331,1.45329797099,0.907049359073
1.86571908721,1.41578329915,0.901063411973
1.86571908721,1.46597707387,0.901096117487
1.86571908721,1.4421986205,0.768077377449
1.86571908721,1.47364911236,0.760017401084
1.86571908721,1.45144374013,0.832017341983
1.85675319831,1.42098404566,0.611787212892
1.85673185065,1.40008355091,0.629523457431
1.85673185065,1.39603680149,0.76375189176
1.85673185065,1.44629771633,0.939118718364
1.86264503882,1.42616074633,0.890718793448
1.86089372817,1.40854182784,0.801689316415
1.86089372817,1.45103039697,0.824283630359
1.86089372817,1.43949942753,0.860119334236
1.86089372817,1.4414642572,0.677145575685
1.85673185065,1.42598143173,0.470250562571
1.85673185065,1.39436934436,0.519001438661
1.85461952679,1.44076199562,0.834297609331
1.73881382352,1.38271916886,0.850881947248
1.79602814654,1.391959939,0.696702537537
1.79602814654,1.40448011449,0.775997338371
1.79602814654,1.41254020968,0.838337083511
1.79602814654,1.42239429724,0.808188599194
1.80214111584,1.42452404967,0.879477127795
1.82533003629,1.41457791217,0.836201093458
1.82533003629,1.43084465965,0.779909224217
1.82533003629,1.36918231337,0.799045459496
1.82533003629,1.36229543035,0.74677482454
1.82942286654,1.42629520492,0.957061716723
1.84015634369,1.42474351926,0.980085880795
1.84015634369,1.39853152306,0.898888197727
1.84015634369,1.41303524865,0.913335249911
1.84015634369,1.40580079004,0.794219301978
1.84015634369,1.43941613847,0.667820866392
1.84015634369,1.43216847268,0.543912943463
1.85567087589,1.41738235086,0.861273009287
1.85567087589,1.42706854955,0.907560414901
1.85567087589,1.41541321608,0.812298224737
1.85025779005,1.45955631434,0.834231092447
1.85025779005,1.44292571313,0.789645756168
1.84937359071,1.4132072279,0.672522446643
1.84937359071,1.40368228927,0.882648130995
1.84937359071,1.42837985732,0.769439587297
1.84937359071,1.41004558061,0.80869696148
1.84937359071,1.40732870376,0.645353148762
1.84937359071,1.46026339685,0.922687534327
1.84937359071,1.49248322777,0.874097221413
1.83304358867,1.4785429121,0.838355800389
1.83304358867,1.46820609338,0.808482002751
1.84238034532,1.48679909113,0.848124101578
1.84921466213,1.49123462349,0.844113106575
1.85417847801,1.45859700941,0.839813980752
1.84921466213,1.46612587147,0.747776392253
1.84320946056,1.50581758786,0.831143880844
1.8493891286,1.47423964769,0.951441213815
1.8493891286,1.46183131146,0.8225543577
1.84946626393,1.48080890596,0.906481517569
1.85481574881,1.48404994259,0.899594287183
1.86509907305,1.52049349626,0.948401396524
1.86509907305,1.48652357273,0.669550735759
1.86509907305,1.5026131388,0.790997457679
1.9332905142,1.46930192492,0.624030336993
1.9332905142,1.43261066568,0.977358145914
1.86011096277,1.47296851207,0.87413318915
1.86514585709,1.4709801472,0.946879993495
1.86514585709,1.43816306035,0.848789964098
1.86514585709,1.45771012985,0.804299122116
1.86514585709,1.47222098412,0.888593910404
1.86514585709,1.43378859524,0.788666232625
1.95453993837,1.45494317392,0.890746538889
1.85375110163,1.46078660525,0.991324169172
1.85375110163,1.47471528039,0.927560238002
1.86302185291,1.44407088908,0.870570557573
1.86302185291,1.47083940052,0.747766572786
1.86302185291,1.48342522554,0.829945884455
1.85808780894,1.42231867682,0.780707963917
1.85808780894,1.43012180397,0.60320660156
1.85808780894,1.42163597728,0.666882727577
1.85808780894,1.47983518755,0.90647160316
1.85589613681,1.45438800896,0.795945380193
1.84907659066,1.4542354391,0.955309209084
1.84907659066,1.48458197869,0.91472915498
1.84907659066,1.44828714414,0.897592934482
1.84907659066,1.45530669749,0.916490288201
1.92685699656,1.4658215837,0.87789974916
1.92685699656,1.47361565732,0.934341035372
1.92685699656,1.4451751519,0.683958991411
1.92685699656,1.42736564369,0.836751285706
1.92685699656,1.48518132318,0.932901507422
1.92685699656,1.4970860447,0.882177542955
1.92685699656,1.4458064035,0.84505411042
1.92685699656,1.45721259885,0.876378354475
1.92685699656,1.46923746864,0.891346718778
1.83078143026,1.46902370565,0.923220325097
1.83078143026,1.41528154965,0.786452172788
1.82219367439,1.42278174314,0.796066335519
1.81394118518,1.39218566523,0.84719867285
1.81394118518,1.40012875127,0.909052291025
1.81394118518,1.42760494581,0.916320154958
1.82055822888,1.42936000894,0.81998563726
1.82055822888,1.44149650451,0.837834421243
1.82055822888,1.3827513568,0.879758097494
1.83068042248,1.43587458037,0.844229792063
1.83068042248,1.41278854519,0.68315250569
1.83068042248,1.44387082515,0.653316438869
training time: 1997.3562541
