best,average,worse
1.76871146372,0.888505300498,0.597681356417
1.76871146372,0.910301323038,0.479531328373
1.76871146372,0.948784625863,0.561978064762
1.77362987464,0.990597620978,0.505223758795
1.7873540728,1.08330964804,0.501338613472
1.99814809039,1.07070904629,0.510714201303
1.99814809039,1.07862983937,0.571546096625
2.01602610186,1.12934282045,0.732322364447
2.01602610186,1.18020517715,0.515875329298
2.01602610186,1.15675533423,0.556596766864
2.01602610186,1.21265440475,0.61492588162
2.02088386371,1.31577184016,0.640202343205
2.02088386371,1.26301438134,0.587136233422
2.02088386371,1.38191982878,0.641892333548
2.02073043106,1.483765698,0.644921214149
2.02158198103,1.41935899674,0.398066264331
2.03645861192,1.45867889438,0.731531822304
2.03645861192,1.44290138968,0.648648115062
2.03776192937,1.53909651982,0.684029159039
2.04104746805,1.64164989692,0.991726203516
2.04104746805,1.65233168652,0.825281681791
2.04352333034,1.62086457852,0.855248826845
2.04352333034,1.67675587989,0.928517420316
2.04352333034,1.70336776537,0.886975517479
2.04352333034,1.76669593975,1.00787981251
2.04352333034,1.79566869203,0.886975517479
2.04352333034,1.81616564565,0.886975517479
2.04352333034,1.85044978417,0.889509939469
2.04352333034,1.90265836071,1.20895018355
2.04352333034,1.90429764346,1.1855963277
2.04352333034,1.9155344479,1.18640917358
2.05000607418,1.92199170469,1.10998452375
2.05000607418,1.94085284759,1.16044240548
2.05000607418,1.94017076925,1.22683220271
2.05000607418,1.94422651228,1.2480933622
2.0538105302,1.95428332844,1.2397980806
2.0538105302,1.96585147745,1.25703317117
2.0538105302,1.9464085513,1.1046022607
2.0538105302,1.96297550664,1.2397980806
2.0538105302,1.97672000575,1.2397980806
2.0538105302,1.98158814873,1.24570145382
2.05505300089,1.9873041596,1.78242822594
2.05830834532,1.99776528446,1.80572925752
2.05830834532,2.00080110931,1.80260885994
2.05830834532,1.99209925754,1.80260885994
2.05830834532,2.00350789999,1.82376539354
2.05830834532,1.99607054297,1.82265021269
2.05834544386,1.99059317095,1.81922890242
2.05834544386,1.9808741754,1.82187867744
2.05830834532,1.98766200314,1.8093842022
2.0593593711,1.98231879381,1.81635351171
2.0593593711,1.95949779394,1.82121787862
2.0593593711,1.96345100172,1.33058453495
2.0593593711,1.9816806732,1.82649599705
2.0593593711,1.9741237025,1.78884969713
2.0593593711,2.00178815551,1.78650552682
2.0593593711,1.99469330301,1.33520102355
2.05982689192,1.97780677818,1.33280503317
2.06055540018,1.98310759258,1.79025152105
2.06055540018,1.96643835835,1.82136393829
2.06055540018,1.96086927195,1.81834456645
2.06055540018,1.96976723799,1.82894039742
2.06055540018,1.98063977585,1.82660965936
2.06055540018,1.96310941134,1.34015197051
2.06055540018,1.97597677511,1.80668861222
2.06055540018,1.97168793731,1.810706767
2.06055540018,1.9641289049,1.80180733637
2.06055540018,1.98671780228,1.80180733637
2.06055540018,1.98930429808,1.81433531866
2.06055540018,1.9798995891,1.34180444001
2.06055540018,1.99456583366,1.80810170703
2.06055540018,1.99548900459,1.81617443878
2.06055540018,2.01677513916,1.81617443878
2.06055540018,2.00006107152,1.80443873519
2.06055540018,2.00837887167,1.80267938367
2.06055540018,2.01250084712,1.80267938367
2.06062670868,2.00908289904,1.79790664275
2.06146857306,2.006137828,1.80443873519
2.0615779811,2.01220570321,1.79723348049
2.06259818121,2.02022776375,1.79790664275
2.06259818121,2.02501249821,1.79790664275
2.06259818121,2.00379339364,1.80050859133
2.06309190254,2.01385340588,1.80299050509
2.06309190254,2.00578429402,1.8049187685
2.06309190254,2.00431530012,1.80050859133
2.06309190254,1.98638635996,1.80973139785
2.06513976029,1.98422616333,1.80833839517
2.06513976029,2.01384171261,1.81228513056
2.06513976029,2.01620888031,1.82437890588
2.06513976029,2.01674269516,1.82206736929
2.06513976029,2.02185085059,1.8373531465
2.06687385927,2.01484320547,1.8190133447
2.06687385927,2.02368318936,1.83485922705
2.06687385927,2.01131603039,1.83546410805
2.06687385927,2.02541755232,1.83174636821
2.06687385927,2.02397004134,1.83174636821
2.06687385927,2.02841817329,1.83084518236
2.06726424509,2.03229014376,1.82928061985
2.06726424509,2.01486633905,1.80611152843
2.06918682392,2.02195966986,1.82282203765
2.06918682392,2.0056704289,1.82928061985
2.06918682392,2.010063671,1.8285233063
2.06918682392,1.99552313256,1.00986700763
2.06728401983,1.99730806704,1.82564669382
2.06918682392,1.99329329607,1.82582960428
2.06918682392,1.99261603771,1.82759047819
2.06918682392,1.99707577407,1.82759047819
2.22145676656,2.01097278912,1.82137623485
2.22145676656,1.997176497,1.75378344214
2.22145676656,1.99138594873,1.75378344214
2.22145676656,2.00030040473,1.75855502309
2.22145676656,1.99586430914,1.75677289634
2.22145676656,2.01023100051,1.75677289634
2.22145676656,2.00961829123,1.75677289634
2.22145676656,2.01096085929,1.75677289634
2.22145676656,2.01501288143,1.73381083589
2.22145676656,1.99302309416,1.31991304265
2.22242177391,1.97720545707,0.961410674791
2.22242177391,1.97892140394,0.959234055758
2.22242177391,2.03213846061,0.969187171542
2.22316083591,2.02791117008,0.98336741009
2.22316083591,2.02819038926,1.80314437593
2.22316083591,2.02560945727,1.34040041403
2.22316083591,2.04649713275,1.81728350322
2.22316083591,2.05829277037,1.80316361575
2.22316083591,2.05909668176,1.32333401884
2.22316083591,2.08799964229,1.80469665053
2.22316083591,2.09708310738,1.79625501779
2.22384353818,2.09406778821,1.82006243217
2.22384353818,2.07930267919,1.817664806
2.22384353818,2.05947369485,1.34232913666
2.2251900904,2.08033682776,1.83013978246
2.2251900904,2.06186499892,1.34757448437
2.2251900904,2.06543508441,1.3421563976
2.2251900904,2.06532335857,1.83068973159
2.2251900904,2.07601353532,1.83239794438
2.2251900904,2.08294527022,1.83068973159
2.2251900904,2.09016280059,1.83068973159
2.2251900904,2.09090518707,1.83068973159
2.22548155983,2.10754135104,1.81604802393
2.22548155983,2.09600538351,1.84482471815
2.22548155983,2.08755294059,1.83566613785
2.22548155983,2.09368529729,1.83143745465
2.22548155983,2.08998391696,1.83744108039
2.22548155983,2.08926888195,1.83744108039
2.22548155983,2.10514249406,1.83171983573
2.22548155983,2.09696622241,1.34495698644
2.22548155983,2.1018687376,1.34495698644
2.22615100181,2.13819675988,1.83352718539
2.22615100181,2.14708708536,1.34135762176
2.22615100181,2.10710852627,1.33046932912
2.22740408337,2.11987070895,1.33691665585
2.22740408337,2.144897111,1.33971517881
2.22740408337,2.14281185902,1.33691665585
2.22740408337,2.11909777017,1.14075532684
2.22740408337,2.10382549041,1.14075532684
2.22782120282,2.09486230761,1.16054599821
2.22782120282,2.10105318379,1.11747233452
2.22846830927,2.07470778123,1.14075532684
2.22846830927,2.08738336014,1.14075532684
2.22934181919,2.08286681469,1.13714612469
2.22995430608,2.07256793138,1.13714612469
2.22995430608,2.10437438741,1.17842307397
2.22995430608,2.11419742656,1.82597914656
2.22995430608,2.13175206488,1.32748257261
2.22995430608,2.10993244527,1.32424784092
2.22995430608,2.15080822126,1.33186594965
2.22995430608,2.12567449223,1.22260757225
2.22995430608,2.11214006501,1.82597914656
2.23046251927,2.1242366041,1.31286640891
2.23113234201,2.13648754099,1.31286640891
2.23194256583,2.15347523821,1.82219086408
2.23194256583,2.12739079302,1.76881174334
2.23194256583,2.10955845418,1.29917374561
2.23194256583,2.12811834329,1.75828720225
2.23194256583,2.1298745643,1.82395991946
2.23247552873,2.11028352878,1.82269858635
2.23247552873,2.10353854255,1.82500707407
2.23247552873,2.07149206118,1.3549800647
2.23247552873,2.04185271048,1.3215930921
2.23285350465,2.06690568931,1.82121215694
2.23285350465,2.0731719624,1.82346114574
2.23285350465,2.06300751999,1.33326418931
2.23285350465,2.05455861731,1.82957789236
2.23285350465,2.05584476564,1.35018502354
2.23307969467,2.04673984008,1.83008286276
2.23307969467,2.0424130439,1.83288422505
2.23307969467,2.05567205592,1.34616668075
2.23307969467,2.0601230493,1.83009368437
2.23307969467,2.0440340393,1.34825715825
2.23307969467,2.04003287131,1.34532796784
2.23411462567,2.0316245891,1.3494538354
2.23411462567,2.0523691316,1.32821414982
2.23411462567,2.042685786,1.33352832269
2.23411462567,2.04305969807,1.33352832269
2.23411462567,2.07638399289,1.33352832269
2.23411462567,2.07441798297,1.3477177908
2.23411462567,2.06374373571,1.82174843091
2.23411462567,2.07210293055,1.82174843091
2.23411462567,2.10008987454,1.83361634088
2.23411462567,2.07932290523,1.84858731207
2.2341904617,2.09320241041,1.84894051129
2.2341904617,2.07803702389,1.35408110981
2.23550585759,2.07381089953,1.84805864364
2.23550585759,2.07017824593,1.84917330471
2.23588983321,2.08154085183,1.82159672022
2.23588983321,2.07646011614,1.35214569382
2.23588983321,2.06451215876,1.33253619412
2.23588983321,2.08253082243,1.85043242885
2.23588983321,2.06474541733,1.85111200926
2.23588983321,2.07178208164,1.84086447636
2.23588983321,2.07577394479,1.84086447636
2.23886735723,2.07705440554,1.8486069886
2.23886735723,2.09217503611,1.35144349132
2.23886735723,2.07256144615,1.35144349132
2.23886735723,2.10486620233,1.35596784047
2.23886735723,2.14032738198,1.85156467732
2.24053207711,2.13367581933,1.85043242885
2.24053207711,2.12626056225,1.36263531106
2.24053207711,2.13951239243,1.85139738369
2.24053207711,2.13159850341,1.84927749511
2.24053207711,2.13096320777,1.85418260597
2.24053207711,2.1499106294,1.83710694439
2.24053207711,2.15450305332,1.84832649228
2.24053207711,2.14041197216,1.84500486565
2.24053207711,2.11816639266,1.36621462575
2.24053207711,2.11266633208,1.36621462575
2.24053207711,2.10796926994,1.36621462575
2.24053207711,2.12884353632,1.83298614314
2.24053207711,2.13690557412,1.30910617378
2.24053207711,2.12572192785,1.30732865297
2.24136687169,2.13860062834,1.83791296473
2.24136687169,2.14479559106,1.83837662373
2.24136687169,2.14803766841,1.35905048817
2.24136687169,2.15496715177,1.84050285076
2.24136687169,2.10962177619,1.01000453552
2.24136687169,2.1169328208,1.83994243203
2.24136687169,2.11194774534,1.84643187941
2.24136687169,2.11287391054,1.84643187941
2.24136687169,2.09292312011,1.27658209188
2.24136687169,2.10700116646,1.84609457077
2.24136687169,2.0925444499,1.3630020069
2.24136687169,2.12246564921,1.85254773131
2.241431822,2.12311373626,1.85716692373
2.241431822,2.10894604042,1.84668579462
2.241431822,2.10974293843,1.30698426286
2.241431822,2.12566798332,1.84668579462
2.241431822,2.13326108313,1.84232334959
2.241431822,2.12494568822,1.83539771481
2.241431822,2.12495557598,1.83385382097
2.241431822,2.13353698621,1.85131675124
2.24186913787,2.14208862352,1.84694191736
2.24186913787,2.12080120799,1.36682613999
2.24186913787,2.12445888831,1.70565374163
2.24186913787,2.15157064776,1.84984914214
2.24186913787,2.13918524611,1.76235584527
2.24466895248,2.1565136951,1.74873673085
2.24466895248,2.13365741987,1.74873673085
2.24466895248,2.11232667576,1.74873673085
2.24466895248,2.107787424,1.34647992966
2.24466895248,2.08140774585,1.01845906193
2.24556902193,2.09894866675,1.74977518761
2.24556902193,2.10333983721,1.75608769205
2.24556902193,2.10280335421,1.04405368908
2.24556902193,2.0925964227,1.20765403967
2.24556902193,2.1072049884,1.84539888882
2.24572293826,2.10943293788,1.84373145126
2.24572293826,2.11596699354,1.31570414172
2.24572293826,2.1041938043,1.84546069877
2.24572293826,2.12890646731,1.35878448266
2.24572293826,2.13194734867,1.35878448266
2.24572293826,2.12994157528,1.35656482321
2.24572293826,2.12452241493,1.35492359242
2.24572293826,2.13075963291,1.35983172757
2.24572293826,2.13984525814,1.81127565782
2.24605064299,2.13704984975,1.85249410922
2.24605064299,2.14914918386,1.85874112962
2.24644627578,2.12873506988,1.37154033392
2.24644627578,2.13032433176,1.36094094252
2.24644627578,2.14378577837,1.86237684988
2.24644627578,2.14539100188,1.37365778998
2.24644627578,2.11721362548,1.3552339086
2.24644627578,2.12190518663,1.3552339086
2.24698392436,2.13992832256,1.36849546832
2.24698392436,2.11973113469,1.3671972691
2.24698392436,2.15574064813,1.36849546832
2.24698392436,2.13976384627,1.36849546832
2.24698392436,2.14159654639,1.36930457419
2.24698392436,2.13727605636,1.36633863727
2.24752724898,2.15378896631,1.85868199355
2.24752724898,2.15401110433,1.86243822415
2.24752724898,2.16136583917,1.86243822415
2.24752724898,2.1592145032,1.86243822415
2.24752724898,2.16233209741,1.86220017059
2.24752724898,2.1654132201,1.86220017059
2.24752724898,2.1477184705,1.85974848478
2.24752724898,2.16165364249,1.85665394514
2.24752724898,2.15368385021,1.82057135668
2.24752724898,2.15085007058,1.81480916327
2.24752724898,2.15163376442,1.81496443371
2.24752724898,2.13697812368,1.34085187743
2.24752724898,2.11712613221,1.34029151602
2.24772843291,2.11435845744,1.74644606287
2.24772843291,2.11460874008,1.74644606287
2.24772843291,2.12051090273,1.83342304488
2.24772843291,2.11750350877,1.83361699315
2.24772843291,2.1260563515,1.85623493213
2.24772843291,2.11313061188,1.85623493213
2.24772843291,2.13258584485,1.85864090171
2.24772843291,2.12321364121,1.86218550018
2.24805422744,2.13718380779,1.86218550018
2.24805422744,2.15598527303,1.86092599919
2.24772843291,2.13436595521,1.36923760695
2.24805422744,2.14306149814,1.80243801761
2.24805422744,2.14978207768,1.85810105529
2.24805422744,2.14412169426,1.80295977988
2.24805422744,2.15212174895,1.81183764273
2.24805422744,2.1471803391,1.81137764197
2.24805422744,2.16658563209,1.86311820096
2.24805422744,2.1655132909,1.85318481868
2.24805422744,2.16764905547,1.85276836315
2.24805422744,2.15592030066,1.79189878312
2.24805422744,2.15927792396,1.79189878312
2.24825189606,2.14414639457,1.79189878312
2.24825189606,2.11234781588,1.37456946935
2.24825189606,2.11134154353,1.79189878312
2.24825189606,2.1363799041,1.79189878312
2.24825189606,2.11859450585,0.891599665751
2.24849666875,2.08711526682,0.909569995692
2.24873669238,2.08836452066,0.909569995692
2.24873669238,2.12041125485,1.79092349832
2.24873669238,2.12174893467,1.79132863223
2.24873669238,2.107552071,1.79604291862
2.24873669238,2.12899697031,1.8545964297
2.24895659636,2.11072316684,1.32062524085
2.24895659636,2.13504964129,1.34551165721
2.24895659636,2.12542015181,1.85374253737
2.24895659636,2.13387564032,1.84537664782
2.24895659636,2.11834551428,1.83615931346
2.24895659636,2.13039930539,1.83615931346
2.24899000715,2.13359588526,1.84432151947
2.24899000715,2.14560258282,1.81482445729
2.24944911469,2.16058624112,1.31235912248
2.24999492174,2.1618473968,1.31075901712
2.24999492174,2.14290181204,1.30897122165
2.24999492174,2.15062374828,1.30897122165
2.24999492174,2.12835998118,1.31596623616
2.24999492174,2.13189477703,1.31612223168
2.24999492174,2.15313282088,1.80863413231
2.24999492174,2.16222669545,1.81252606041
2.24999492174,2.15641392945,1.31436648978
2.24999492174,2.17029626732,1.30800455804
2.24999492174,2.18152608052,1.81574321023
2.24999492174,2.17561839995,1.80157520323
2.2525761358,2.16261860158,1.80150095487
2.25019776447,2.16419146423,1.82824206802
2.25019776447,2.14713907358,1.86441190571
2.25019776447,2.15570787821,1.85247416064
2.25019776447,2.17483063148,1.86466686632
2.25122738081,2.18443524265,1.86986107604
2.25122738081,2.17845468597,1.86344198008
2.25122738081,2.16877718009,1.13324871159
2.25143373885,2.1569504173,1.15421131317
2.25143373885,2.15495613617,1.15421131317
2.25143373885,2.16207035318,1.15421131317
2.25143373885,2.16786820329,1.14570448907
2.25143373885,2.16664118482,1.14570448907
2.25143373885,2.17193141728,1.86429905392
2.25143373885,2.15462065089,1.84439624193
2.25151956653,2.15464788156,1.8651531495
2.25151956653,2.16010239836,1.37308971144
2.25192923952,2.15197512989,1.3393227317
2.25192923952,2.16074375108,1.33456117412
2.25192923952,2.15375986915,1.33456117412
2.25192923952,2.12393713761,1.33456117412
2.25192923952,2.09753322721,1.33456117412
2.25192923952,2.12453625303,1.35133105665
2.2521304779,2.13094308235,1.33618244493
2.2521304779,2.15941948562,1.83379135222
2.2521436386,2.13750967301,1.83396059707
2.2521436386,2.15060050786,1.84626394367
2.2521436386,2.15152717906,1.85643621839
2.2521436386,2.12256397717,1.85343822645
2.2521436386,2.1125800497,1.85343822645
2.2521436386,2.09609711594,1.85343822645
2.2521436386,2.10923559942,1.84102795373
2.2521436386,2.12033073866,1.84291000918
2.2521436386,2.11925328285,1.36681670806
2.2521436386,2.13090213856,1.36200926679
2.2521436386,2.12120758056,1.35307914559
2.25260670844,2.11493453349,1.85355908066
2.25260670844,2.10743007719,1.85397291869
2.25260670844,2.10511589724,1.86294107955
2.25260670844,2.09942178617,1.85172421186
2.25260670844,2.09476914225,1.86076218023
2.25260670844,2.10736856806,1.86170091308
2.25260670844,2.11056767785,1.0884289926
2.25260670844,2.12728724065,1.86672142426
2.25260670844,2.10281595319,1.26356147054
2.25260670844,2.10563247364,1.26118998474
2.25260670844,2.11289810883,1.25725384106
2.25349271439,2.09955261275,1.25725384106
2.25349271439,2.12681910988,1.82984056374
2.25349271439,2.13389731206,1.31417983077
2.25392674691,2.12183729506,1.31417983077
2.25392674691,2.11915296803,1.31427939904
2.25392674691,2.10336727966,1.31405129363
2.25392674691,2.11634690328,1.82291832411
2.25392674691,2.1194962921,1.82904281988
2.25560405322,2.115858177,1.32964257143
2.25560405322,2.13652241228,1.83023575096
2.25574826965,2.11121342687,1.747355135
2.25560405322,2.1101834779,1.73542903968
2.25560405322,2.10763918189,1.73967503557
2.25560405322,2.10132025889,1.35044260102
2.25560405322,2.12125777521,1.87284707032
2.25560405322,2.13423705848,1.86278424777
2.25595592056,2.13111108469,1.3590588678
2.25595592056,2.11707048612,1.3590588678
2.25595592056,2.11223410346,1.35797489699
2.25595592056,2.1280085463,1.82012659322
2.25595592056,2.10547835084,1.82023320758
2.25595592056,2.12725178352,1.81316921978
2.25686008942,2.14605138819,1.81316921978
2.25686008942,2.16069472026,1.86928656231
2.25686008942,2.16401592567,1.82012659322
2.25686008942,2.14832691716,1.81891039798
2.25706075313,2.15070543944,1.86266340613
2.25795166748,2.14699040433,1.86665032625
2.25795166748,2.15359050714,1.86064361117
2.25795166748,2.10849773994,1.35472019352
2.25795166748,2.09695228024,1.35472019352
2.25845854042,2.0915496831,1.35472019352
2.25845854042,2.08155002276,1.34164558462
2.25845854042,2.13221339286,1.3646256143
2.25845854042,2.13869941051,1.3646256143
2.25845854042,2.16117124671,1.86884211748
2.25845854042,2.16133661565,1.86281745484
2.25845854042,2.13765579416,1.36327059829
2.25845854042,2.16328885496,1.85241059852
2.25845854042,2.13664623338,1.315544692
2.25845854042,2.15108243215,1.35423028794
2.25845854042,2.16258376921,1.79394302044
2.2585235843,2.15131039079,1.35169572269
2.2585235843,2.16804755794,1.8640292789
2.2585235843,2.16827562627,1.86307622383
2.2585235843,2.1612250071,1.85988074598
2.2585235843,2.17235556668,1.8719282589
2.2585235843,2.17164777761,1.87773579167
2.2585235843,2.17842274609,1.87810359074
2.2585235843,2.1800325834,1.35613952997
2.2585235843,2.17343901525,1.86917737103
2.2585235843,2.14633353605,1.30045013304
2.2585235843,2.15216552138,1.86778222459
2.25864258627,2.14866470949,1.86778222459
2.25864258627,2.14204734396,0.882332131787
2.25864258627,2.17231202548,1.87377086327
2.25864258627,2.15736253051,1.87299696438
2.25903577806,2.14907287771,1.87085783089
2.25903577806,2.15462100904,1.87588720225
2.25903577806,2.14498239009,1.31983039668
2.25903577806,2.13765495065,1.37691607446
2.25903577806,2.13459952734,1.37856767019
2.25903577806,2.15625887311,1.87947440062
2.25903577806,2.15006202807,1.3751176738
2.25903577806,2.15909485533,1.87991758354
2.25903577806,2.13241953948,1.33495245785
2.25904225516,2.14364127519,1.33495245785
2.25950342113,2.13634639482,1.33533953245
2.25950342113,2.11410653416,1.34225583964
2.25956047098,2.13169278057,1.34225348847
2.25956047098,2.1451544468,1.34225348847
2.25956047098,2.158240679,1.35098796108
2.25956047098,2.16066743237,1.85578002807
2.25956047098,2.15673809763,1.37828161388
2.25956047098,2.16070893616,1.37742182899
2.25959397677,2.16236233567,1.82334832858
2.25959397677,2.15674444155,1.82334832858
2.25959397677,2.13932094026,1.33138867102
2.25959397677,2.13164831377,1.85877503145
2.25959397677,2.15048137715,1.85917918213
2.2597788348,2.16683558269,1.86952962564
2.2597788348,2.17341787097,1.86763764467
2.2597788348,2.17085161087,1.86381011776
2.2597788348,2.1610835772,1.82042983499
2.2597788348,2.1430359514,1.81558864663
2.2597788348,2.1306687386,1.82057342843
2.2597788348,2.13902424957,1.8672843909
2.2597788348,2.14813817432,1.86828049983
2.2597788348,2.15478181877,1.8683744336
2.2597788348,2.14328148589,1.25616299233
2.2597788348,2.1246054522,1.26297213753
2.2597788348,2.14339941781,1.86734817277
2.2597788348,2.15944884566,1.86734817277
2.26011524453,2.15250948043,1.8569669542
2.26011524453,2.17188204436,1.86914560714
2.2614336966,2.19137248347,1.8558355524
2.2614336966,2.1802386653,1.8566165932
2.2614336966,2.17150933062,1.86730480895
2.261953468,2.16446464791,1.86730480895
2.261953468,2.17002980306,1.85481510899
2.261953468,2.17604526534,1.36153256411
2.261953468,2.17934837169,1.87893839433
2.261953468,2.17558977233,1.87893839433
2.261953468,2.1725813926,1.87893839433
2.261953468,2.18228841604,1.85336248541
2.261953468,2.18447076178,1.878700902
2.261953468,2.20120445569,1.87562730443
2.26202287996,2.19323478342,1.878700902
2.26202287996,2.17817584113,1.21204320563
2.26202287996,2.17798300837,0.9285287429
2.26202287996,2.13820819758,0.925133793944
2.2624877258,2.11734268994,0.925133793944
2.2624877258,2.17544889468,1.77831468087
2.2624877258,2.15931714468,1.78255114801
2.2624877258,2.14727239809,1.35998175982
2.26263454426,2.17466673765,1.35852002045
2.26263454426,2.18540172275,1.3652154628
2.26263454426,2.19000278473,1.88125444922
2.26263454426,2.17326594131,1.36126370126
2.26263454426,2.17269220621,1.35859092081
2.26263454426,2.19323227788,1.88686040152
2.26263454426,2.19422581114,1.88868046477
2.26263454426,2.1763886878,1.88126254104
2.26263454426,2.18149641833,1.88609059143
2.26263454426,2.17314423448,1.88250574389
2.26263454426,2.17140846173,1.88278903825
2.26274010867,2.16084258876,1.38306019822
2.26274010867,2.15116748742,1.87503778054
2.26274010867,2.15198870436,1.34737286488
2.26274010867,2.15730255745,1.86904428045
2.26305117407,2.1374357809,1.3748672465
2.26305117407,2.15288473107,1.373637505
2.26305117407,2.18147428561,1.87811011419
2.26305117407,2.17749420619,1.87811011419
2.26305117407,2.17482592439,1.86978192267
2.26305117407,2.17521656684,1.87950584429
2.26305117407,2.17820365074,1.88200648979
2.26305117407,2.16435929012,1.87620506203
2.26312561514,2.12419926538,1.36578288048
2.26312561514,2.15451266539,1.87265853396
2.26312561514,2.15874673955,1.87957724167
2.26341174221,2.1741890335,1.87519116398
2.26341174221,2.16761338613,1.33445839156
2.26341174221,2.17556860464,1.33498753324
2.26341174221,2.18618796895,1.33616557267
2.26348969857,2.2094783623,1.88092150389
2.26348969857,2.18794134484,1.84262565432
2.26348969857,2.19038672388,1.84262565432
2.26348969857,2.17478359526,1.38070648809
2.26348969857,2.1832429465,1.38317109852
2.26348969857,2.18461910407,1.38200618186
2.26348969857,2.19080793395,1.88457418569
2.26358769747,2.1948864716,1.88313512897
2.26358769747,2.19372762576,1.88335239756
2.26358769747,2.19597178337,1.8806330688
2.26358769747,2.17647542301,1.88020909517
2.26358769747,2.1635662095,1.88242267243
2.26358769747,2.18174496422,1.85995533851
2.26358769747,2.18004404591,1.88056913967
2.26358769747,2.18771270747,1.88226532218
2.26358769747,2.19741600525,1.88141900283
2.26358769747,2.19402754843,1.8826143608
2.26358769747,2.20329982374,1.88342280872
2.26358769747,2.20870276741,1.88351243316
2.26358769747,2.20835851715,1.88882754688
2.26364036239,2.2214064899,1.88294125238
2.26364036239,2.22794331404,1.87324943608
2.26364036239,2.19760163392,1.38006211368
2.26364036239,2.20131323832,1.37655779295
2.26364036239,2.20570120908,1.87711956722
2.26364036239,2.19573649278,1.88146635615
2.26364036239,2.18750074962,1.36066137675
2.26364036239,2.18267758339,1.87084723467
2.2636556353,2.17438595451,1.88417825579
2.2636556353,2.174549163,1.88165583315
2.26365681482,2.18850241522,1.88275310882
2.2636556353,2.18653835089,1.8822965381
2.2636556353,2.17698015714,1.88179977376
2.26377881246,2.17200130902,1.87984797785
2.26377881246,2.17858848095,1.88177911955
2.26377881246,2.15294393134,1.87632272873
2.26377881246,2.16537949569,1.87814038471
2.26377881246,2.15662036094,1.87171054285
2.26454129602,2.1758832512,1.8707747561
2.26454129602,2.19068102188,1.8707747561
2.26821336399,2.19962215541,1.88627435055
2.26821336399,2.1932377704,1.81220119967
2.26821336399,2.18804292178,1.87545440902
2.26839922351,2.18549988806,1.85034234805
2.26839922351,2.18367033008,1.85609035383
2.26839922351,2.19192536711,1.85609035383
2.26839922351,2.19483540532,1.87327135781
2.26839922351,2.19281334977,1.87391616198
2.26839922351,2.18990743772,1.88495738646
2.26839922351,2.17918183392,1.8829096844
2.26839922351,2.18720537145,1.87574195652
2.26839930249,2.20320113084,1.88285780198
2.26839930249,2.22089438681,1.88277190353
2.26839930249,2.23199167572,1.8833990411
2.26839930249,2.22760153635,1.8833990411
2.26839930249,2.23750105633,2.06983273417
2.26850558739,2.23345830457,1.88335531739
2.26896381881,2.21504725187,1.88534127491
2.26896381881,2.22437854446,1.88534127491
2.26896381881,2.19884809514,1.88320151719
2.26896381881,2.21149326417,1.87297618189
2.26896381881,2.18821235312,1.37622506813
2.26896381881,2.18482555098,1.37556006977
2.26896381881,2.19547013844,1.37574608698
2.26896381881,2.19307877682,1.85449647574
2.26896381881,2.18676225444,1.85449647574
2.26896381881,2.18140660876,1.85940409414
2.26896381881,2.18324710354,1.85445334973
2.26896381881,2.17599096386,1.37990429065
2.26896381881,2.17694154403,1.35783288556
2.26896381881,2.16975178535,1.35617900273
2.26896381881,2.17742262969,1.37012635369
2.26896381881,2.1881496832,1.8818648144
2.26896381881,2.18321007019,1.88056428796
2.26896381881,2.17751473598,1.88126406374
2.26896381881,2.18258557968,1.75400038553
2.26915017814,2.18332623723,1.74028431111
2.26915017814,2.17649842867,1.88216583796
2.26915017814,2.18042637573,1.31239617355
2.26896381881,2.19048553967,1.87122482796
2.26896381881,2.16206982759,1.38929886118
2.26896381881,2.17063414321,1.8705560705
2.26905479918,2.16412641606,1.362465402
2.26905479918,2.18762007281,1.37948810999
2.26905479918,2.18008205079,1.36780911751
2.26920089081,2.18982451705,1.87330102035
2.26920089081,2.1884589526,1.87330102035
2.26920089081,2.1854763624,1.8700595519
2.26920089081,2.17526908444,1.8689927686
2.26930029342,2.16926489419,1.37911379678
2.26930029342,2.16467369702,1.35805605198
2.26930111979,2.17808367101,1.35805605198
2.26930111979,2.1859944541,1.35805605198
2.26930111979,2.19887985166,1.37752206059
2.26930111979,2.20977345286,2.07506272661
2.26930111979,2.20792083007,1.82682097255
2.26930111979,2.2183616839,1.83006171904
2.26930111979,2.21710443892,1.76299543861
2.26930111979,2.20755271019,1.76496038395
2.26930111979,2.20667540808,1.27278755105
2.26930111979,2.20010988064,1.76729490531
2.26941617233,2.20853766987,1.77254063536
2.26941617233,2.19300724651,1.28441191144
2.26941617233,2.20448174455,1.76476786913
2.26941617233,2.20337509702,1.76476786913
2.26941617233,2.21413531123,1.38388929225
2.26941617233,2.19404990547,1.38388929225
2.26942192022,2.21557570798,2.0650497536
2.26942192022,2.20231405661,1.88510268698
2.26942192022,2.19739392503,1.87911306824
2.26942192022,2.18716853211,1.87109878662
2.26942192022,2.18653237995,1.37695231416
2.26942192022,2.20823018193,1.88200619547
2.26942192022,2.18957716851,1.86005478521
2.26942192022,2.17174101663,1.85743720352
2.26942192022,2.18565263923,1.86005478521
2.26942192022,2.19230236638,1.85443094168
2.26942192022,2.17927344694,1.85936972544
2.26942192022,2.1845072825,1.85936972544
2.26942192022,2.17351087558,1.8589721963
2.26942192022,2.1971181511,1.8589721963
2.26942192022,2.18720780745,1.85936972544
2.26943663611,2.21826920059,1.88986476642
2.26946662319,2.19476519601,1.87605690374
2.26946662319,2.20660774358,1.86075120442
2.26946662319,2.22415072125,1.86075120442
2.26946662319,2.22072339311,1.82963712256
2.26946662319,2.23304589396,1.89156786664
2.26946662319,2.20157121689,1.76751072566
2.26946662319,2.20119565718,1.86811820695
2.26946662319,2.18587289052,1.37993702837
2.26946662319,2.20613866365,1.37993702837
2.26946662319,2.18795928225,1.37993702837
2.26946662319,2.18085657196,1.34283790016
2.26946662319,2.20334169291,1.88099717873
2.26946662319,2.19830343351,1.88148690582
2.26946662319,2.19283602745,1.8846086207
2.26946662319,2.19912979647,1.87720171624
2.26946662319,2.18498652561,1.38279420308
2.26946662319,2.20305534815,1.88440808276
2.26946662319,2.19383761119,1.88440808276
2.26946662319,2.19740564545,1.87552910084
2.2695781332,2.1981157947,1.87464646764
2.26959666824,2.19742819542,1.88008165934
2.26959666824,2.18580195549,1.37953949232
2.2696953668,2.17187788526,1.37904586964
2.26973989172,2.15190177446,1.37711348324
2.26981617736,2.16119699263,1.37874593571
2.26981617736,2.17526932618,1.37881460687
2.26981617736,2.15717788056,1.37881460687
2.26981617736,2.17569855444,1.37766592969
2.26981617736,2.18990408282,1.89378033221
2.26981617736,2.16661199564,1.37904586964
2.26981617736,2.15735353357,1.3760276594
2.26981617736,2.16217223854,1.3760276594
2.26981617736,2.17114134976,1.86550752538
2.26981617736,2.17275646229,1.82100786955
2.26992565007,2.17612922012,1.82100786955
2.26992565007,2.18209666083,1.87795955939
2.26992565007,2.18216785332,1.3825505083
2.26992565007,2.20102801701,1.88828904179
2.26992565007,2.19787057047,1.84359084745
2.26992565007,2.21276300854,1.88609793457
2.26992565007,2.21435278905,1.88623221572
2.26992565007,2.2006423104,1.38896369566
2.26992565007,2.20385631635,1.88960328875
2.26992565007,2.18923720826,1.86905553334
2.27126461566,2.18563269174,1.38780619218
2.26992565007,2.20870248779,1.87998328234
2.27030560048,2.21174763971,1.85108552079
2.27030560048,2.21954704752,1.85234456503
2.27030560048,2.1999493688,1.36358007536
2.27030560048,2.20090640686,1.36289055853
2.27030560048,2.19317502667,1.36510084549
2.27036281823,2.17816308219,1.36125034448
2.27066249273,2.17587997011,1.36125034448
2.27066249273,2.18427757248,1.36125034448
2.27104041181,2.17690996225,1.36189907634
2.27188350623,2.19499263722,1.86200839822
2.27188350623,2.19073277683,1.39098488699
2.27188350623,2.19632118431,1.75821944641
2.27188350623,2.19623408782,1.88493978512
2.27188350623,2.19010822962,1.88613492832
2.27188350623,2.19714783348,1.89284159396
2.27188350623,2.19613502125,1.86085679726
2.27188350623,2.16676763723,1.39198891521
2.27188350623,2.14858214228,1.38877298983
2.27188350623,2.17023207734,1.39198891521
2.27188350623,2.1691826731,1.8849587493
2.27188350623,2.17365319544,1.38868882467
2.27188350623,2.17195933427,1.38046866136
2.27188350623,2.15670976493,1.38046866136
2.27188350623,2.18322101567,1.39434409247
2.27188350623,2.16811603554,1.39434409247
2.27188350623,2.15981770443,1.37786785457
2.27188350623,2.15792197016,1.37736273747
2.27188350623,2.17402737682,1.37736273747
2.27188350623,2.17459531083,1.37736273747
2.27188350623,2.17996252776,1.77769596715
2.27188350623,2.16389417221,1.77043943587
2.2719276582,2.16829785509,1.76815138518
2.2719276582,2.16733274084,1.76815138518
2.2719276582,2.17164352063,1.3728776219
2.27198287534,2.19324409568,1.76357279495
2.27198287534,2.19584956082,1.89862733616
2.27198287534,2.20628256618,1.87620737679
2.27200678185,2.20364600913,1.87620737679
2.27200678185,2.19335310595,1.87620737679
2.27200678185,2.20408966721,1.89089888683
2.27200678185,2.20047482079,1.89303376127
2.27200678185,2.19818378792,1.87363393393
2.27200678185,2.18785042136,1.87921094002
2.27200678185,2.15047208089,1.39239906577
2.27200678185,2.17117716719,1.87919308924
2.27200678185,2.17564277442,1.89521849894
2.27200678185,2.17310965022,1.89570657335
2.27200678185,2.16904730949,1.81694224671
2.27200678185,2.17255734976,1.81694224671
2.27200678185,2.14115525332,1.3181280483
2.27200678185,2.15953268619,1.81694224671
2.27200678185,2.15503566777,1.17160277338
2.27200678185,2.17373995608,1.88232596042
2.27200678185,2.17772480978,1.88508834387
2.27200678185,2.16939251846,1.83826153624
2.27200678185,2.17275307494,1.83330402895
2.27200678185,2.17111201545,1.37156365802
2.27200678185,2.18698688142,1.82969359667
2.27200678185,2.17951173177,1.82951970765
2.27200678185,2.18483704405,1.82969359667
2.27200678185,2.18604290408,1.39241656109
2.27200678185,2.17184881857,1.83646220591
2.27200678185,2.16377956295,1.39387801977
2.27200678185,2.16676966492,1.3746765344
2.27200678185,2.17964040117,1.88594198546
2.27208196009,2.18097252814,1.89307737782
2.27208196009,2.20499316366,1.87667667596
2.27208196009,2.21173512622,2.07912102273
2.27208196009,2.22093971603,1.37968070278
2.27208196009,2.22675695276,1.37968070278
2.27200678185,2.23201656,1.89640031337
2.27200678185,2.23145218075,1.89628243981
2.27200678185,2.22937471858,1.89916047322
2.27200678185,2.22902865058,1.89887614335
2.2720246435,2.22619893576,1.89974263043
2.2720246435,2.2034003621,1.3647269252
2.2720246435,2.213368082,1.3850370651
2.27211319952,2.20982549133,1.89668641593
2.27211319952,2.19639240822,2.08300172107
2.27211319952,2.18230562197,1.89518004157
2.27211319952,2.19141011589,1.87616282942
2.27211319952,2.21408974335,2.09309111948
2.27211319952,2.2146091382,1.3919092273
2.27211319952,2.22092031382,1.87160629122
2.27211319952,2.22263137209,1.89661538152
2.27211319952,2.21850252306,1.74390038175
2.27211319952,2.20110476995,1.88831945482
2.27211319952,2.19838408941,1.88831945482
2.27211319952,2.17556759694,1.88613719974
2.27211319952,2.15232409194,1.08724317972
2.27211319952,2.17552601541,1.09245322554
2.27211319952,2.17279479675,1.35996706303
2.27211319952,2.19750473331,1.88316997585
2.27211319952,2.21098669203,1.87991854858
2.27211319952,2.2038685642,1.87991854858
2.27211319952,2.19524099889,1.88114829851
2.27211319952,2.19133587525,0.882395750562
2.27211319952,2.18858387947,0.878317971864
2.27211319952,2.19432796968,1.8432636312
2.27211319952,2.22106918704,1.88877678322
2.27211319952,2.22158682915,1.89592523456
2.27211319952,2.21667582922,1.88846810117
2.27211319952,2.20391702373,1.87225364171
2.27211319952,2.20095896526,1.87135441123
2.27211319952,2.19593156277,1.86974017508
2.27211319952,2.18019551235,1.84545307738
2.27211319952,2.15779120499,1.84545307738
2.2721167649,2.13883306853,1.35693120981
2.27216030418,2.16420820549,1.85086203084
2.27216030418,2.17127347892,1.86782354021
2.27216030418,2.18985821201,1.86782354021
2.27216030418,2.19091623036,1.86782354021
2.27216030418,2.19851917004,1.87140911383
2.27216030418,2.2000608708,1.86736561703
2.27216030418,2.19182280936,1.88541625201
2.27216030418,2.20561095585,1.88430305148
2.27216030418,2.21353575004,1.87316403002
2.27216030418,2.2192362828,1.89961536437
2.27216030418,2.20074165549,1.89060554412
2.27216030418,2.18583306469,1.89060554412
2.27216030418,2.17608914432,1.36043901172
2.27216030418,2.19701689958,1.89160237641
2.27226740554,2.19626744288,1.38161318663
2.27226740554,2.19458343142,1.38161318663
2.27226740554,2.19362738045,1.89791180141
2.27226740554,2.2110579925,1.89523360178
2.27226740554,2.21197592036,1.90123723149
2.27230689587,2.2028810963,1.8889681436
2.27246088893,2.2003292827,1.89471398712
2.27246088893,2.20336957208,1.89471398712
2.27246088893,2.19324159459,1.8937975463
2.27246088893,2.1821181956,1.87909679718
2.27246088893,2.16001248412,1.8413136952
2.27246088893,2.1699919529,1.84194583846
2.27246088893,2.16332654262,1.84194583846
2.27246088893,2.1826223482,1.84212818155
2.27246088893,2.17741000411,1.84021673209
2.27246088893,2.1808170271,1.82719363729
2.27246088893,2.15616088559,1.37367352973
2.27246513355,2.18665364689,1.84209197941
2.27246513355,2.15697254799,1.38984252059
2.27246513355,2.14559191529,1.81198629755
2.27246513355,2.13029514277,1.80014995934
2.27246513355,2.12445894803,1.83587229405
2.27260376917,2.15409051444,1.83887232124
2.27260376917,2.14012973415,1.83458849597
2.27260376917,2.14050129102,1.8321805199
2.27260376917,2.1558994391,1.82896100097
2.27260376917,2.14672383144,1.03110207181
2.27269776398,2.14943230216,1.04053447068
2.27269776398,2.14172377411,1.3067492982
2.27269776398,2.1519704741,1.79160511436
2.27269776398,2.17843577464,1.80345654729
2.27269776398,2.17346621118,1.80306986973
2.27269776398,2.17966786243,1.19511301942
2.27269776398,2.18724147911,1.19511301942
2.27269776398,2.17796693369,1.19511301942
2.27269776398,2.18735241621,1.83871192599
2.27269776398,2.17987311168,1.8380366036
2.27269776398,2.16423490306,1.83867234764
2.27269776398,2.1654501979,1.31870402867
2.27269776398,2.1527562635,1.81178104826
2.27269776398,2.14867864258,1.28260651895
2.27269776398,2.15246279951,1.365560987
2.27269776398,2.15545858939,1.39081323839
2.27269776398,2.14446950299,1.39081323839
2.27269776398,2.14853403829,1.83345373202
2.27269776398,2.1641180374,1.38987484934
2.27269776398,2.17930142133,1.8396897262
2.27269776398,2.19721056359,1.83413269289
2.27269776398,2.18475461212,1.83413269289
2.27278270894,2.20148370917,1.79076589204
2.27278270894,2.21607811888,1.29838410476
2.27278270894,2.21144492265,1.89212143491
2.27278270894,2.22155678177,1.90006816794
2.27278270894,2.23407774447,1.894020224
2.27278270894,2.23731909554,1.89688617866
2.27278270894,2.22752388041,1.37274138388
2.27278270894,2.22602397375,1.86536468234
2.27278270894,2.21570231575,1.38611380524
2.27278270894,2.21334981847,1.79454002812
2.27278270894,2.19909927794,1.31290427753
2.27278270894,2.22046958793,1.89524142951
2.27278270894,2.22189295286,1.89182416611
2.27278270894,2.22095495731,2.09935383991
2.27278270894,2.21512050503,1.88377093023
2.27278270894,2.2060822201,1.90013958697
2.27278270894,2.19815057836,1.27205752645
2.27278270894,2.19876080515,1.77819233356
2.2728645737,2.20647441231,1.77819233356
2.2728645737,2.21117823707,1.81336224702
2.2728645737,2.20971166953,1.89666792216
2.2728645737,2.20978883744,1.89961171686
2.2728645737,2.21356355,1.89961171686
2.2728645737,2.21687285963,1.67266789837
2.2728645737,2.2234074034,1.89069831935
2.2728645737,2.2183158374,1.89069831935
2.2728645737,2.2144562383,1.87112518896
2.2728645737,2.20507038232,1.77702829205
2.2728645737,2.19515464687,1.77702829205
2.2728645737,2.20520541404,1.89126044458
2.2728645737,2.19089228162,1.82105926379
2.2728645737,2.17604730297,1.79976950331
2.2728645737,2.18610212343,1.80781184769
2.2728645737,2.20129442392,1.81380601242
2.2728645737,2.19061143468,1.81271424457
2.2728645737,2.18683602832,1.81271424457
2.2728645737,2.17849177231,1.8540111517
2.2728645737,2.19999279996,1.8540111517
2.2728645737,2.19042784476,1.8513610044
2.2728645737,2.17978598572,1.39075995147
2.2728645737,2.18046739702,1.3908309828
2.2728645737,2.16140458655,1.39075995147
2.2728645737,2.17177896691,1.35695895102
2.2728645737,2.20383106926,1.88096742448
2.2728645737,2.20031105722,1.89428883642
2.2728645737,2.18931956554,1.89172353987
2.2728645737,2.18986619902,1.89019963543
2.2728645737,2.19145079785,1.89019461257
2.2728645737,2.20023940245,1.00524685416
2.2728645737,2.20887442999,1.88965951597
2.2728645737,2.22075286131,1.8789865548
2.2728645737,2.20986664226,1.35817402995
2.2728645737,2.23334523407,1.90274307023
2.2728645737,2.23443947172,1.90274307023
2.2728645737,2.21895390052,1.88076058172
2.2728645737,2.20818051675,1.88076058172
2.2728645737,2.19339744708,1.37790195467
2.2728645737,2.19392939517,1.37790195467
2.2728645737,2.21224984715,1.88076058172
2.2728645737,2.19747516142,1.8795839256
2.27463998622,2.20513417275,1.88076058172
2.27463998622,2.20762175534,1.88066507298
2.27463998622,2.20435175893,1.88076058172
2.27463998622,2.19614088591,1.88350584819
2.27463998622,2.19125127884,1.33668217968
2.27463998622,2.20980441787,1.88385041969
2.27463998622,2.21422316951,1.88317323023
2.27463998622,2.2254905733,1.89148287761
2.27463998622,2.22991478846,1.88479762517
2.27463998622,2.21774496331,1.87612788945
2.27464722806,2.21540148892,1.87612788945
2.27464722806,2.21359300514,1.87000045114
2.27464722806,2.19609562622,1.26925444372
2.27464722806,2.19910816972,1.36280583379
2.27468489096,2.19218112942,0.995080162647
2.27468489096,2.1770609916,0.992366431201
2.27468489096,2.21160223472,0.995080162647
2.27468489096,2.21370022787,1.00699109511
2.27468489096,2.21428024665,1.87925910972
2.27468489096,2.23350084217,1.90706666624
2.27468489096,2.24487101366,1.90706666624
2.27476273899,2.23923240323,1.90637840081
2.27476273899,2.22386646363,1.89575174131
2.27476273899,2.2069747128,1.89588810882
2.27476273899,2.22630992343,1.88786551757
2.27476273899,2.20974684833,1.34125102191
2.27476273899,2.20349934568,1.34125102191
2.27476273899,2.21898702418,1.90022533665
2.27476273899,2.21454091452,1.90035851113
2.27476273899,2.22914834719,1.89976561445
2.27476273899,2.23836930421,1.84509408417
2.27476273899,2.22806170113,1.90272871047
2.27476273899,2.22142135659,1.89949578085
2.27476273899,2.20856275353,1.88211231954
2.27476273899,2.19053997718,1.88790300431
2.27476273899,2.20770562831,1.14068805148
2.27476273899,2.18806826227,1.89761175445
2.27476273899,2.187262328,1.89761175445
2.27476273899,2.18075022171,1.89761175445
2.27476273899,2.18880727024,1.89520183827
2.27476273899,2.18507950732,1.2838992657
2.27476273899,2.17115713144,1.28391581068
2.27476273899,2.1791019556,1.8908078495
2.27476273899,2.17874123862,1.89635357452
2.27476273899,2.19365356755,1.84689460476
2.27476273899,2.19537791456,1.8935067105
2.27476273899,2.17515643727,1.88266894027
2.27476273899,2.16536423681,1.88266894027
2.27476273899,2.18141653059,1.88760952089
2.27476273899,2.16402929106,1.75291188264
2.27476273899,2.18139677061,1.88793629603
2.27476273899,2.18988820476,1.89985383362
2.27476273899,2.20500202894,1.90381002656
2.27476273899,2.20179439982,1.39531415502
