best,average,worse
2.11035509716,0.929278908318,0.353638484547
2.11035509716,1.02211754154,0.373639324578
2.19537180198,1.07550820581,0.398138710178
2.19537180198,1.10762995883,0.357255139891
2.19537180198,1.23899119384,0.428647369953
2.19537180198,1.21290946543,0.348545693011
2.19537180198,1.29964712719,0.421617919275
2.21140361191,1.41338884629,0.421523382125
2.21140361191,1.52121620101,0.458573072934
2.2138492762,1.59604412365,0.730019209755
2.2138492762,1.61862358954,0.667969266931
2.23489590721,1.70186977343,0.654926819821
2.23489590721,1.78560613758,0.569824717761
2.24688154084,1.82584705434,0.559824151731
2.24703414086,1.90262653089,0.760550933789
2.2749250756,1.9972959577,0.731530126436
2.27962831031,2.0156871468,0.909542498751
2.29966706359,2.05822149897,0.90616632757
2.30296499993,2.09861379122,0.998690462219
2.30417360971,2.13056897247,1.03886862279
2.30417360971,2.13239014348,1.03101967698
2.30417360971,2.13557332379,1.03001776013
2.30417360971,2.1619239302,0.990811626472
2.3095633908,2.16773433524,0.978845305305
2.3095633908,2.16299843209,1.10355401732
2.3095633908,2.15163738907,1.19026244713
2.3095633908,2.15592645131,1.31858865728
2.3095633908,2.1566533243,1.31896710586
2.30963864463,2.16173462822,1.352198183
2.32359230641,2.14840068791,1.352198183
2.32359230641,2.16578642228,1.3690961256
2.32359230641,2.17701373167,1.36244690591
2.31016560158,2.16972414587,1.35866171941
2.31405138968,2.1771020197,1.3540250352
2.31405138968,2.17767854694,1.36462228888
2.31405138968,2.18244112961,1.56260685731
2.31779363096,2.1891537207,1.34408885946
2.31779363096,2.17815107162,1.33961499113
2.31779363096,2.15602218397,1.35734847195
2.31779363096,2.17314279712,1.3772561918
2.31779363096,2.15924783978,1.32608698412
2.31779363096,2.15904544863,1.33187490567
2.31779363096,2.16514601161,1.36159648801
2.31779363096,2.18833026153,1.36159648801
2.31965740141,2.18228012949,1.35576444235
2.31965740141,2.19294495355,1.38671996255
2.31965740141,2.20149876256,1.38671996255
2.31965740141,2.21011903935,1.37138895146
2.31965740141,2.20100520381,1.80086697875
2.31965740141,2.19502892447,1.83817562203
2.31965740141,2.19832750538,1.77866071589
2.32557892454,2.17708658008,1.33633557864
2.33197449603,2.19384558273,1.78595938377
2.34092424249,2.19581587144,1.38074008868
2.34092424249,2.19018481729,1.38074008868
2.34092424249,2.18421726997,1.36258990794
2.34092424249,2.17563845988,1.33461772004
2.34092424249,2.20356545809,1.89770789915
2.34098582631,2.20455501894,1.94016525519
2.34098582631,2.18176232512,1.35396060736
2.34098582631,2.19833435104,1.35254512248
2.34281718962,2.1963610838,1.3558699088
2.34281718962,2.18249243358,1.35874124032
2.34281718962,2.20456683878,1.35328335667
2.34281718962,2.18887230687,1.35276631856
2.34283560161,2.19821044135,1.35979078229
2.34283560161,2.16029353035,1.35968913795
2.34330554678,2.18113475975,1.34397346305
2.34330554678,2.18902186464,1.34565492553
2.34330554678,2.1849245706,1.33722467946
2.34330554678,2.20180478132,1.34639090463
2.34330554678,2.19484969982,1.34565492553
2.34330554678,2.20568667714,1.34519142882
2.34330554678,2.19731599689,1.34519142882
2.35873377517,2.23346950575,1.34889305635
2.36167215254,2.23302466882,1.34818585519
2.36167215254,2.23365743678,1.34958743543
2.36167215254,2.24804649521,1.34283064346
2.36167215254,2.26431439741,1.34395055076
2.36167215254,2.267100118,1.33983230275
2.3625513583,2.27329551834,1.3253045597
2.3625513583,2.26601253959,1.34446623665
2.3625513583,2.27426805261,1.34270761784
2.37469914035,2.26409269797,1.33636615019
2.37469914035,2.26714420824,1.338489361
2.37469914035,2.26638772374,1.32498949827
2.37450211183,2.25317646301,1.31554782462
2.37450211183,2.22581628553,1.32153672004
2.36292247929,2.25928819464,1.34141423429
2.37184875526,2.27653053471,1.3438699562
2.37184875526,2.27509996658,1.34460308786
2.37184875526,2.24829506071,1.33947750865
2.3750390951,2.24282471948,1.31466248636
2.3750390951,2.26035787277,1.33656959388
2.3762224149,2.25586547437,1.33553096012
2.37719563839,2.26477877624,1.33811408724
2.37719563839,2.22769948612,1.23464742263
2.37719563839,2.25036074842,1.2358840659
2.37731139381,2.28139692096,1.23515320393
2.37749135197,2.2885885637,1.23515320393
2.37750509501,2.29357431812,1.23515320393
2.3776388075,2.31508642614,1.24134002383
2.3776388075,2.27639821673,1.2358840659
2.3776388075,2.26236067568,1.2358840659
2.37773435427,2.27638416519,1.2358840659
2.37782301785,2.27317530781,1.33526849463
2.37790607176,2.24216203914,1.33093289023
2.37790607176,2.2645251734,1.33093289023
2.37811136078,2.29606066199,1.33928684071
2.37811136078,2.30901387156,1.33968434792
2.37811136078,2.32163431958,1.34805190803
2.37822811984,2.32383529896,1.33946585127
2.37822811984,2.33572167708,1.33926762453
2.37822860753,2.31918537346,1.33704615208
2.37883815513,2.31358002826,1.33890401811
2.37896428243,2.29972968922,1.33792395698
2.39247509116,2.2851123784,1.33737285427
2.39247509116,2.28218508104,1.33451877247
2.39247509116,2.29788281688,1.33658770129
2.39247509116,2.30148650874,1.32861212769
2.39291514928,2.29835866641,1.33506859822
2.39353306503,2.28896949401,1.33506859822
2.39353306503,2.30737293344,1.33482288624
2.39353306503,2.31776851511,1.33650876243
2.39391365474,2.32718029748,1.33650876243
2.39391365474,2.32623583794,1.33282298943
2.39391365474,2.30843607045,1.33282298943
2.39441816795,2.31059864323,1.33282298943
2.39441816795,2.31701075621,1.33806684529
2.39441816795,2.30141461404,1.32419190439
2.39441816795,2.28497240341,1.33627237464
2.39441816795,2.29631138419,1.33601148883
2.4024911637,2.2691660704,1.33435179931
2.4024911637,2.28987093573,1.33435179931
2.4024911637,2.28979646706,1.33377502545
2.40278405441,2.30285607875,1.15664330043
2.40278405441,2.31910598198,1.15664330043
2.40278405441,2.29859423952,1.15740091183
2.40289842566,2.28254338942,1.31915681666
2.40289842566,2.2754989493,1.31915681666
2.40289842566,2.27889946413,1.31938679544
2.40317648426,2.29794197137,1.31670336655
2.40300721926,2.31082563569,1.31887565449
2.40300721926,2.31575245375,1.34481800779
2.40300721926,2.30491277042,1.34481800779
2.40300721926,2.31180818196,1.3200875399
2.40475751862,2.29852112729,1.3200875399
2.40475751862,2.32503193292,1.3200875399
2.40476400009,2.33427234355,1.32059803092
2.40475751862,2.3352027027,1.34039796265
2.40640482792,2.31815085592,1.34039796265
2.40640482792,2.31187342149,1.34032538303
2.40640482792,2.32897587046,1.33968400629
2.40655928187,2.3357120747,1.3426282841
2.4080331608,2.34598561409,2.12417435833
2.41706119703,2.33195194213,1.31811035025
2.41706119703,2.31193318378,1.31553106609
2.41706119703,2.31042180749,1.31706380195
2.41706119703,2.31706483721,1.33101856956
2.41723371327,2.32941819009,1.35439616336
2.41723371327,2.33020022962,1.3701546755
2.41779090718,2.33385342253,1.33756454717
2.41779090718,2.33107710265,1.34402977382
2.41779090718,2.34500559915,1.31005166784
2.41908012638,2.33382603153,1.34375857922
2.41908012638,2.33798072853,1.34476096449
2.41908012638,2.31306466214,1.33692368286
2.41908012638,2.30332021114,1.33672020774
2.41908012638,2.33475881519,1.33767653628
2.42013106244,2.35274778723,1.38549900063
2.42013106244,2.34794596954,1.35881228547
2.42059859687,2.35072722531,1.35884871265
2.42059859687,2.35537148867,1.32154963619
2.42059859687,2.34614575133,1.3397524551
2.42059859687,2.34071995228,1.33778847449
2.42059859687,2.34708713466,1.34018579843
2.4213923488,2.34749326271,1.33918570596
2.42212734075,2.36596911472,1.82850052062
2.42212734075,2.3528129412,1.33277436163
2.42212734075,2.35223302203,1.33363179778
2.42237230529,2.35386196545,1.33943171426
2.42336628097,2.3534526028,1.34054489253
2.42336628097,2.34221413351,1.34087812987
2.42336628097,2.34359761157,1.33677897096
2.42441732757,2.33414021043,1.33890647357
2.42441732757,2.32597460543,1.34009243575
2.42441732757,2.34530612045,1.34612802676
2.42441732757,2.3248987154,1.34612802676
2.42455978351,2.32396178634,1.3671216688
2.42455978351,2.32182060299,1.34689833724
2.42455978351,2.33783152535,1.36808420486
2.42455978351,2.32662159645,1.33551946578
2.42455978351,2.31577404034,1.33581657673
2.42455978351,2.33977057997,1.33527293914
2.42455978351,2.33449338881,1.32885846184
2.42471259452,2.34856155709,1.32890783605
2.42490215355,2.33998280935,1.33870323767
2.42490215355,2.36084655995,1.34253515649
2.42490215355,2.34235614818,1.33754142719
2.42533295594,2.35094900139,1.33486584027
2.42533295594,2.33703011484,1.33501515187
2.42533295594,2.32483713646,1.33501515187
2.42533295594,2.32611509698,1.3369076069
2.42536845433,2.33694245212,1.33173704308
2.42536845433,2.33221132657,1.33115132482
2.42536845433,2.33953829208,1.30962016877
2.42543543637,2.34789478438,1.33514546098
2.42543543675,2.35695646095,1.3462763688
2.42548584783,2.3554812827,1.3497155451
2.42585277232,2.31644280994,1.34062983632
2.42586678856,2.31283196819,1.34077434714
2.42591876946,2.3089579126,1.34694970094
2.42591876946,2.33032257545,1.34712975371
