best,average,worse
1.64696188154,0.990288758589,0.591671420126
1.77040361745,1.03223032488,0.647558221109
1.8257707512,1.02913560909,0.647558221109
1.96471076248,1.08262159848,0.666008379275
1.96471076248,1.12165528162,0.646501773983
1.96471076248,1.16611181778,0.655864680254
2.01540834131,1.20737632922,0.672530212463
2.04710804418,1.24048428744,0.628653356831
2.04710804418,1.3352342806,0.716202425724
2.04710804418,1.40721275996,0.771089192289
2.04710804418,1.49861551815,0.796626081946
2.04876843524,1.54382834996,0.77306049154
2.05319993845,1.66670469813,0.688313481505
2.05319993845,1.72709533852,0.696679410351
2.07627251445,1.7719914128,0.696679410351
2.07627251445,1.81613042154,0.696679410351
2.08345622341,1.85895004755,0.905843866295
2.10219762422,1.87177871869,0.894705337526
2.1022174113,1.87310732342,0.891401955585
2.1022174113,1.89656174147,1.21009918249
2.1022174113,1.90760868144,1.22244597764
2.1022174113,1.93628246627,1.21523106097
2.10422013423,1.95144787566,1.54108388337
2.10422013423,1.95403660777,1.25233485439
2.17405437358,1.99016212842,1.60000248956
2.17175320869,1.99589543309,1.57358956472
2.17175320869,2.00945639382,1.60793048466
2.17175320869,2.01928461526,1.25987263057
2.17175320869,2.05168148024,1.7570085336
2.17405437358,2.0516599532,1.79549760051
2.17475125172,2.05097512986,1.79720876656
2.17475125172,2.0551519868,1.80071394522
2.17705705041,2.04554041139,1.76432935725
2.17705705041,2.04806299364,1.6457752472
2.17705705041,2.03973223228,1.6527376056
2.17705705041,2.0372123981,1.64916653787
2.17705705041,2.0417808131,1.64989301246
2.17705705041,2.02954568378,1.64705561374
2.17877856018,2.03052832898,1.72891091929
2.18036878728,2.03501357486,1.72810947025
2.18139431695,2.0361904952,1.7886124869
2.18189509335,2.04153677399,1.64991922198
2.18189509335,2.04116477065,1.62170683095
2.18390388711,2.04489966826,1.62820503685
2.18402656349,2.04992011026,1.7515001449
2.18402656349,2.04120023317,1.38101344578
2.18544705467,2.02424841349,1.02737655362
2.18571229856,2.05647717353,1.79844651434
2.18571229856,2.05871436574,1.7980563529
2.18571229856,2.03835359181,1.60192708842
2.18596320248,2.05840685102,1.77215089789
2.18647789104,2.07205727035,1.86075301218
2.18661982685,2.08861952983,1.77752070038
2.18679291431,2.08608732792,1.86264790245
2.18679291431,2.07396458546,1.86264790245
2.18661982685,2.08679295941,1.77711714408
2.1873867414,2.09269505959,1.86438164177
2.18818978428,2.10220131579,1.86346446067
2.18818978428,2.12125444005,1.92530316679
2.18818978428,2.12687704044,1.86681268957
2.18818978428,2.1132645232,1.9050897058
2.18818978428,2.10035336845,1.88276902056
2.18818978428,2.10361391789,1.92464229918
2.1900230436,2.10430307806,1.88849137444
2.1900230436,2.11492866061,1.87577964842
2.1900230436,2.10843708816,1.87577964842
2.1900230436,2.1053912759,1.81135042068
2.19047761743,2.10033820136,1.82267321776
2.19047761743,2.09330434141,1.82267321776
2.19093987338,2.09135373941,1.8166059797
2.19093987338,2.10442170003,1.82267321776
2.19093987338,2.08968002738,1.81498762626
2.19112244361,2.09261166833,1.81941852874
2.25621185088,2.088773786,1.80110187962
2.25621185088,2.09991557358,1.81123354237
2.25569696743,2.11579777441,1.92855930183
2.25612808565,2.11794125004,1.90794672591
2.25612808565,2.12328157581,1.92855930183
2.25612808565,2.12414604167,1.92855930183
2.25612808565,2.1373695836,1.81172154782
2.25639874183,2.13451623403,1.81172154782
2.25768470084,2.13158212998,1.80813774819
2.25703802376,2.13490870075,1.92120034256
2.25730560613,2.13031576366,0.76196698903
2.2589267369,2.13980293674,1.88639511083
2.2589267369,2.13343039238,1.88212468483
2.26010579276,2.13358602571,1.88294863665
2.2609945,2.14518804983,1.88073020582
2.26118483594,2.15125380775,1.88296616156
2.26218959689,2.14109102304,1.87932288793
2.26118483594,2.14059888439,1.91293104373
2.2624860623,2.14803379708,1.83209184223
2.2624860623,2.16231073041,1.83209184223
2.2624860623,2.15391456621,1.71568207297
2.2624860623,2.14976550773,1.66637541274
2.2638482199,2.14144036806,1.31138834946
2.2638482199,2.13743551766,1.81583023051
2.2638482199,2.14019704183,1.81548576093
2.26419520208,2.12737793743,1.61740563651
2.26419520208,2.12478892432,1.69363810771
2.26407180058,2.12867821779,1.71263352191
2.26407180058,2.1291388162,1.71263352191
2.26414707575,2.1331005293,1.71263352191
2.26414707575,2.13014656818,1.66852781449
2.26414707575,2.13289252951,1.90551341992
2.26480611037,2.13066388237,1.92486717264
2.26480611037,2.14458834485,1.93376889485
2.26545236,2.14764237889,1.81709338073
2.26545236,2.15544152554,1.81709338073
2.26545236,2.16622085821,1.81663097024
2.26545236,2.15644539687,1.81580095412
2.26545236,2.1630099384,1.79286848967
2.26779370177,2.14922186315,1.79286848967
2.26779370177,2.16149785617,1.9875664883
2.26779370177,2.15704279362,1.79400868554
2.26779370177,2.15390774968,1.81067189229
2.26779370177,2.14705860988,1.8085495472
2.26779370177,2.16168422803,1.8085495472
2.26875457964,2.16741663536,1.98104248356
2.26875457964,2.16645406755,1.89368069965
2.26875457964,2.16097067259,1.89368069965
2.26875457964,2.15828079063,1.89368069965
2.26875457964,2.16194873754,1.5475999931
2.26875457964,2.15534939872,1.55431780418
2.26875457964,2.17420158864,1.80482875782
2.26915149991,2.19303927249,1.78293756455
2.26915149991,2.198475261,1.63094475998
2.26890360944,2.20392958723,1.78102482103
2.26890360944,2.2082498614,1.99490276577
2.26890360944,2.19345819044,1.89550586594
2.27024351376,2.17717960007,1.91145531707
2.27024351376,2.19066327979,1.93524817974
2.27024351376,2.19001534867,1.9069379272
2.27024351376,2.1930848262,1.88964342538
2.27024351376,2.19343071831,1.88964342538
2.27024351376,2.20246593749,1.94253463144
2.27039594552,2.2121739073,2.01503706025
2.27052848021,2.22093262104,1.93884065868
2.27052848021,2.20973074907,1.94332530972
2.27052848021,2.20510699067,1.93999484246
2.27099234419,2.2100309468,1.94332530972
2.2715255267,2.21171748189,1.93234443236
2.2715255267,2.20829203844,1.91819228657
2.2715255267,2.19010666311,1.6735139301
2.27334409427,2.19917337464,1.6775356119
2.27334409427,2.19276617032,1.6780668129
2.27334409427,2.18917057995,1.67472574538
2.27334409427,2.19098593449,1.67535110107
2.27334409427,2.16188608611,0.745450462472
2.27387993182,2.18536404499,1.62018187441
2.27387993182,2.17316459063,1.64378647102
2.27387993182,2.16047132233,1.64378647102
2.27406021604,2.15320673885,1.64330855484
2.27406021604,2.15367128032,1.68045269249
2.27406021604,2.16224131452,1.68045269249
2.27406021604,2.13968194816,0.844948334528
2.27406021604,2.17974226913,1.83125126386
2.27483084788,2.19284903227,1.8285271603
2.2751766778,2.17654612536,1.82966624319
2.2751766778,2.15785901537,1.31423782139
2.34139242351,2.18861374297,1.67171200156
2.34139242351,2.19290348017,1.88132448161
2.34139242351,2.20150802511,1.81957783037
2.34139242351,2.21613152301,1.8211784776
2.34139242351,2.22777837413,1.93545978575
2.34139242351,2.2263471209,1.93725662492
2.34139242351,2.21111600858,1.90598569374
2.34139242351,2.20383906205,1.90598569374
2.34231742079,2.20305173156,1.66225740866
2.34231742079,2.19942492073,1.65920851924
2.34231742079,2.20128323295,1.94195010473
2.34231742079,2.2109502318,1.66054669086
2.34231742079,2.2086064269,1.94501002412
2.34231742079,2.20430145959,1.80944610553
2.34231742079,2.22656239689,1.80944610553
2.34288128513,2.22948688676,2.02145558491
2.34288128513,2.22476856222,2.0101699345
2.34288128513,2.2134590051,2.03139812175
2.34288128513,2.20740882399,1.95005040028
2.34288128513,2.20973699006,1.93656177985
2.34288128513,2.20255877201,1.94512199696
2.34288128513,2.2087062971,1.83632863752
2.34335192141,2.2049617985,1.78374709315
2.34335192141,2.22200627559,1.83788394265
2.34335192141,2.20709384572,1.86247853972
2.34335192141,2.19116862405,1.83639203133
2.34335192141,2.1938725983,1.83385153598
2.34335192141,2.21971786357,1.83221077206
2.34454433934,2.22334756755,1.83221077206
2.34454433934,2.24537867715,1.84135949368
2.34454433934,2.23720342032,1.90117416729
2.34454433934,2.24245036252,1.94086825156
2.34454433934,2.24888047366,2.01585623835
2.34454433934,2.25365168113,2.01585623835
2.34454433934,2.25243338418,2.01585623835
2.3450201699,2.26709412701,2.01506616427
2.3450201699,2.24221716727,2.02500635105
2.3450201699,2.23972527288,1.82821512282
2.3450201699,2.24828531244,1.94003767117
2.34563735793,2.25472242971,1.91994505656
2.34563735793,2.24625237804,1.79210123073
2.34563735793,2.25195332039,1.91505366249
2.34563735793,2.26329912842,1.9204249047
2.34563735793,2.26873407688,1.94503333438
2.34563735793,2.27444699198,2.02982626304
2.34563735793,2.27125302156,2.02982626304
2.34563735793,2.26246330357,1.84698120876
2.34598277264,2.27016611402,1.94558559848
2.34598445416,2.28010653604,2.03960856608
2.34598445416,2.27293197031,1.87818452893
2.34598445416,2.25006649066,1.64804945089
2.34639813411,2.25297750397,1.85238550514
2.34639813411,2.25143167283,1.95077921842
2.34639813411,2.2423904342,1.67886868173
2.34639813411,2.25688557328,1.5923049045
2.3466381998,2.24796686411,1.67896845042
2.34774256872,2.24900031187,1.67896845042
2.34774256872,2.25069511489,1.82111969121
2.34774256872,2.24764266527,1.78708787631
2.34774256872,2.21561078897,1.67864656444
2.34774256872,2.23328046918,1.67802442264
2.34929727385,2.23375821249,1.67968901295
2.34929727385,2.24929213141,1.77300900827
2.34929727385,2.25583703328,1.67968901295
2.34929727385,2.23583932604,1.68007275308
2.34929727385,2.22593558962,1.64573553641
2.34929727385,2.22941813904,1.64573553641
2.34929727385,2.25603893529,1.65296465405
2.34929727385,2.27013857323,1.65806979904
2.34967290415,2.27398724181,1.82053286478
2.34967290415,2.27453150742,1.81979594591
2.34967290415,2.26925747217,1.82053286478
2.34976593459,2.24305503745,1.33187265237
2.34976593459,2.24121314804,1.32045896533
2.34976593459,2.22170402742,1.32045896533
2.34996445024,2.22751157317,0.980392186651
2.34996445024,2.22124152968,0.980392186651
2.34996445024,2.23819802109,1.32265892766
2.34996445024,2.24510640748,1.82324305992
2.34996445024,2.23837635025,1.82270561618
2.35006425122,2.26022066316,1.82517151497
2.35029792689,2.27420331852,2.04818015581
2.35028567265,2.268993052,1.95013359165
2.35105400185,2.25625667048,2.04837339615
2.35105400185,2.2614091936,1.83562246026
2.35105400185,2.24170994614,2.0433560662
2.35258441457,2.25008841497,1.77138333192
2.35258441457,2.2404439516,1.77138333192
2.35258441457,2.2560845588,1.76801168051
2.35258441457,2.25812557895,1.89736689125
2.35460102372,2.24857656555,1.09324345916
2.35460102372,2.23754858763,1.08765535273
2.35460102372,2.25436814711,2.12509587637
2.35460102372,2.26350561702,2.0401758737
2.35460102372,2.2606559367,1.96283813305
2.35460102372,2.26635086311,2.03544055889
2.35460102372,2.2658345496,2.04361543875
2.35515824885,2.26558900523,1.95736082463
2.35515824885,2.2740373082,1.95736082463
2.35520380573,2.27368300013,1.94848787332
2.35520380573,2.27027096075,1.93606459646
2.35520380573,2.27329649417,1.94366003271
2.35545626496,2.28009022419,2.03298573234
2.35545626496,2.26984701452,2.11524890497
2.35545626496,2.26452381115,1.77503495876
2.35545626496,2.25847352873,1.77509383408
2.35545626496,2.23751809995,1.68831310586
2.35545626496,2.24796605653,1.68703261346
2.35545626496,2.26099273913,1.68703261346
2.35545626496,2.26546156427,1.84112878298
2.35545626496,2.25945607612,1.68703261346
2.35673465088,2.24412463635,1.82430351665
2.35707760078,2.23353393739,1.83899292795
2.35707961878,2.23544659411,1.85639510574
2.35707961878,2.25254260865,1.82906437483
2.35707961878,2.25417951346,1.9526787482
2.35707961878,2.23315082433,1.95249669659
2.35707961878,2.21678719541,1.81466617636
2.35707961878,2.19815104067,1.94499946178
2.35707961878,2.20256960415,1.91199128459
2.35707961878,2.18542402533,1.84349182508
2.35851888034,2.19174708815,1.84059319874
2.35851888034,2.19129656103,1.84144625192
2.35851888034,2.19743060778,1.92109471912
2.35851888034,2.21971823838,1.84157425129
2.35881323994,2.20933803817,1.8345782653
2.35881323994,2.20991886867,1.91238438059
2.35932577939,2.20992624372,1.81512262437
2.35932577939,2.21709429747,1.81840714519
2.35932577939,2.24121969832,1.91608437567
2.35932577939,2.23576189242,1.8437194188
2.35966122583,2.23402192191,1.84090053314
2.36015998046,2.21988691932,1.82800900506
2.36015998046,2.21673076889,1.83680170702
2.36015998046,2.22416608785,1.83680170702
2.36015998046,2.19658449203,1.83098225111
2.36100968658,2.20898648885,1.83098225111
2.36100968658,2.22637276559,1.8401910076
2.36100968658,2.21678874558,1.83646086656
2.36100968658,2.23104996293,1.94473663961
2.36100968658,2.2480760468,1.94852633212
2.36100968658,2.26062822375,1.9709249818
2.36107196907,2.26270372201,1.94944534255
2.36107196907,2.23871861774,1.83756798508
2.36107196907,2.26863444855,1.89811432718
2.36107196907,2.25297835368,1.89014907159
2.36107196907,2.24223462206,1.89124577197
2.36107196907,2.23212568152,1.95791936556
2.36107196907,2.21012031692,1.82144713283
2.36107196907,2.20700527045,1.79479899483
2.3621533209,2.1973701702,1.91066981976
2.3621533209,2.20668058992,1.95607176856
2.3621533209,2.21449272785,1.85808071596
2.3621533209,2.20929356303,1.84965042503
2.3621533209,2.21159532159,1.78127182438
2.3621533209,2.23308480616,1.95491168077
2.3621533209,2.2546063682,1.94967380584
2.3621533209,2.23839817874,1.84178167791
2.3624354147,2.25296693612,1.84178167791
2.3624354147,2.2431353459,1.83343883827
2.36258420098,2.22762323464,0.932825959029
2.36258420098,2.23706577684,1.98801415837
2.36258420098,2.25481201115,1.98801415837
2.36258420098,2.24272052478,1.85153529912
2.36286402066,2.23252100493,1.81225677107
2.36279555201,2.24241009404,1.81199555696
2.36279555201,2.22955714137,1.8134774457
2.36292405719,2.23711686435,1.8134774457
2.36292405719,2.23451054226,1.80732174003
2.36297141957,2.24794956547,1.80842266145
2.36297141957,2.22506861773,1.02134161426
2.36339337479,2.25058913112,1.00389642277
2.36339337479,2.24583681175,1.00389642277
2.36339337479,2.25167610477,1.00389642277
2.3636766925,2.26692588593,1.0015430657
2.3636766925,2.24522362764,1.0015430657
2.3636766925,2.27784151714,1.76533796713
2.3636766925,2.28677410657,1.87402855677
2.3636766925,2.28588853266,1.88739386298
2.3636766925,2.28349010814,1.96554267354
2.36400052876,2.28414836245,2.035804607
2.36381335951,2.29563691453,2.04211538074
2.36400052876,2.29207176402,2.04136167591
2.36505045409,2.2828639377,2.03510792191
2.36505045409,2.28040593601,2.03963454428
2.36561901788,2.26833760616,2.03963454428
2.36561901788,2.24904464578,2.03073602594
2.36640199661,2.23953456011,1.91903260091
2.36640199661,2.24226283814,1.94797998251
2.36640199661,2.23961245256,1.94326224459
2.36640199661,2.25361984132,1.93838105376
2.36640199661,2.25038936339,1.93838105376
2.36640199661,2.25911575617,1.97361007913
2.36640199661,2.25022007235,1.97187473928
2.36668680468,2.2409757187,1.9756898348
2.36668680468,2.24871438086,2.04678825421
2.36668680468,2.24051797675,1.97386433972
2.36668680468,2.24103004242,1.9756898348
2.36691860314,2.22149780933,1.82131373075
2.36691860314,2.22672942335,1.95708820408
2.36691860314,2.21747342839,1.95993557477
2.36739514884,2.2159617808,1.94532014844
2.36739514884,2.21823728105,1.94532014844
2.36767986564,2.21837988367,1.94245550965
2.36767986564,2.20946691744,1.83899331781
2.36767986564,2.21449546073,1.81368601344
2.36767986564,2.22260511127,1.93776359952
2.36767986564,2.20444382138,1.93646393201
2.36767986564,2.20471639781,1.93646393201
2.36767986564,2.2220699955,1.83473579552
2.36781286796,2.20427056516,1.96024068036
2.36787399816,2.20914304868,1.96227291767
2.36787399816,2.22038172469,1.95436809682
2.36787399816,2.23645017242,1.96382794723
2.36787399816,2.2489636447,1.96382794723
2.36787399816,2.24422672878,1.96184791586
2.36787399816,2.2485526597,2.03718845699
2.36858055762,2.23909868467,2.03677414421
2.36858055762,2.23983064342,1.94921653633
2.36858055762,2.24228880398,1.85816716575
2.36858055762,2.25791505814,1.93254174149
2.36858055762,2.25198192325,1.85264422864
2.36858055762,2.25453948872,1.92758474445
2.36858055762,2.28208486078,1.9325914975
2.36858055762,2.29694479618,2.0614355478
2.36858055762,2.28428833645,2.10516141143
2.36858055762,2.2870090138,1.82559924235
2.36874703126,2.29460974564,2.10405179905
2.36858055762,2.29256185498,2.0739525501
2.36882157216,2.28125166996,1.81891308911
2.36882157216,2.25697815501,1.81368835997
2.36885268649,2.25365804843,1.45332039592
2.36885268649,2.28740336972,1.96217269772
2.36885268649,2.27152110424,1.85558236039
2.36885268649,2.27838944675,1.85558236039
2.36893220714,2.28835027278,1.82523706043
2.36899666067,2.28551913758,1.84257218328
2.36899666067,2.28594128553,2.0649911767
2.36899666067,2.29100805586,2.04930483213
2.36899666067,2.28063188837,1.9788914642
2.36899666067,2.27341690341,2.04654792393
2.36948800797,2.27119026953,1.94484924999
2.36948800797,2.28573447208,2.05207864624
2.36948800797,2.27876080842,2.04806845817
2.3695986823,2.27206099762,2.04806845817
2.3695986823,2.26020818896,2.04806845817
2.3695986823,2.26773825786,2.06788615287
2.3695986823,2.25128965719,1.95537981672
2.3695986823,2.26261308752,1.96930513998
2.3695986823,2.27496240061,1.96835310996
2.3695986823,2.2849168536,1.96823039016
2.3695986823,2.28381963957,1.97259732128
2.3695986823,2.26519875273,1.80530860887
2.3695986823,2.26044357481,1.96299178813
2.3695986823,2.26574495001,1.96479435901
2.3695986823,2.27765818977,1.96479435901
2.3695986823,2.28674048075,1.96440155559
2.3695986823,2.27716680944,1.92741274698
2.36976222479,2.26321699213,1.92741274698
2.36987347536,2.25623784324,1.97722775368
2.36987347536,2.26418188969,1.97742344452
2.36987347536,2.26058287359,1.97798251874
2.36987347536,2.27000990672,1.85335162899
2.36987347536,2.2709376898,1.85335162899
2.37017933906,2.27925282108,1.96273629564
2.37017933906,2.28300981926,1.96051963809
2.37017933906,2.2797307862,2.05883496071
2.37017933906,2.27894321227,1.84559879382
2.37017933906,2.28120182456,1.95968878749
2.37013379088,2.2939983471,2.07200612752
2.37013379088,2.3015165042,2.06218688918
2.37073137082,2.2985820195,2.06924584584
2.37073137082,2.28762154425,2.06180644431
2.37121325924,2.28863644496,1.95190453237
2.37121325924,2.2785274871,1.95190453237
2.37121325924,2.27760273473,2.03418437103
2.37121325924,2.28641310138,2.03443934928
2.37121325924,2.27692795888,1.974691
2.37121325924,2.26830469742,1.86002748624
2.37121325924,2.27230438542,1.92632538521
2.37121325924,2.2751351502,1.92397470439
2.37183617964,2.27297667372,1.82166326164
2.37183617964,2.28430863926,1.9350712808
2.37183617964,2.28235979905,1.94615386726
2.37183617964,2.27132018869,1.95498324673
2.37183617964,2.27121841923,1.95498324673
2.37183617964,2.28568324123,1.97450740104
2.37208784913,2.28097181421,1.97836075986
2.37208784913,2.28250215661,1.97905355237
2.37210974017,2.27767177244,1.98306892557
2.37210974017,2.28001385464,1.97862999162
2.37210974017,2.27648157665,1.90709945579
2.37240913831,2.28391759879,1.90463357047
2.37240913831,2.29145045072,1.90303130409
2.37240913831,2.28787548268,1.90463357047
2.37240913831,2.26487688367,1.86652880657
2.37224135167,2.24694031824,1.84034640764
2.37224135167,2.26218335182,1.89846696424
2.37263863332,2.27079523483,1.89846696424
2.3729512871,2.26603418727,1.86930465545
2.3729512871,2.29548185212,1.98092874817
2.3729512871,2.29476883605,1.97832033153
2.3729512871,2.29511441528,2.00083307764
2.3729512871,2.29910933304,1.82610379653
2.37304587587,2.27928067492,1.82636422751
2.37304587587,2.27551337724,1.94026977031
2.37351786826,2.2829777206,1.86398904587
2.37304587587,2.27111534359,1.60902812455
2.37319532759,2.27937202289,1.60902812455
2.37319532759,2.26555285319,1.68186063401
2.37319532759,2.26659760901,1.85431495252
2.37319532759,2.26407069047,1.9401618684
2.37319532759,2.26254631598,1.9401618684
2.37319532759,2.27009997141,2.06138396602
2.37363162292,2.27536293287,2.01804539641
2.37363162292,2.27624753768,2.01778802805
2.37363162292,2.27147974524,2.01778802805
2.37468992636,2.26521082391,1.94944012611
2.37468992636,2.27364590166,2.01430729752
2.37468992636,2.27300140258,2.0347703926
2.37468992636,2.26969678703,2.07532935798
2.37468992636,2.25276577615,1.60641812091
2.37468992636,2.25123375596,2.06406831753
2.37468992636,2.27081913437,1.98459619216
2.37468992636,2.26835285046,1.87010399555
2.37468992636,2.2767032659,1.87010399555
2.37468992636,2.27793772142,1.97259609152
2.37468992636,2.27315800289,1.97310082488
2.37468992636,2.27761954661,1.97259609152
2.37468992636,2.28898865822,1.93617703483
2.37468992636,2.26477777155,1.9825954679
2.37468992636,2.25744033095,1.98004879067
2.37468992636,2.25473329483,1.95780021171
2.37468992636,2.22927340466,1.88081639187
2.37468992636,2.23542421682,1.87923010766
2.37502429939,2.23437413113,1.35611483417
2.37502429939,2.23469367735,1.83532125852
2.37502429939,2.24056265153,1.8785143008
2.37502429939,2.23201291912,1.8785143008
2.37502429939,2.23737609206,1.8785143008
2.37502429939,2.24422966305,1.85028152728
2.37502429939,2.25501219073,1.58053341278
2.37502429939,2.25781061951,1.43238216223
2.37502429939,2.24383073044,1.43185137766
2.37538324228,2.23818106848,1.43185137766
2.37538324228,2.25604364903,1.43185137766
2.37538324228,2.24242365503,1.43185137766
2.37538324228,2.26352158405,1.44943202858
2.3756974102,2.24933725899,1.58687092651
2.3756974102,2.25171275007,1.96919934023
2.3756974102,2.24921367872,1.85257926935
2.3756974102,2.24828465803,1.95310929474
2.3756974102,2.23862795818,1.72306891669
2.3761876372,2.24668226583,1.95478195383
2.3761876372,2.26494243729,1.95644443994
2.3761876372,2.26821930985,2.05305974439
2.3761876372,2.27339502893,2.07505452242
2.3761876372,2.25681083022,1.98624045708
2.37643502153,2.24617608864,1.2449610136
2.37643502153,2.2474160452,1.97950468452
2.37643502153,2.25741683653,1.98624045708
2.37643502153,2.26270305091,1.97621350907
2.37643502153,2.27333470724,1.98624045708
2.37643502153,2.28387523877,2.07505452242
2.37654719036,2.26133538042,2.07433513608
2.37654719036,2.26777969583,2.07433513608
2.37654719036,2.26226520396,2.07732646447
2.37654719036,2.25641625596,1.87421934299
2.37654719036,2.27741657767,1.98780190186
2.37788344676,2.2817517301,2.07481835314
2.37788344676,2.27105988563,2.07481835314
2.37788344676,2.25774252296,2.05945691148
2.37788344676,2.25796611761,2.07713174576
2.37788344676,2.26774184746,2.05076680208
2.37788344676,2.26173747905,0.857828532415
2.37788344676,2.27095199473,0.829602453448
2.37788344676,2.28415995625,1.86874326279
2.37788344676,2.28774032911,1.86874326279
2.37883573933,2.27293249159,2.04796305427
2.37883573933,2.27026995495,1.84165321514
2.37883573933,2.28399976786,1.83835485156
2.37883573933,2.29340618935,1.83844919525
2.37904626949,2.29215244253,1.95730035796
2.37904626949,2.29319928309,1.96911565791
2.37904626949,2.29301022821,1.96619473383
2.37904626949,2.29838077654,1.9677176594
2.37904626949,2.31998282099,1.96921492991
2.37904626949,2.31899492305,1.96844180382
2.37953693828,2.32370164234,2.05788800554
2.37953693828,2.3151366438,1.96155604355
2.37957537675,2.29935576913,1.32124949461
2.37957537675,2.30338902018,2.0329520128
2.37957537675,2.29945777254,2.03244234297
2.37957537675,2.289922161,2.03244234297
2.37957537675,2.29384797129,2.03244234297
2.37957537675,2.29464985685,1.79705712132
2.37957537675,2.26857892524,2.03339304013
2.37957537675,2.26685554152,2.02579954224
2.37970802107,2.27889867499,2.02346532751
2.37970802107,2.28529064106,1.93239283278
2.37970802107,2.28406680548,1.93282573039
2.37982321808,2.30162640828,2.02984504848
2.37983994137,2.29260900763,1.98449377522
2.37985729797,2.29839416303,1.98449377522
2.38002412863,2.29546433153,1.26211216823
2.38002412863,2.3123780347,1.98449377522
2.38002412863,2.29511030321,1.98449377522
2.38002412863,2.29529710499,1.98346144331
2.38002412863,2.30193277833,1.98346144331
2.38002412863,2.29760281034,2.08338080262
2.38002412863,2.2911598481,2.08318423622
2.38002412863,2.28866131207,2.08318423622
2.38002412863,2.2963650902,1.97731537749
2.38002412863,2.31471196101,2.07642614126
2.38049124568,2.30776475023,2.07911635102
2.38049124568,2.31183929855,2.08949297894
2.38049124568,2.31134665363,2.15998358592
2.38049124568,2.28741445411,1.73642492215
2.38049124568,2.26276237372,1.73387925082
2.38074861432,2.25583538365,1.80067976163
2.38074861432,2.28387329555,1.80067976163
2.38074861432,2.30268320882,1.80067976163
2.38107755547,2.31109954371,1.803790471
2.3812692017,2.31637179882,2.06327581673
2.3812692017,2.31240259548,2.05646246234
2.3812692017,2.31654622317,2.05646246234
2.3812692017,2.31652635973,1.94777044591
2.3812692017,2.30965280626,2.05137991377
2.3816918027,2.30815478664,2.05625747833
2.38171779508,2.30936920809,2.06632756854
2.3825481988,2.31543035717,2.15986042997
2.3825481988,2.31851928017,2.14824815911
2.3825481988,2.32375854276,2.16232900358
2.38264948781,2.33435516713,2.15668448461
2.38264948781,2.33183007799,2.16907059798
2.38264948781,2.33651910996,2.23223736961
2.38264948781,2.34098705994,2.15580668671
2.38384228045,2.34145797757,2.22861354708
2.38384228045,2.3338966526,2.08081533915
2.38384228045,2.3248403765,2.07722899545
2.38384228045,2.32371076483,1.98687765746
2.38394273966,2.30865247311,1.98787552047
2.38394273966,2.33017720651,1.98787552047
2.38394273966,2.33703206424,2.08088198213
2.38394273966,2.33818741933,2.08088198213
2.38394273966,2.32049705138,1.32534836151
2.38434894917,2.30893262507,1.32565766409
2.38434894917,2.32337284623,1.32941118393
2.38434894917,2.32499233962,1.32299453066
2.38434894917,2.33309374974,2.03574210323
2.38472295559,2.33149742835,2.03574210323
2.38472295559,2.33279082894,2.03814108802
2.38472295559,2.32440006321,1.96929195766
2.38472295559,2.31496626228,1.96929195766
2.38472295559,2.30766663417,2.05164082321
2.38472295559,2.3138545712,2.0511514809
2.38472295559,2.30860155184,2.14650664209
2.38507612514,2.3161752106,2.14650664209
2.38507612514,2.3063985146,2.08472752005
2.38507612514,2.30213435046,1.98053726018
2.38507612514,2.31660688875,2.09013786873
2.38544030075,2.3156531485,2.14335319849
2.38544030075,2.3186799216,2.13912212114
2.38544030075,2.32053189485,2.14232266113
2.38544030075,2.30097509818,2.08210504629
2.386356866,2.31247073371,2.14149853457
2.386356866,2.3100722326,2.14190920841
2.386356866,2.31891232621,2.14027045048
2.386356866,2.31691149001,2.05437222846
2.38674429475,2.31082866555,2.05437222846
2.38674429475,2.30774294287,1.86693799951
2.38674429475,2.32119612147,2.14176134437
2.38674429475,2.33253678044,2.13894446604
2.38674429475,2.32610209256,2.06130302702
2.3871146152,2.3211583501,1.96565127103
2.3871146152,2.32517254881,2.08656862064
2.3871146152,2.3225755465,2.07689584723
2.39004776819,2.31421400595,2.08142790443
2.39004776819,2.32105157555,2.08805644022
2.39004776819,2.31537300025,2.07350650309
2.39004776819,2.31149346161,2.07350650309
2.39004776819,2.31149337629,2.04264050661
2.39005432996,2.30480817694,2.04264050661
2.39100325344,2.29982142713,2.04264050661
2.3903547778,2.29709504309,2.06790070022
2.3903547778,2.29862755262,2.06092243801
2.3903547778,2.29640505062,1.99020079741
2.3903547778,2.28603471476,1.99235545161
2.39120501863,2.29342463293,1.99234907488
2.39120501863,2.28996281122,1.96104858953
2.39120501863,2.2928718218,1.98163011564
2.39120501863,2.29714844312,2.06172359829
2.39120501863,2.3018292696,2.08139703249
2.39126428099,2.30092350027,2.0867887974
2.39126428099,2.29792214724,2.08171936927
2.39126428099,2.30602894247,2.08823666816
2.39126428099,2.29704500446,1.96041731262
2.39126428099,2.29316810844,1.88334946144
2.39126428099,2.30385509137,1.96106323997
2.39126428099,2.28737661914,1.84949617252
2.39126428099,2.27209759314,1.84839691084
2.39126428099,2.29261248388,1.84839691084
2.39349111659,2.30076221173,1.84658729622
2.39349111659,2.28668491519,1.84839691084
2.39349111659,2.2968892476,1.84839691084
2.39349111659,2.29418059411,1.84839691084
2.39349111659,2.30384953003,1.84643034819
2.39356087622,2.30491765047,1.84643034819
2.39356087622,2.29760594706,1.79632352595
2.39356087622,2.28230968995,1.79245044038
2.39356087622,2.27281066962,1.65288880227
2.39356087622,2.2726074016,1.84565563553
2.39356087622,2.27704005025,1.86206663271
2.39356087622,2.28371422931,2.08353278157
2.39356087622,2.29309385465,2.08353278157
2.39433169646,2.30119239043,2.0838425327
2.39433169646,2.30053865489,1.73815699711
2.39433169646,2.29053599144,1.86023573544
2.39433169646,2.2950827086,1.74297424673
2.39433169646,2.29773126806,1.33543399424
2.39433169646,2.29661068037,1.99823976109
2.39433169646,2.3041140668,1.96032154761
2.39438894515,2.30451393865,1.99552431569
2.39438894515,2.30513754112,1.99552431569
2.39438894515,2.29807971949,2.0685587337
2.39438894515,2.29990417493,2.0017352174
2.39438894515,2.28526577243,1.95425620773
2.39438894515,2.3020070576,2.08305870804
2.39446654593,2.29701255967,1.99970146625
2.39446654593,2.30028341962,1.99970146625
2.39446654593,2.30351832036,2.02170226491
2.39446654593,2.29743891623,2.00127705859
2.39446654593,2.29257317789,2.00154345721
2.39446654593,2.3043667844,1.97393296289
2.39446654593,2.2840515089,1.93392369721
2.39446654593,2.30226002363,1.93775598604
2.39446654593,2.30849623529,1.93775598604
2.39545181238,2.3062296292,1.63077494186
2.39545181238,2.29342905015,0.894464650625
2.39545181238,2.31572618888,2.02395762262
2.39545181238,2.32725200384,2.02755763076
2.39545181238,2.31969604054,2.02483122718
2.39545181238,2.3176753028,2.02483122718
2.39545181238,2.31351931136,1.72147955476
2.39570582704,2.31602724605,1.9893389204
2.39570582704,2.30209386896,1.9893389204
2.39612426369,2.30928281299,1.98733681122
2.39612426369,2.29980806942,1.98025993423
2.39612426369,2.30491036221,1.9643783427
2.39612426369,2.3128576614,1.98610010019
2.39612426369,2.29442969989,1.98589600819
2.39639496146,2.32297710206,1.98618067175
2.39639496146,2.32461323337,1.98934042652
2.39639496146,2.32702983769,1.98943021258
2.39639496146,2.32864695749,2.00527073039
2.39639496146,2.33681200426,2.24438138421
2.39639496146,2.33813894749,2.07887572999
2.39639496146,2.33411954077,1.99594572547
2.39639496146,2.32837414815,1.85551655091
2.39639496146,2.33471499054,1.85319652595
2.39639496146,2.339257907,1.85319652595
2.39648620397,2.33808832918,1.73503612222
2.39648620397,2.34469045484,1.83797018019
2.39648620397,2.34308617681,2.17382731676
2.39681029333,2.34116430104,2.17601896609
2.39681029333,2.32360668133,1.97970280541
2.39681029333,2.33799385888,2.06273533632
2.39681029333,2.3270281122,2.0588250863
2.39681029333,2.32121532692,2.05765194412
2.39681029333,2.31899386147,2.05761036714
2.39681029333,2.31586631045,2.05680915459
2.39681029333,2.33448380999,1.96361617429
2.39681029333,2.33736028593,1.96246077563
2.39681029333,2.33363939204,1.96041197816
2.39681029333,2.3375932821,2.24347813681
2.39681029333,2.32714185169,2.1788670314
2.39681029333,2.32750803902,2.0763937615
2.39681029333,2.32816509699,2.1679812199
2.39681029333,2.32586749761,2.08713388074
2.39681029333,2.32443679588,2.08942580018
2.39681029333,2.32296993575,2.0886725861
2.39681029333,2.32093651615,2.0888538412
2.39681029333,2.32422497177,2.08639726239
2.39681029333,2.33090187389,1.94445373502
2.39681029333,2.33928301799,1.94445373502
2.39696311541,2.34089283309,2.03942331336
2.39712797986,2.33080299463,1.98560102967
2.39712797986,2.33392554385,2.08548604745
2.39712797986,2.33672853654,2.08548604745
2.39712797986,2.32495319074,1.98568756347
2.39712797986,2.32190306762,1.99270917683
2.39712797986,2.32604030021,2.08457019856
2.39712797986,2.31921368175,2.08378833386
2.3972938955,2.31963803851,2.08378833386
2.3972938955,2.32900515522,1.98695574179
2.3972938955,2.33225877778,1.98583637027
2.3975495245,2.33774543325,1.99515783054
2.3975495245,2.32768971288,1.99515783054
2.3975495245,2.32240563625,2.08015488165
2.3975495245,2.33473580502,1.98939187763
2.3975495245,2.33352639427,2.10211299429
2.3975495245,2.33547559311,2.14832470305
2.39771648878,2.3192184729,2.07747477333
2.39771648878,2.32795433408,2.16319373145
2.39771648878,2.33280324846,2.15131256458
2.39771648878,2.33579495533,2.1022829702
2.39771648878,2.33565617275,2.0752838434
2.39851657732,2.3319063697,2.13798858948
2.39774691249,2.32166026159,1.27402038931
2.39851657732,2.3336266329,1.96837457817
2.39851657732,2.33764308619,2.07823439648
2.39851657732,2.33931881905,2.05872682624
2.39851657732,2.32678289408,2.077600801
2.39851657732,2.32236845816,1.4315610699
2.39873711422,2.32267657598,1.43588838408
2.39873711422,2.32602574967,2.07179087726
2.39873711422,2.31014313807,2.06106912176
2.39873711422,2.31514439279,1.97961599157
2.39873711422,2.32205132245,2.16891457529
2.39873711422,2.32761549926,2.08553204049
2.39889302249,2.33647036561,2.00379398939
2.39889302249,2.32257490245,2.00457925904
2.39889302249,2.31870423137,1.97378730143
2.39889302249,2.3057164232,1.97378730143
2.39889302249,2.32430884539,2.0310575522
2.39889302249,2.32704109418,1.82207046232
2.39903251393,2.32967132784,1.9987340627
2.39903251393,2.3225864527,1.88524346108
2.39917353407,2.3316745023,1.98287620029
2.39965980568,2.32523553903,2.08771552001
2.39965980568,2.33754882654,2.08771552001
2.39965980568,2.32879286149,2.08771552001
2.39965980568,2.33363913735,2.08750302068
2.39965980568,2.33639064688,2.08777999341
2.39965980568,2.34290247232,2.08705842512
2.39965980568,2.34498505364,2.15848563852
2.39965980568,2.34053976771,2.07727775688
2.39969869996,2.3506033538,2.07580009803
2.39969869996,2.34776473888,1.99783254266
2.39969869996,2.36106446586,1.98946565905
2.39979119963,2.34968238409,2.09845560536
2.39986822556,2.35047911559,2.17131364686
2.39986822556,2.35514960833,1.51537325457
2.39986822556,2.34792189105,1.51656614067
2.39969869996,2.35123366646,2.08980052257
2.39969869996,2.34296316291,1.99825828252
2.39969869996,2.33870468272,1.99825828252
2.39969869996,2.33538088735,2.07190743156
2.39969869996,2.32279498541,2.02873973303
2.39969869996,2.31637695331,1.92986766931
2.39969869996,2.31369153069,2.09461236959
2.39969869996,2.32218522968,2.09461236959
2.39969869996,2.32633796455,2.15534827276
2.39969869996,2.32100014099,1.97272682692
2.39997437344,2.3267638337,2.05957356902
2.40007806445,2.30468511211,1.97445530148
2.40007806445,2.31852142445,1.96805830715
2.40032687291,2.34109884323,1.9692687408
2.40032687291,2.33293280327,1.97368288016
2.40032687291,2.34556770834,1.97464131229
2.40032687291,2.33854311249,2.16815032725
2.40032687291,2.33891500713,1.99879513558
2.40032687291,2.34645465903,2.14576533836
2.40032687291,2.33299980997,1.69080187457
2.40032687291,2.34414108684,2.07237050757
2.40039756525,2.35901125798,2.18536196473
2.40039756525,2.35914304554,2.18536196473
2.40039756525,2.36422051854,2.23779853601
2.40039756525,2.36348949605,2.18197800762
2.40039756525,2.350989144,1.72569894959
2.40046600669,2.35972717531,2.09426221127
2.40046600669,2.36061007383,2.09924786449
2.40046600669,2.35182472805,1.98370553482
2.40046600669,2.33819314543,1.98492485019
2.40046600669,2.33078749375,2.09175979597
2.4009346304,2.3337317888,2.09243942968
2.4009346304,2.32545195991,1.07112777129
2.4009346304,2.30103693755,1.07112777129
2.4009346304,2.30813720932,1.43368615024
2.4009346304,2.2910194876,1.07469907678
2.4009346304,2.29659182443,1.42662104741
2.40119745885,2.34057937221,1.44247051649
2.40119745885,2.3572529896,2.09263803318
2.40119745885,2.35405969938,2.09263803318
2.40119745885,2.35134393899,2.08851601868
2.40119745885,2.34131837859,2.15946615877
2.40126717997,2.34038189326,2.15016821954
2.40126717997,2.34513728153,2.14634765656
2.40126717997,2.34593075601,2.23939664746
2.40126857719,2.34368586545,2.17232824244
2.40129909827,2.33946568239,1.99620193634
2.40129909827,2.3330089774,1.76594882639
2.40221782595,2.33415386697,1.88208323739
2.40221782595,2.33988372473,1.88152339858
2.40221782595,2.34317360364,1.87834534974
2.40221782595,2.34617567553,1.88152339858
2.40221782595,2.33274017772,1.88082104531
2.40221782595,2.3149291823,1.76525693042
2.40221782595,2.32669091983,1.8536637009
2.40221782595,2.34369051494,1.88208323739
2.40221782595,2.33885077888,1.88208323739
2.40221782595,2.34171298007,1.88152339858
2.40221782595,2.35476782537,1.88152339858
2.40221782595,2.3369905781,1.88208323739
2.40221782595,2.3329590843,1.87626504523
2.40225313108,2.34446447233,2.15733127239
2.40225313108,2.3502784037,2.08993850749
2.40225313108,2.35589536988,2.15363064776
2.40284107451,2.35848121335,2.15759717781
2.40284107451,2.34606668879,2.08732165093
2.40284107451,2.33747293014,1.99689463065
2.40284107451,2.34109775248,1.95133916812
2.40284107451,2.34518729083,2.08342896684
2.40284107451,2.33729576385,2.04489305924
2.40284107451,2.33407847971,1.98644296535
2.40294803833,2.33746000016,1.98380006142
2.40294803833,2.32473200472,1.98380006142
2.40294803833,2.33690357022,2.04881198207
2.40294803833,2.3366055028,1.87156716125
2.40350515058,2.33533483321,2.00686303545
2.40350515058,2.32605594553,1.46675494704
2.40350515058,2.33123436289,2.04872096399
2.40350515058,2.33160036351,2.04908314882
2.40350515058,2.3297832068,1.98898386748
2.40350515058,2.32719885727,1.98352570287
2.40350515058,2.33430739911,1.985037268
2.40350515058,2.32681639687,1.92467990822
2.40374039605,2.32403526529,2.02031870302
2.40374039605,2.31682079429,1.94319595021
2.40374039605,2.29077138868,1.37503422491
2.40400702118,2.30031733274,1.98201138215
2.40400702118,2.31451952468,1.98427465301
2.40400702118,2.32171777768,2.0415290826
2.40400702118,2.31257606411,2.03194436685
2.40400702118,2.33508722535,2.02751678308
2.40425421345,2.32293699633,0.921906707102
2.40436331819,2.34352845371,2.04167070932
2.40453789385,2.35284106738,2.04167070932
2.40453789385,2.36419504139,2.09821922073
2.40453789385,2.36517668603,2.18134374082
2.40453789385,2.36447571649,2.18322062565
2.4045204849,2.36633589259,2.17146017141
2.40464529148,2.36792930226,1.95440768892
2.40453789385,2.35689509393,2.09489497156
2.4046266273,2.34738371035,1.98458556963
2.40526949594,2.35249477361,1.95607086975
2.40526949594,2.33856914021,1.95584864172
2.40540460387,2.33743388739,1.95584864172
2.40540460387,2.3302349688,1.9580837985
2.40540460387,2.31359069335,1.9580837985
2.40540460387,2.32157519778,1.92289514745
2.40541130624,2.31651026872,1.84941795077
2.40571240903,2.30915042561,1.95349253587
2.40571240903,2.32540391807,1.95349253587
2.40571240903,2.30199725515,1.87164219578
2.40571240903,2.30869524558,1.94813039583
2.4058377274,2.32009936148,1.95841750248
2.4058377274,2.31407379282,1.95349253587
2.40607586029,2.30387292266,1.95171708079
2.40607586029,2.32960392496,1.50411924604
2.40607586029,2.32032585859,1.50411924604
2.40607586029,2.34121167392,2.08025433729
2.40615405025,2.34388437979,1.98676402093
2.40615405025,2.34497594774,2.00513235909
2.40641834945,2.33031354638,2.00471065759
2.40641834945,2.33262279484,2.00632984284
2.40641834945,2.31696819462,1.98671227628
2.40641834945,2.32346931014,1.98649562987
2.40641834945,2.32609951998,1.98649562987
2.40641834945,2.31672485398,1.94381093661
2.40641834945,2.32094862966,1.87833595369
2.40642205689,2.32962864176,1.87833595369
2.40642205689,2.34219446937,1.99048236583
2.40648623044,2.34391280091,1.84951059391
2.40648623044,2.35308736888,2.11855481624
2.40657644052,2.34765230744,2.11855481624
2.40657644052,2.34522016942,2.12171548661
2.40657644052,2.35362676014,2.10738310116
2.40657644052,2.34823968331,2.09360206851
2.40657644052,2.35864071802,2.09922639586
2.40657644052,2.35141972233,2.09922639586
2.40682902559,2.34660143191,2.09390085517
2.40700717084,2.34490677375,2.18290039894
2.40700717084,2.33260283633,1.06766178002
2.40700717084,2.33537760669,1.39278958093
2.40700717084,2.33703525177,2.03773566591
2.40700717084,2.35472866307,2.09255858155
2.40738672776,2.36323838205,2.08941379793
2.40807285176,2.37734485903,2.18290039894
2.40801991383,2.37173210625,2.16288068256
2.40801991383,2.35447664871,1.22688971581
2.45691599035,2.33468062842,1.22688971581
2.45691599035,2.34776196738,1.22748292794
2.40801991383,2.35492053351,0.881313710376
2.40807285176,2.36797559632,2.08268106149
2.45691599035,2.36570171685,2.08268106149
2.45717886967,2.37084556138,2.08268106149
2.45828865555,2.36953526961,2.00345681215
2.45828865555,2.36455321938,2.06786260259
2.45828865555,2.37234710242,2.13773296998
2.45927776268,2.35907616003,1.98981666835
2.45927776268,2.36452183901,2.09037240948
2.45985127239,2.37146015312,2.1773771004
2.45985127239,2.3612869441,2.17318621897
2.45985127239,2.34700982548,1.37240508562
2.45985127239,2.35564513905,2.17836632131
2.45985127239,2.37036176072,2.18097336765
2.45994790599,2.35896572057,2.17614453504
2.45994790599,2.35365322041,2.0999407519
2.45994790599,2.35479900367,2.16869945847
2.45994790599,2.34812278231,2.17320320913
2.45994790599,2.35856434364,2.17258981235
2.45994790599,2.3489988287,2.09353016194
2.46024331504,2.36409630536,2.25336606292
2.46024331504,2.36610330903,2.18163329493
2.46024331504,2.3512326871,0.929989870922
2.46084442066,2.36425987997,2.16186691388
2.46095184622,2.36021521684,2.185362486
2.4617521782,2.37016577038,2.13955045452
2.46116795331,2.35034040464,1.72799575547
2.4617521782,2.36771628668,2.13955045452
2.46147003796,2.36070933079,2.09122475819
2.46183734552,2.37733780169,2.17209886075
2.46183734552,2.37449334491,2.16792909679
2.46183734552,2.39203214279,2.17617290765
2.46183734552,2.39036589341,2.00608409933
2.46183734552,2.36317554025,1.40716529145
2.46183734552,2.35709562306,1.04973628467
2.46183734552,2.35143091792,2.00826188855
2.4626884321,2.36343835083,2.0897497339
2.4626884321,2.36945594394,1.99231853921
2.4626884321,2.36140887359,1.99063449591
2.4626884321,2.35695305868,1.9870100548
2.4626884321,2.36720695412,1.93176504008
2.4626884321,2.38135772502,1.98863228909
2.4626884321,2.38202637716,2.0836019939
2.46274043389,2.37368925184,2.08981834574
2.46274043389,2.37532086359,2.08798171281
2.46311263231,2.37850802557,1.82918931292
2.46311263231,2.37697653604,1.82918931292
