best,average,worse
2.07072487566,1.04456878969,0.599260308829
2.07072487566,1.1421587994,0.61706598503
2.07072487566,1.10208608172,0.608219208832
2.07072487566,1.20207615702,0.61706598503
2.07237790879,1.25142367236,0.650069195782
2.09356173205,1.34579351056,0.638811704948
2.09356173205,1.46269734819,0.657889505771
2.10758666609,1.53697664086,0.681530984861
2.25805462148,1.57812144372,0.668656879574
2.25830346449,1.62298754132,0.708332372745
2.25830346449,1.69534966116,0.699159076916
2.25830346449,1.7252261103,0.729484329994
2.25830346449,1.81354531839,0.823507349986
2.25965816041,1.86463029246,0.823507349986
2.25965816041,1.89127811052,0.750894082297
2.25965816041,1.94348757883,1.2101692723
2.25965816041,1.95885415601,0.895826778192
2.25965816041,1.94952396565,1.6018896755
2.25965816041,1.95744451243,1.58328405299
2.25965816041,1.96240188709,1.40612641398
2.26137378147,1.95413994022,1.41580138671
2.25965816041,1.99975227929,1.58593138865
2.25993818103,2.03080277453,1.65944410115
2.2639357171,2.03745357636,1.67343242406
2.2639357171,2.05435920823,1.67343242406
2.2639357171,2.07487952581,1.67343242406
2.2639357171,2.08394763285,1.67343242406
2.26454067857,2.09374941958,1.74212422599
2.26526184198,2.09347703645,1.74181809797
2.26526184198,2.10353648584,1.74664328842
2.26526184198,2.09803037796,1.74550323461
2.26526184198,2.08232542947,1.74573671559
2.26526184198,2.117307655,1.74500586937
2.26755914977,2.10686638501,0.815233365788
2.26755914977,2.10694034379,0.818079482965
2.26755914977,2.09299702761,0.818079482965
2.26755914977,2.11796061622,0.79706723137
2.26755914977,2.11335752482,0.82320518273
2.26755914977,2.14053258289,1.67989700226
2.26755914977,2.1411688943,1.67989700226
2.26755914977,2.15929370929,1.66103533272
2.26755914977,2.16183518156,1.66103533272
2.26777505476,2.13411273419,1.66103533272
2.26777505476,2.14498939604,1.67989700226
2.26777505476,2.1580937138,1.73039237156
2.26777505476,2.14591619417,1.72968404789
2.26828883206,2.16593299228,1.78451440764
2.26877088268,2.16581827342,1.69937436765
2.26961234002,2.16138575539,1.69475199791
2.26961234002,2.16591725573,1.75663370807
2.26961234002,2.16885322607,1.78176013541
2.27026697204,2.18540580277,1.78176013541
2.27064249,2.20245072135,1.78176013541
2.27064249,2.20524765646,1.78359719574
2.27104117346,2.20431987553,1.80859643939
2.27114345434,2.20831516921,1.96802823237
2.27114345434,2.21073528425,1.98248976954
2.27114345434,2.20675338332,1.96240369561
2.27114345434,2.206908493,1.96240369561
2.27114345434,2.2032677848,1.96526672268
2.27114345434,2.20359736859,1.96454504513
2.27197413719,2.21691282822,1.96232189494
2.27197413719,2.21100516093,1.91851850941
2.27197413719,2.20525126757,2.03256303568
2.27197413719,2.21680261659,2.03971168442
2.27197413719,2.20012080943,1.36551897794
2.27197413719,2.2038306896,1.37048795705
2.27210241716,2.19453831271,0.991401950493
2.27210241716,2.21257185466,2.10577638262
2.27210241716,2.20901437114,2.10577638262
2.27210241716,2.20974621616,1.98626755477
2.27210241716,2.21714592377,2.0135714784
2.27297598446,2.19901402718,1.81339281235
2.27297598446,2.19554970574,2.00979254035
2.27314883633,2.1905840085,1.45713936
2.27314883633,2.18525324859,1.45737780457
2.27314883633,2.18996809057,1.8876625814
2.27314883633,2.20199146704,1.88258710849
2.27513385776,2.19323827074,1.88258710849
2.27513385776,2.18244769897,1.88084837618
2.27513385776,2.18760495492,1.88159556504
2.27513385776,2.19328885872,2.01926476993
2.27513385776,2.19184593163,2.0934533082
2.27513385776,2.18361802429,2.0193206082
2.27513385776,2.18129052319,2.01949973798
2.27671343404,2.18894796765,2.01861720765
2.27671343404,2.18773503376,2.01949973798
2.27671343404,2.190655439,2.02247266278
2.27671343404,2.19007938855,1.99702118789
2.27671343404,2.18569770322,1.99702118789
2.27671343404,2.18336595331,1.99026860812
2.27671343404,2.18938731264,1.93843379268
2.27725199846,2.19149545729,1.9751813323
2.27725199846,2.17735710164,1.97450025419
2.27725199846,2.19225920986,2.02831231974
2.27787331888,2.19332909461,1.81288399466
2.27801625592,2.19081417078,1.81473541064
2.27801625592,2.1784039169,1.57102801479
2.27801625592,2.18141769704,1.87980121808
2.27930998365,2.19343333892,1.87980121808
2.27930998365,2.20073753499,2.01333999449
2.27930998365,2.19439293411,1.93644865938
2.27930998365,2.2013592939,2.04110287724
2.27930998365,2.1937088151,1.99956544817
2.27930998365,2.20246114139,2.00023548805
2.27930998365,2.19672981058,2.00023548805
2.27947078832,2.19960094743,1.92772527678
2.27947078832,2.19930567184,2.0286860561
2.27947078832,2.20113469135,1.97192615133
2.27947078832,2.20664191994,1.97128748803
2.27947078832,2.19526905414,2.02347411597
2.27999682234,2.19342203597,1.84421706787
2.28035783542,2.18902292445,1.89830653086
2.28065082688,2.19980528474,2.0305876234
2.28085663868,2.19746257424,1.92001108734
2.28085663868,2.19455418071,1.91761514113
2.28085663868,2.19219294542,2.00933625354
2.28085663868,2.19726216047,2.03748109543
2.28134163639,2.20243011142,2.02223474763
2.28134163639,2.19818948572,2.01928129151
2.28134163639,2.18721073674,2.00645693668
2.28134163639,2.20095575323,1.99616116182
2.28157601815,2.20293690883,1.99468010961
2.28247818073,2.19355502189,1.897870317
2.28247818073,2.20421776003,2.03890570496
2.28439928476,2.22403966872,2.01776440995
2.28439928476,2.21397316706,2.01776440995
2.28439928476,2.21527933651,2.03655214063
2.28514765833,2.23005424232,1.93723349492
2.28514765833,2.22575197166,1.93723349492
2.28514765833,2.22618548559,1.93726769387
2.28514765833,2.23248549167,1.93726769387
2.28514765833,2.23324453635,1.8887464961
2.28514765833,2.23059932809,1.50753250302
2.28514765833,2.2343985815,1.36715782505
2.28514786053,2.24069757467,2.04961300085
2.28514786053,2.2450905215,2.04654836589
2.28563623002,2.25415305384,2.12827920267
2.28563623002,2.25111462554,2.11022009264
2.28563623002,2.25153228074,2.11022009264
2.28563623002,2.25097735174,2.04348447471
2.2856364308,2.2478501795,2.11588301625
2.2856364308,2.24614734094,2.11996984651
2.2856364308,2.25170428479,2.13308435638
2.28706643313,2.25496221375,2.13677425218
2.28890081968,2.25368197071,2.11002472697
2.28890584288,2.25100452167,2.11002472697
2.28890584288,2.25216035354,2.11002472697
2.28890584288,2.25021309882,2.08516319602
2.28890584288,2.25325353343,2.11002472697
2.28890584288,2.24919010368,2.11002472697
2.28890584288,2.24492571695,1.97219297336
2.28890584288,2.23549038645,1.97124511808
2.28991376582,2.24045187991,1.97248196088
2.28991376582,2.24262725923,1.97248196088
2.28991376582,2.23970080212,2.03537242605
2.28991376582,2.24657511924,2.0311331603
2.28991376582,2.23973460238,1.55459497565
2.28991376582,2.22274902437,1.54315486725
2.28991376582,2.24457473583,2.0200475403
2.29037997721,2.23883826936,1.92413553719
2.29037997721,2.24782056179,2.03039918218
2.29155621748,2.24714079153,2.03237456091
2.29155621748,2.24589725178,2.10299714693
2.29155621748,2.2471623732,2.06680515373
2.29155621748,2.25156253929,2.01330996394
2.29155621748,2.24951344582,1.91594460479
2.29176681403,2.24169574774,2.01422700312
2.29155621748,2.24335751138,1.97829475115
2.29155621748,2.24915102895,2.06837634976
2.29172204507,2.25458237968,2.06689312083
2.29189530527,2.25690325382,2.05715561866
2.29189530527,2.24929880725,2.12463524794
2.29189530527,2.25351447282,2.11462250268
2.29208078889,2.26371838525,2.12411232395
2.29208078889,2.26301605312,2.11990355014
2.29208078889,2.26066847157,2.05198500829
2.29208078889,2.26041263169,2.11776627425
2.29208649142,2.26295322475,2.11437976862
2.29208649142,2.25719193103,2.11437976862
2.29208649142,2.25605569304,2.1164977043
2.29208649142,2.25549603469,2.13348659112
2.29212058514,2.2540434295,2.12425578083
2.29249008881,2.25094874325,2.12404281124
2.29250342947,2.25549067058,2.04395822476
2.29285947216,2.26130392297,2.13356781358
2.29326593648,2.25441089606,2.0590559738
2.29326593648,2.25656042418,2.12804250618
2.29326593648,2.2549982557,2.13469943376
2.29363910954,2.25712471056,2.13471794414
2.29363910954,2.26217799983,2.10749721948
2.29363910954,2.25908414416,1.86893998567
2.29352819013,2.25584210224,1.86923020124
2.29408009229,2.23949584484,1.8656671907
2.29408009229,2.2443280801,1.97101426437
2.29408009229,2.24295386208,1.96252299799
2.29408009229,2.24534480344,1.96252299799
2.29436282687,2.22726776597,1.73963617262
2.29443606888,2.2498291448,1.73963617262
2.29443606888,2.25190506632,1.73963617262
2.29443606888,2.25253571862,2.05895971933
2.29443606888,2.23634049622,2.03547158838
2.29497063481,2.22832993287,1.95923428189
2.29497063481,2.22210780776,2.01745018623
2.29497063481,2.2347565774,2.02506517217
2.29497063481,2.22411583815,1.7509066947
2.29497063481,2.2121729975,1.88876954745
2.29497063481,2.21808967375,1.76928020747
2.29497063481,2.22349939286,1.77369697768
2.29497063481,2.21648405046,1.77369697768
2.29497063481,2.21800361713,1.76902610743
2.29497063481,2.21255251476,1.76902610743
2.29497063481,2.21543441108,1.89001438946
2.29555160276,2.19834822126,1.89001438946
2.29558580073,2.19526292173,1.89001438946
2.29558580073,2.21361821515,1.85829797379
2.29558580073,2.23702398723,1.96763422287
2.29558580073,2.21674916839,1.94738047049
2.29558580073,2.23165722843,2.04474356017
2.29558580073,2.24167247735,1.97534218558
2.29569317961,2.23200628239,1.87266355712
2.29590668391,2.22007887156,1.87050012721
2.29641488382,2.21953544787,1.87050012721
2.29641488382,2.21715720187,1.64662860452
2.29641488382,2.22651103179,1.87679033141
2.29641488382,2.24071145982,1.87679033141
2.29641488382,2.23481711639,1.87790324227
2.29652103471,2.23983453862,2.04059447656
2.29652103471,2.24388845758,2.04619830083
2.29652103471,2.24517087679,2.0398950232
2.29652103471,2.24080284661,2.061936092
2.29652103471,2.25209864408,2.061936092
2.29666182828,2.24806990309,1.93597302306
2.29755878987,2.25173477915,2.02543061173
2.29810695577,2.24328236697,2.03482948491
2.29810695577,2.24633866611,2.01511839568
2.298396335,2.24584787144,2.03279722457
2.298396335,2.25106976531,2.02823315761
2.298396335,2.25089432317,2.03103736797
2.298396335,2.25374284548,2.03103736797
2.29886856022,2.2586469597,2.05142916251
2.29886856022,2.25080732922,1.67965873672
2.29931136509,2.25043721739,1.67600640176
2.29931136509,2.23387973941,1.67600640176
2.29931136509,2.25149102999,1.67583011022
2.29931136509,2.25594698283,1.67600640176
2.29931136509,2.26563758418,1.79000567951
2.29993312786,2.24993261792,1.6720013916
2.30002086274,2.26256910735,2.03952718191
2.3003235732,2.27140073006,2.04266618602
2.3003235732,2.26290851561,2.04030443317
2.3003235732,2.26005485055,2.03952718191
2.30062094471,2.26345841141,2.04078827004
2.30062094471,2.25856180843,2.04078827004
2.30062094471,2.24268367227,2.04023558396
2.30080394275,2.25301609766,2.0347571605
2.30081204139,2.25915050883,2.03141341189
2.30138271335,2.25912492559,2.03216644546
2.30138271335,2.26074704067,1.98829186793
2.30193819452,2.25166858092,2.00736019224
2.30193819452,2.25155205592,2.00626178343
2.30193819452,2.25159248068,1.99912279985
2.30193819452,2.24631982512,1.18771289158
2.30193819452,2.25667656224,2.00042895635
2.30193819452,2.24041079903,1.99985754344
2.30193819452,2.23568005494,2.00276067
2.30193819452,2.23005290309,1.95633243232
2.30193819452,2.2290425164,2.00605743276
2.30221236533,2.23778079089,1.94307072192
2.30242962431,2.24186018465,2.01643489731
2.30242962431,2.23226410605,2.04724046319
2.30242962431,2.23707682796,1.9613656151
2.30242962431,2.23297620084,1.96225816688
2.30351545049,2.23666096229,1.95755486861
2.30353451458,2.2377757751,1.95397413864
2.30353451458,2.24472984209,1.95433967776
2.30353451458,2.23788773362,1.96225260948
2.30353451458,2.23419832565,2.04228418203
2.30433914957,2.25313225726,2.05208442568
2.30433914957,2.25026622267,2.05208442568
2.30445193371,2.25332423252,2.05208442568
2.30445193371,2.24458852215,1.95981521673
2.30445193371,2.24938591069,2.05189831619
2.30473385892,2.2512527932,2.06024605902
2.30473385892,2.25454891605,2.00695141423
2.30499739435,2.2544139258,1.98840591495
2.30499739435,2.25645726551,2.04109465787
2.36629301951,2.25956435842,2.11879532494
2.36629301951,2.25773818816,2.06062625856
2.36629301951,2.25285679953,2.07019617559
2.36629301951,2.2594914907,2.06754843392
2.36747138917,2.24347061288,1.96418515513
2.3684705744,2.24622327743,1.85771720705
2.3684705744,2.25753792969,1.94597598627
2.3684705744,2.23571565806,1.86626511382
2.3684705744,2.25176350359,2.07019617559
2.3684705744,2.25955917147,2.05607440171
2.36930454771,2.26237042052,2.05607440171
2.36930454771,2.25830069899,2.05802549719
2.36930454771,2.26672327664,1.60118037476
2.36930454771,2.26507632823,1.23467745583
2.36930454771,2.2828631358,1.23467745583
2.36930454771,2.28358767081,1.23404853317
2.36930454771,2.2958769145,1.44157878519
2.36930454771,2.3091943788,2.1412693167
2.36930454771,2.30859002578,2.14255449039
2.36944388804,2.31554259412,2.14325507476
2.36944388804,2.3010562333,2.06246174985
2.36944388804,2.29429060624,2.0575952307
2.36944388804,2.3022404188,2.14005758049
2.36944388804,2.29626079911,2.05864006134
2.37147628363,2.30099672242,2.05821070222
2.37147628363,2.28073602428,2.04059883696
2.37147628363,2.28130995867,2.0421092021
2.37147628363,2.29796163385,2.06075145264
2.37147628363,2.30771245252,2.00345998063
2.37147628363,2.30322025166,2.017272733
2.37147628363,2.31333339842,2.04357131961
2.37147628363,2.31420838871,2.04357131961
2.37147628363,2.32306598598,2.06174220686
2.37182282634,2.32343620816,1.6540666123
2.37182282634,2.33510533327,2.13460864479
2.37182282634,2.33433560915,2.13460864479
2.37182282634,2.32955078887,2.13460864479
2.37183442132,2.33280639034,2.14600285592
2.37183442132,2.32638668399,2.13107059862
2.37183442132,2.32110444549,2.13107059862
2.3720003346,2.31471451802,2.12890064385
2.37213236451,2.31888288301,2.03810093067
2.3720003346,2.3230500248,2.03750122268
2.3720003346,2.32426141509,2.0560213693
2.3720003346,2.32099054502,2.03474950331
2.37231154762,2.31612819929,1.90989399711
2.37231154762,2.30925531842,1.91104129465
2.37287736283,2.31167340649,2.03547309039
2.37287736283,2.31757753336,2.05911917818
2.37287736283,2.3122115537,2.05911917818
2.37287736283,2.30474357493,2.03889766804
2.37287736283,2.2896230264,1.97433766257
2.37287736283,2.29812476448,2.06187884914
2.37287736283,2.29917644705,2.06781526006
2.37287736283,2.29975822454,2.05740936844
2.37306506295,2.30192885721,2.05713486549
2.37306506295,2.30317045953,2.06914658631
2.37306506295,2.31792286565,2.06914658631
2.37306529596,2.31944271727,2.14627621007
2.37306529596,2.31226109578,2.14749123935
2.37329513441,2.3088264281,2.06921653157
2.37367695081,2.3032811873,2.06921653157
2.37367695081,2.31381984317,2.0690589528
2.37386434551,2.30727851739,2.06071891553
2.37386434551,2.30625754977,1.97032612115
2.37386434551,2.30861200961,2.06776366455
2.37386434551,2.31106721267,2.13584924888
2.37388536685,2.30365837484,2.05069133256
2.37388536685,2.30215284568,2.05024077711
2.37388536685,2.30939918353,2.13572682844
2.37388536685,2.32025869116,2.14608106041
2.37388536685,2.31855894427,2.05986494164
2.37388536685,2.3110877781,2.050480201
2.37388536685,2.29963074798,1.90261074645
2.37388536685,2.31649119139,2.049479582
2.37388536685,2.32429999289,1.95810781357
2.37388536685,2.32654043191,1.95810781357
2.37390435641,2.32792604481,1.96249347166
2.37390435641,2.33264364049,2.14075440161
2.37390435641,2.32751274879,2.13915042744
2.3742028813,2.32104690825,1.84206924202
2.37420288143,2.31950604586,1.9585427261
2.3744733566,2.31946547372,1.9585427261
2.3744733566,2.31691657771,2.05339792652
2.3744733566,2.32029350124,2.05391240899
2.3744733566,2.31136064433,2.12632776624
2.3744733566,2.29793183978,2.03788084037
2.3744733566,2.30025852072,2.13597581487
2.3744733566,2.2993783356,2.13945783162
2.3744733566,2.3032726414,1.92264980254
2.3744733566,2.32132808793,2.13340781789
2.3744733566,2.31915338481,2.13305432693
2.3744733566,2.30349262832,2.06881485353
2.37469169546,2.31662805924,2.14802264584
2.37469169546,2.32209865277,1.96615400559
2.37469169546,2.32412196618,2.05031201022
2.37469169546,2.32593638951,2.0422209697
2.37517544611,2.31857957221,2.01061006012
2.37517544611,2.32505698327,1.9308025599
2.37539063721,2.32650601507,1.91644138723
2.37539063721,2.32030307877,1.80795791862
2.37539063721,2.31766487896,1.91644138723
2.37539063721,2.316283129,1.91450361562
2.37539063721,2.30845435677,1.91529234105
2.37540518933,2.29897145494,0.871506094491
2.37550463047,2.29967777626,1.68116287216
2.37550463047,2.31095079803,1.68116287216
2.37571580162,2.29202136368,1.63018910615
2.37571580175,2.31076155206,1.54313122894
2.37571580175,2.32284757508,1.78444670789
2.37577916911,2.32414627725,1.88061312283
2.37604613151,2.32520889583,1.87153037249
2.37604613151,2.32841902225,1.88182105088
2.37604613151,2.34203819679,2.13373627829
2.37706077918,2.33718977296,2.13528044121
2.37706077918,2.32772790625,2.00717890099
2.37706077918,2.32195241587,2.00873722515
2.37723953162,2.31890079404,2.05343142088
2.37723953162,2.33181875824,2.05351359105
2.37723953162,2.33351227413,2.09774910481
2.37723953162,2.33373950889,2.01312379757
2.37723953162,2.33666118548,2.01144606885
2.37723953162,2.32268557132,1.91282800619
2.37723953162,2.31561543234,1.91282800619
2.37723953162,2.30274021749,1.91370373383
2.37723953162,2.30597254017,1.91370373383
2.37723953162,2.30171747201,1.91137165781
2.37723953162,2.31312142664,1.91552847486
2.37723953162,2.31286252509,1.91775555396
2.37728191973,2.32165137559,2.01337414844
2.37728191973,2.33352309491,2.01203116808
2.37723953162,2.31538747181,2.01203116808
2.3772921204,2.32369001424,2.01346970437
2.3772921204,2.31693539337,2.027736419
2.3772921204,2.32268778142,2.02434940009
2.37750069925,2.32370007981,2.02784639608
2.37750069925,2.32244191626,1.93851564885
2.37750069925,2.32499649702,1.93851564885
2.37750069925,2.31611040879,2.0285046209
2.37766604919,2.2917049553,1.93645337727
2.37750069925,2.28457440836,1.9372495952
2.37766604919,2.29898456721,1.81196529059
2.37766604919,2.30636863302,2.06167196098
2.37766604919,2.32936212402,2.06004714962
2.37766604919,2.31521777505,2.05882039864
2.37766604919,2.30839511414,2.06004714962
2.37766604919,2.30779683495,2.05852128734
2.3779404685,2.30334512756,2.06004714962
2.37826649762,2.29789562955,1.83100586497
2.37841665266,2.2926437481,1.83100586497
2.37841665266,2.28821461899,1.83100586497
2.37841665266,2.2965164792,1.83641548125
2.37841665266,2.3044769396,1.98385712612
2.37841665266,2.30637765249,2.05993675015
2.37841665266,2.3111705787,2.06264361614
2.37841665266,2.30819371409,1.95785166475
2.37841665266,2.30746286665,2.04349748187
2.37841665266,2.30241561647,2.06264361614
2.37844786737,2.31033737624,2.04873701999
2.37844786737,2.30921639296,2.04844097091
2.37844786737,2.31943375714,2.13716410528
2.37844786737,2.3143414805,2.14071307873
2.37845103015,2.30903190818,2.12362655666
2.37845103015,2.29828564801,2.13522224278
2.37845103015,2.31055241241,2.05201650247
2.37845103015,2.32190120059,2.13956499523
2.37865292774,2.31498230037,1.85906968328
2.3786622273,2.32006426695,1.85837680195
2.3786622273,2.31086669471,1.8579160648
2.37884999643,2.32380111142,1.85970376988
2.37884999643,2.31370261574,2.13716179171
2.37884999643,2.29878272281,2.00000774803
2.37935965404,2.30532509107,2.08108771499
2.37935965404,2.30455552752,2.01611250039
2.37935965404,2.30593403445,2.01611250039
2.37935965404,2.29306081169,2.01611250039
2.37935965404,2.29664873947,2.07091848748
2.37935965404,2.28110191325,2.04783830223
2.37935965404,2.28757144964,2.06293056877
2.37935965404,2.28274186311,2.04790878128
2.37935965404,2.29944417989,2.04616388231
2.37935965404,2.29647301126,1.79522303861
2.37935965404,2.30011014103,1.87760482831
2.37935965404,2.28271666667,1.87760482831
2.37935965404,2.27896932183,1.79067773076
2.37935965404,2.28885465969,1.78929792442
2.37935965404,2.26611789152,1.78598331431
2.37935965404,2.26601388514,1.75334666039
