best,average,worse
1.77917942144,0.774182539252,0.3584910048
1.77917942144,0.840869014923,0.3584910048
1.79901479637,0.918408358619,0.453809372045
1.83151767796,0.92221143663,0.326575294484
1.83151767796,0.939080449063,0.45964657024
1.90568296626,0.985459376367,0.43981966223
1.96818918397,0.982553185788,0.335360637588
2.00054726378,1.09105579354,0.531128632724
2.06028133686,1.1181845596,0.466280961914
2.06028133686,1.14251977267,0.32102889181
2.06028133686,1.12753660945,0.439759874623
2.06028133686,1.25663652545,0.43499181561
2.06028133686,1.33928272473,0.540127689785
2.09898054032,1.45640756291,0.564033777928
2.09898054032,1.56011338162,0.609311358765
2.09898054032,1.59931082528,0.659995172902
2.09972491618,1.67835547732,0.67004869603
2.10010072675,1.71363543762,0.745270105187
2.10463267638,1.75192287081,0.620558538812
2.11926339717,1.78702533068,0.672659844856
2.11926339717,1.83101217744,0.78181257283
2.13933672296,1.85835052195,0.78181257283
2.13933672296,1.87405820241,0.780830474631
2.154264743,1.87090703663,0.726195424499
2.154264743,1.92005827223,0.968937117273
2.16103803324,1.95482437335,1.35982472265
2.16103803324,1.9520691344,1.57504899008
2.1767619729,1.9860221324,1.40280013644
2.1767619729,2.00514725421,1.49830378019
2.1767619729,2.02138151392,1.49830378019
2.20759659837,2.03316127544,1.57987610712
2.20759659837,2.04711888001,1.57987610712
2.20759659837,2.05502976007,1.67400445691
2.20759659837,2.04721293675,1.68808295728
2.20806830863,2.04101517819,1.65742611859
2.20806830863,2.04894725472,1.65969573858
2.20806830863,2.02755481067,1.65969573858
2.20806830863,2.0433557228,1.68808295728
2.20806830863,2.04100724381,1.68808295728
2.20806830863,2.04590790018,1.68796517833
2.20900637719,2.06543145596,1.68796517833
2.20900637719,2.08596808815,1.68796517833
2.20900637719,2.08650666329,1.82785574678
2.20908993343,2.09539741164,1.71713868206
2.20908993343,2.09596990308,1.71786779564
2.20908993343,2.07612528697,1.47580189977
2.20930429285,2.08089104528,1.66251501306
2.20930429285,2.0840028054,1.71713868206
2.20930429285,2.1152054224,1.80730864197
2.20930429285,2.11604702969,1.78361500154
2.21171597949,2.12144582765,1.79885657513
2.21171597949,2.12529620587,1.78965792307
2.21171597949,2.13014656342,1.8740912978
2.21171597949,2.12953370715,1.65348541385
2.21171597949,2.1307923061,1.86110954142
2.21262835421,2.13858350711,1.88608787767
2.21262835421,2.13376775763,1.91056790933
2.21303151805,2.12098767062,1.56012227976
2.21303151805,2.11152759784,1.44029507499
2.21303151805,2.13097312221,1.63918993883
2.21505089492,2.13895545484,1.91445086743
2.21505089492,2.14207663681,1.91350755775
2.21505089492,2.12405587928,1.91154625983
2.21505089492,2.12814917397,1.65011022179
2.21505089492,2.13327189821,1.66868107177
2.21505089492,2.14902733736,1.7967432801
2.21511185768,2.14901040166,1.77893694629
2.21570886105,2.13265390474,1.49620082964
2.21570886105,2.12977379648,1.64912526197
2.21589737548,2.13942984431,1.53470898474
2.21589737548,2.10403292083,1.53470898474
2.21589737548,2.11816639588,1.66151767066
2.21625999208,2.12597962625,1.63720242898
2.21593822927,2.13965021883,1.63709343156
2.21593822927,2.12554057673,1.63709343156
2.21787673608,2.12064380015,1.63709343156
2.21787673608,2.11866949199,1.52933071203
2.21726666252,2.13389002901,1.78729928018
2.21730443234,2.12767333831,1.78583525714
2.21730443234,2.12244438941,1.80278397329
2.21730443234,2.12369991023,1.71722773721
2.21730443234,2.13524352624,1.70751394357
2.21730443234,2.15101736568,1.77148288473
2.21781796869,2.16659622983,1.88710301038
2.21781796869,2.15706588147,1.64061301192
2.21794894385,2.14778912973,1.64061301192
2.21794894385,2.1621299685,1.64061301192
2.21794894385,2.16972443468,1.64294037496
2.21971354488,2.16111547973,1.78812688928
2.21971354488,2.17320851007,1.78812688928
2.21974303841,2.1748056642,1.83841590467
2.22030278908,2.17271127602,1.94453045518
2.22060138149,2.17266066231,1.9539515164
2.22060138149,2.18157618886,2.04870454963
2.22030278908,2.16758877222,0.829210913448
2.22030278908,2.18099341229,1.96104999497
2.22030278908,2.18535948201,1.81313734977
2.22030278908,2.17739078141,1.81253446795
2.220383565,2.17661861671,1.9432995762
2.22050591287,2.17865139223,1.94815334336
2.22050591287,2.17033700104,1.94815334336
2.22056985163,2.16080023577,1.8554188542
2.22118908408,2.15234833366,1.8554188542
2.22118908408,2.15609871714,1.75041942863
2.22119430743,2.16687985033,1.95199220056
2.22119430743,2.16662655476,1.93882623382
2.22133128691,2.16669261065,1.93882623382
2.22133128691,2.17490244076,1.85899653407
2.22154095694,2.17427161903,1.83246917861
2.22261374703,2.18200997282,1.94510352334
2.22261374703,2.17113087739,1.92125244735
2.22269037818,2.17528685789,1.83147949448
2.22288254973,2.19342735834,2.0520644488
2.22288254973,2.18791226657,2.03767190229
2.22495063034,2.18488040375,2.03767190229
2.22495063034,2.18907837808,2.03597072322
2.22495063034,2.17924333236,1.86064607741
2.22495063034,2.17466750935,2.0097122802
2.22495063034,2.17600113391,1.96411393807
2.22495063034,2.17518256295,2.03313415682
2.22495063034,2.1661481135,1.6976047418
2.28779064425,2.16438986414,1.33947425164
2.28748591913,2.17270374029,1.33968864859
2.28748591913,2.15182912665,1.34131413453
2.28748591913,2.12886611086,0.888579620228
2.28748591913,2.13006901203,0.88580610717
2.28748591913,2.1467142273,1.94289427775
2.28748591913,2.15272085493,1.66899893177
2.28748591913,2.16468567671,1.94246345552
2.28748591913,2.1647995562,1.93679970303
2.28748591913,2.15892514831,1.93679970303
2.28748591913,2.16248699609,1.93679970303
2.28748591913,2.17984234375,1.94460454803
2.28748591913,2.160715027,1.85100218664
2.28748591913,2.16810703003,1.64287245763
2.28748591913,2.17316963372,1.65174087116
2.28755745985,2.18411730983,2.03476227758
2.28830561085,2.1883020527,1.94129519535
2.28830561085,2.19071403813,1.94129519535
2.28838013307,2.20160259134,2.02621860825
2.28881062307,2.21314757904,1.98688483088
2.28881062307,2.20829773504,1.9451504458
2.28838013307,2.2112561394,2.04382764236
2.28838013307,2.21288569498,1.99883087283
2.28889510183,2.21400953987,1.78463378248
2.28889510183,2.2158087266,1.95230826675
2.28983328248,2.20695257059,1.95244163224
2.28983328248,2.20567643583,1.81448170202
2.28983328248,2.21131296787,2.03952108642
2.28983328248,2.21310357248,1.88717105469
2.28983328248,2.21677848714,1.88473917738
2.28983328248,2.20226092492,1.46415948507
2.2904554996,2.19258398985,1.46415948507
2.2904554996,2.1644497511,1.46172071707
2.2904554996,2.17929904996,1.46415948507
2.2904554996,2.15530611545,1.44873644087
2.2904554996,2.14336041188,1.426094811
2.2904554996,2.15373326364,1.46424043986
2.2904554996,2.18299955638,1.46720897593
2.2904554996,2.19402418053,1.46720897593
2.2904554996,2.21090762845,1.94824734811
2.2904554996,2.22860557342,1.94768340533
2.2904554996,2.23574302022,2.00567931061
2.2904554996,2.22999767906,1.94868394784
2.29127548053,2.23407784138,1.94868394784
2.29127548053,2.22944173977,1.67804943875
2.29127548053,2.22825131342,1.67974769258
2.29159118745,2.23674383149,1.84594077384
2.29159118745,2.2346208712,1.84594077384
2.29159118745,2.23769428341,1.8500147446
2.29215360994,2.22373704427,1.8281678426
2.29215360994,2.22413091506,1.8268930409
2.29215360994,2.19494400398,1.77674395029
2.29215360994,2.21263026536,1.77805717638
2.29215360994,2.1948918961,1.77805717638
2.29215360994,2.2054077387,1.82642321888
2.29499008863,2.20936714063,1.82642154071
2.29499008863,2.22813683264,1.8268930409
2.29499008863,2.22737028643,1.8268930409
2.29499008863,2.22409759291,1.82702916061
2.29499008863,2.21967626493,1.82702916061
2.29499008863,2.21855104749,1.94459209553
2.29499008863,2.2292601427,1.95087099558
2.29534958215,2.24778632125,1.95216894863
2.29534958215,2.23857807735,1.93323800781
2.29534958215,2.23153844104,1.92913382425
2.29534958215,2.22340267841,1.80950552265
2.29534958215,2.2271474979,1.68714242559
2.29534958215,2.23772270216,1.81499785337
2.29534958215,2.22502075013,1.6791550871
2.29547725228,2.21493531555,1.68092971941
2.29591648808,2.21435190565,1.67581291834
2.29591648808,2.21674519476,1.7209063026
2.29591648808,2.23083768993,1.9440173552
2.29591648808,2.23089185353,1.94234112898
2.29591648808,2.24351731985,2.05690843427
2.29591648808,2.23272411404,1.38733290301
2.29591648808,2.22606905045,1.38407984534
2.29591648808,2.24346160766,1.91520359899
2.29652026113,2.24402081051,1.90510781224
2.29652026113,2.24494687525,1.90510781224
2.29652026113,2.2548615488,1.90840305437
2.29684275829,2.25823414533,2.06427257283
2.29684275829,2.23793582478,1.76040486369
2.29684275829,2.24385008441,1.85320941908
2.29684275829,2.24691574274,1.85320941908
2.29684275829,2.2396295232,1.85320941908
2.29684275829,2.23223891601,1.84591141367
2.29699166035,2.22110238229,1.01135221284
2.29699166035,2.22761989598,1.9633668606
2.29699166035,2.23792869506,1.95462997174
2.29699166035,2.23233615596,1.95014138406
2.29699166035,2.23577448991,1.95290270179
2.29737065873,2.22949494391,1.94800795655
2.29737065873,2.2284797893,1.95117206428
2.29740175403,2.22333424904,1.06077863754
2.29740175403,2.24594947886,2.0646537454
2.29740175403,2.24546287416,2.05386652858
2.29789516336,2.24203190735,2.04945035063
2.29843194701,2.24698449788,1.96328340208
2.29843194701,2.2466113214,1.96156012397
2.29868429929,2.25285317014,2.03794621775
2.29868429929,2.2579033296,1.97199128711
2.29868429929,2.25521136048,2.03910541793
2.29868429929,2.26419729969,2.0399399992
2.29868429929,2.25764394978,2.0399399992
2.30009371304,2.25316799339,1.93449559855
2.30009371304,2.24546458214,1.59293547246
2.29868429929,2.2479503637,1.59694277115
2.29868429929,2.25352254382,1.59241064886
2.29868429929,2.25235662785,1.59363825063
2.29868429929,2.24631293256,1.70105168306
2.29937169899,2.22764234197,0.829324918378
2.299526674,2.22437079748,1.66949330779
2.299526674,2.21724695749,1.67816983413
2.30006712016,2.21957044989,1.67942115344
2.30089956675,2.2359578255,1.68024583177
2.30089956675,2.23682117957,1.68269516011
2.30089956675,2.22747220434,1.68167464793
2.30093604635,2.2353136894,1.83321094561
2.30093604635,2.24460642682,1.83349597791
2.30115119642,2.24152668357,1.36738444862
2.30115119642,2.24210215257,2.0067253474
2.30115119642,2.24568842201,2.01276797528
2.30115119642,2.23385345451,1.91881954933
2.30115119642,2.24407989826,2.01943849812
2.30115119642,2.25001253858,2.01651816728
2.30139976723,2.24291363529,1.67256962653
2.30139976723,2.22817840284,1.57579412714
2.30139976723,2.19984114103,1.40594839708
2.30139976723,2.2245557301,1.4140473386
2.30139976723,2.21778888371,1.40966591251
2.30139976723,2.22831841167,1.40966591251
2.30139976723,2.23296498885,1.40966591251
2.30139976723,2.23984542645,1.86172337181
2.30179700804,2.24105187207,1.86111853219
2.30206754045,2.23092601247,1.85741180752
2.3023311974,2.22896807525,1.94370072582
2.3023311974,2.21536700083,1.92534378547
2.3023311974,2.2093366362,1.35032515683
2.3023311974,2.20463686503,1.88741408133
2.3023311974,2.19685375183,1.64035980358
2.3023311974,2.17652242148,0.84153821144
2.30246358601,2.1788166998,0.836850734874
2.30246358601,2.20359822331,0.831853296507
2.30246358601,2.20869737016,0.838551780948
2.30246358601,2.24347786716,1.89122993612
2.30252597049,2.2380629513,1.90002963949
2.30273497292,2.23936387525,1.90174824392
2.30273497292,2.23703057549,1.90187788934
2.30273497292,2.25033775364,1.90804457596
2.30307458897,2.25428550191,2.02926424252
2.30307458897,2.25391264757,1.95325846058
2.30307458897,2.24742160223,1.95325846058
2.30307458897,2.24916443158,1.96778620526
2.30452643466,2.25113815003,1.93845281588
2.30452643466,2.25006036329,1.85931543142
2.30452643466,2.24911983768,1.9591212639
2.30452643466,2.25129344502,1.9591212639
2.30452643466,2.25223612326,1.86767159375
2.30452643466,2.25064189513,2.02321487435
2.30452643466,2.23624128262,2.02293074759
2.30452643466,2.24838193454,1.57855939828
2.30453314619,2.23518773913,1.5745004467
2.30461405436,2.22742323404,1.57654608963
2.30453314619,2.22482932345,1.57504030458
2.30466838221,2.22604670056,1.58284141724
2.30466838221,2.22914481288,1.76344061952
2.30516761419,2.22342854468,1.65555383591
2.30516761419,2.22651562562,1.76315076175
2.30516761419,2.23336155451,1.76495994388
2.30516761419,2.22152464858,1.84845536608
2.30516761419,2.22590632439,1.92290756764
2.30516761419,2.21741297514,1.91999251471
2.30516761419,2.21634618235,1.70126768729
2.30516761419,2.22760466061,1.84941072074
2.30596511092,2.21575808646,1.70179753719
2.30596511092,2.22516307644,1.66065675376
2.30596511092,2.22095245839,1.69974615223
2.30596511092,2.20938021031,1.68145349568
2.30596511092,2.2001202035,1.79754435355
2.30728192031,2.20624135079,1.79786880481
2.30728192031,2.21240272149,1.61095906907
2.30728192031,2.19973537774,1.84632598152
2.30728192031,2.21328009091,1.18590802868
2.30728192031,2.23475989468,1.83071540837
2.30728192031,2.24274775685,1.83507602247
2.30728192031,2.25117840394,1.92356688917
2.30728192031,2.25816706452,2.00718803403
2.30728192031,2.24324569173,1.64949933282
2.30728192031,2.21766861144,1.7279015847
2.30728192031,2.23207831155,1.96112357173
2.30756442857,2.24657441792,1.96112357173
2.30756442857,2.24733752206,1.58468639348
2.30756442857,2.25343300193,1.58840672358
2.30756442857,2.24547054227,1.97530371552
2.30839289172,2.25935183581,1.97680970194
2.30839289172,2.25457868482,1.97680970194
2.30839289172,2.24865872312,1.8621288725
2.30839289172,2.24646397693,1.97225900629
2.30839289172,2.2520979299,1.5383904152
2.30839289172,2.25072635497,1.97794108985
2.30839289172,2.25042007752,1.97825420824
2.30839289172,2.2527408693,2.05267802626
2.30868939946,2.24576732617,1.97299456476
2.30868939946,2.23569949713,1.97208380419
2.30868939946,2.22861913988,1.45685875386
2.30868939946,2.22241720883,1.4341497781
2.30868939946,2.22700400329,1.4341497781
2.30868939946,2.23118814843,1.4310045465
2.30911101647,2.22292092868,1.42509971886
2.30911101647,2.24114221166,1.43010773779
2.30911101647,2.23352226057,1.43010773779
2.30911101647,2.25170921627,2.00069473388
2.30934230542,2.24951212887,2.03307358059
2.30934230542,2.26074449287,2.0192603175
2.30934230542,2.25665937882,1.79196229526
2.30934230542,2.26468370073,2.03887701218
2.30934230542,2.25556893984,1.84936452708
2.30996530922,2.25125430881,1.94117923934
2.30996530922,2.25891293904,1.98828821538
2.30996530922,2.23720169664,1.99023182617
2.30996530922,2.23559751587,1.91630261478
2.30996530922,2.23713913974,1.96482381435
2.31028750296,2.23707638088,1.89986830806
2.31028750296,2.22227413545,1.89986830806
2.31028750296,2.23444071113,1.89986830806
2.31028750296,2.24750837521,1.98240596399
2.31112565501,2.22380032616,1.71962086425
2.31112565501,2.21310747612,1.72379918486
2.31112565501,2.22533620012,1.94718577206
2.31112565501,2.22146131903,1.92088497789
2.31112565501,2.23797080398,1.83794763757
2.31112565501,2.23829118138,1.83671425129
2.31112565501,2.24739506945,2.03773799219
2.31112565501,2.24247953286,1.85960840626
2.31112565501,2.25521156697,1.85960840626
2.31112565501,2.2470772317,1.85960840626
2.31112565501,2.25097910239,1.81550274326
2.31112565501,2.24289166035,1.85663094634
2.31112565501,2.23981424051,1.85919961729
2.31112565501,2.23120641979,1.97095580439
2.31112565501,2.22885362064,1.7890119321
2.31112565501,2.23457157732,1.68570748169
2.31219641314,2.2437424507,1.87167168648
2.31303794071,2.20775848762,1.86996112881
2.31303794071,2.2069668884,1.81418036611
2.31303794071,2.22577392348,1.87167168648
2.31303794071,2.21279081907,1.87011220382
2.31303794071,2.22608941207,1.80224806511
2.31303794071,2.2134477609,1.94437339071
2.31303794071,2.21151817101,1.97107665592
2.31303794071,2.21553414706,1.86274888043
2.31303794071,2.21844657684,1.86274888043
2.313494078,2.22216288773,1.86274888043
2.313494078,2.23709990582,1.86255848996
2.313494078,2.24337945994,1.92614011962
2.313494078,2.2553723781,1.97156321221
2.313494078,2.25174548527,1.97156321221
2.313494078,2.24526729871,1.9713837276
2.313494078,2.25591637873,2.02986088814
2.313494078,2.24737038091,1.93009813551
2.313494078,2.239004088,1.81021321398
2.313494078,2.21793706036,1.90313479606
2.31360370765,2.22013503606,1.96584057301
2.31432158167,2.22440961164,1.96685999349
2.31432158167,2.24501293912,1.82112823048
2.31432158167,2.23984123598,1.93088084523
2.31432158167,2.25377742927,1.93088084523
2.31432158167,2.25564195856,1.72903355747
2.31434751464,2.23746841959,1.72903355747
2.31434751464,2.23624371535,1.34129435494
2.31434751464,2.24519475946,1.85340370548
2.31434751464,2.22018148327,1.75713385944
2.31434751464,2.2289840584,1.9586647418
2.31472693902,2.24648896968,2.02185881993
2.31472693902,2.2519143403,1.77896041578
2.31472693902,2.25008940905,1.97636233416
2.31472693902,2.2523626077,1.87054781355
2.31519486425,2.25445409502,1.87315832662
2.31519486425,2.27413507716,1.9667961445
2.31519486425,2.27187711121,1.93934106127
2.31519486425,2.25749856888,1.70668312339
2.31519486425,2.26147586078,1.9401134884
2.31529877606,2.25057978505,1.96409586463
2.31552897958,2.24262258178,1.85308099746
2.31569629442,2.25056063162,1.96583152916
2.31569629442,2.25221223096,2.02292615775
2.31569629442,2.25560522185,1.97898901091
2.31569629442,2.25078455268,1.94787801935
2.31569629442,2.23864408378,1.67023675772
2.31569629442,2.25080753033,1.77672702747
2.31569629442,2.23923331644,1.67023675772
2.31569893346,2.23888506419,1.77971165038
2.31569893346,2.2222107814,0.730190217444
2.31569893346,2.22276936617,0.743627962374
2.31580698258,2.24113830174,1.67178096412
2.31580698258,2.25884130915,2.07411562224
2.31580698258,2.24839169856,1.70558600583
2.31580698258,2.24145545301,1.80934537237
2.31580698258,2.24439560322,1.78142828787
2.31580698258,2.25003319452,1.78390822274
2.31580698258,2.25225053479,1.64210717433
2.31599533994,2.24761058348,1.89131623517
2.31599533994,2.24050692828,1.77930110134
2.31630536657,2.2377484383,1.77930110134
2.31630536657,2.2528115524,1.77930110134
2.31630536657,2.2697574375,1.78941581099
2.31630536657,2.26245275117,1.78187789615
2.31630536657,2.25135851759,1.82713743421
2.31630536657,2.24939426223,1.82563731864
2.31630536657,2.25328693232,1.82173126861
2.31630536657,2.24505496485,1.80837984145
2.31646933594,2.24344973464,1.8091791781
2.31700073292,2.256403981,1.82973203853
2.31700073292,2.26720073818,2.07511708434
2.31700073292,2.26066532363,2.0814971085
2.31741471504,2.25972031283,2.0787424529
2.31741471504,2.26655064421,1.98686347833
2.31741471504,2.27691184737,2.05902514195
2.3175337818,2.27641648592,1.96408657307
2.3175337818,2.28415291374,1.96408657307
2.3175337818,2.27561984749,1.92555491212
2.3175337818,2.26243693278,1.92555491212
2.3175337818,2.27179028841,2.0528885138
2.3175337818,2.27173886137,1.83012753434
2.3175337818,2.27660072616,1.83379000109
2.3175337818,2.27469923609,1.98545780071
2.3175337818,2.27789970055,1.94869655423
2.3175337818,2.27678918994,1.94869655423
2.3175337818,2.28097002507,2.03661107722
2.3175337818,2.28232961692,2.05402494167
2.3175337818,2.27773196785,1.99039331229
2.31863569327,2.27392615086,2.05588112666
2.31863569327,2.27686597984,2.05238250082
2.31863569327,2.26857372748,1.79207376155
2.31863569327,2.27587729361,2.05238250082
2.31863569327,2.27614688911,1.85837891928
2.31863569327,2.27677275133,2.13771897408
2.31863569327,2.28008608149,1.98447174111
2.31863569327,2.27399663045,1.98447174111
2.31863569327,2.27235526623,1.95230898117
2.31863569327,2.25103963204,1.69269530738
2.31863569327,2.24722151015,1.83624952241
2.318957627,2.26237270394,1.94959002108
2.318957627,2.27415519085,1.97901712466
2.318957627,2.28036426368,2.06880365765
2.318957627,2.2717116083,1.97685298092
2.31926078824,2.27651896625,1.97682558306
2.31926078824,2.28358359909,1.97642398456
2.31926078824,2.27431190501,1.97638630192
2.31926078824,2.27146746231,1.97601640084
2.31926078824,2.2724789783,1.97601640084
2.31926078824,2.27684332437,1.97601640084
2.31926078824,2.26908965261,1.97644213372
2.31926078824,2.2562140029,1.70332567304
2.31926078824,2.25506665865,1.70332567304
2.31926078824,2.24005183581,1.66645856953
2.31926078824,2.24847456849,1.66645856953
2.31926078824,2.25080914781,1.93246324654
2.31926078824,2.25278414959,1.96766995787
2.31926078824,2.24940638647,1.97271147527
2.31926078824,2.24655094721,1.97212307532
2.31926078824,2.2538594104,1.94226398425
2.3193434544,2.24420607805,1.47738305852
2.3193434544,2.22242665955,1.47327731353
2.31935446056,2.23197447788,1.47327731353
2.31956850798,2.23269009841,1.78461578919
2.31966230203,2.24361451589,1.97736555225
2.31966230203,2.2471522151,1.80969671542
2.31966230203,2.23605556084,1.97046340115
2.31985494002,2.22982405052,0.709899509382
2.31985494002,2.21581286916,0.732948583671
2.31985494002,2.22423185218,1.86416089449
2.3201369219,2.23767459807,1.86208191824
2.32038131972,2.24770675378,1.30900207704
2.32038131972,2.25970491705,1.30900207704
2.32038131972,2.25697434107,1.30844569076
2.32038131972,2.28548447167,1.87358406069
2.32038131972,2.27966233135,1.87358406069
2.3208582816,2.2770589072,1.87306820796
2.3208582816,2.28552266468,2.06555443437
2.3208582816,2.27668316429,1.56359319486
2.3208582816,2.28791966877,1.98202714112
2.32103314335,2.27673887343,1.9812180381
2.32109343451,2.2827047241,2.06688069248
2.32109343451,2.27916318,1.9722815872
2.32109343451,2.26801691096,2.06688069248
2.32109343451,2.2412266995,1.03010961608
2.32109343451,2.2478654699,1.34021197551
2.32109343451,2.22603080785,1.34021197551
2.32150500264,2.22835111008,1.87557353428
2.32150500264,2.22546674821,1.68099251323
2.32150500264,2.22971645891,1.68155562536
2.32150500264,2.21305924159,1.31725982304
2.32150500264,2.21924056196,1.31725982304
2.32150500264,2.20606551408,1.31374546489
2.32150500264,2.21132169282,1.31725982304
2.32150500264,2.21882285218,1.3178399513
2.32150500264,2.23843917027,1.68012680523
2.32150500264,2.24970145459,1.92090219044
2.32150500264,2.25716512979,1.98491874722
2.32150500264,2.25090120211,1.45805789401
2.32150500264,2.25052088015,2.03775818691
2.32189716393,2.24616049728,1.7872686927
2.32372756703,2.24838315549,1.79207196459
2.32372756703,2.25887166936,1.79033757024
2.32372756703,2.23806841483,0.764284973706
2.32372756703,2.25122416185,1.78453272592
2.32372756703,2.25582181328,1.90808002897
2.32387558718,2.25411625399,1.77703582561
2.32387558718,2.25349552872,1.77703582561
2.32387558718,2.24920622741,1.82724896355
2.32387558718,2.2659033521,1.82724896355
2.32387558718,2.27401304464,1.97696374289
2.32387558718,2.27751075796,2.07508980578
2.32393537967,2.27935396836,2.07674144431
2.32393537967,2.27267649055,2.07488916143
2.32393537967,2.28348650663,1.95846644399
2.32393537967,2.27948123778,1.92079744627
2.32393537967,2.28041965881,1.94844012184
2.32393537967,2.27684603359,1.94844012184
2.32393537967,2.28900412936,1.94818238035
2.32393537967,2.29838337213,2.0879476795
2.32397881525,2.29404827475,1.94324536505
2.32397881525,2.29232582604,1.93501944238
2.32397881525,2.29986442213,1.91613120629
2.32480216277,2.3059898214,1.91613120629
2.32480216277,2.29677733529,1.86300820117
2.32480216277,2.29437872431,1.97655895531
2.32480216277,2.30325767912,1.97425352117
2.32433298111,2.30008498046,1.98452156225
2.32493355359,2.30192997422,2.0813530715
2.32493355359,2.30672077366,2.07970049922
2.32501777577,2.31330630988,2.17341126046
2.32501777577,2.30248392035,1.9848327764
2.32501777577,2.2999418259,1.87553843284
2.32501777577,2.29718929722,1.85720266412
2.32501777577,2.30600914054,2.17177973753
2.32501777577,2.27606521456,1.00266440278
2.32501777577,2.27720353622,0.993601728127
2.32501777577,2.29758997281,2.08679303005
2.32538842411,2.29230117105,2.08605790237
2.32538842411,2.28701186777,1.87232207546
2.32538842411,2.28393484035,2.06534664273
2.32538842411,2.27601447781,1.68633409283
2.32538842411,2.27910547676,1.99067455242
2.32538842411,2.27915149905,1.96295769381
2.32538842411,2.28060792916,1.96295769381
2.32548945911,2.2739656238,1.96295769381
2.32548945911,2.26891271709,1.96242522841
2.32586599932,2.2511301273,1.96167659089
2.32586599932,2.27221325136,1.96138067203
2.32586599932,2.26873144882,1.96092765767
2.32586599932,2.28141395141,1.96561438635
2.32600395603,2.28142280797,1.92119836301
2.32600395603,2.27806905682,1.9789536431
2.32600395603,2.27333114677,2.02420541671
2.32600395603,2.2644100115,2.02519729371
2.32600395603,2.26817570293,2.03344131542
2.32600395603,2.25889580429,1.91830747522
2.32600395603,2.277435303,1.93441931777
2.32600395603,2.27051122104,1.93326184961
2.32600395603,2.26881768824,1.98151011765
2.32600395603,2.28137612258,2.02598483454
2.32658255165,2.28397467666,2.02598483454
2.32658255165,2.28252281209,2.08575896201
2.32676545833,2.28539438228,2.1649331284
2.32676545833,2.27744903054,2.16237988481
2.32676545833,2.266024667,2.03127806288
2.32676545833,2.26873423848,1.99079692884
2.32676545833,2.26274784647,1.90733892243
2.32676545833,2.24886193773,1.90302681917
2.32676545833,2.23645912582,1.90678304693
2.32676545833,2.23573023518,1.59804568606
2.32676545833,2.24559692482,1.59917727341
2.32676545833,2.22334735634,1.4210605245
2.32676545833,2.22241150045,1.57797909247
2.32676545833,2.20677601407,1.56801856207
2.32676545833,2.22371361265,1.53652735467
2.32695132205,2.22142765369,1.53652735467
2.32695132205,2.20856242996,1.395603172
2.32695132205,2.201574453,1.53652735467
2.32695132205,2.20168943014,1.43877151863
2.32708781762,2.21282360134,1.43057657053
2.32708781762,2.20398336026,1.58379750123
2.32708781762,2.23046940727,1.59572380135
2.32734868983,2.24281742972,1.59229993319
2.32734868983,2.25515875614,1.59229993319
2.32734868983,2.24814859147,1.77636280121
2.32734868983,2.23740435115,1.75079093313
2.32734868983,2.25756128572,1.77337919172
2.32737856221,2.27800839141,1.98853409398
2.32761876362,2.2861794775,1.86954667966
2.32761876362,2.28290397843,1.98617272433
2.32808157627,2.28362591457,1.99870605126
2.32808157627,2.2813691894,1.99468221753
2.32809701259,2.27669962395,1.97092393966
2.32809701259,2.26978321412,1.99297867924
2.32821731946,2.2718997906,1.99597295303
2.32821731946,2.27569140272,2.00076877303
2.32823098625,2.26646868208,2.00076877303
2.32857477268,2.26048617373,1.82212350537
2.32859711172,2.26058099284,1.93807602524
2.32861094205,2.26274824504,1.87710602581
2.32861094205,2.273374646,1.93807602524
2.32861094205,2.26658101219,1.93807602524
2.32861094205,2.25926650549,1.86049416989
2.32863488538,2.2600181672,1.86049416989
2.3286496073,2.25702147478,1.87794344068
2.32885956812,2.25407562333,1.87748482617
2.32885956812,2.26897715767,2.05538467447
2.32885956812,2.26563064354,1.9974597002
2.32887474143,2.27550279061,1.99030364739
2.32947544035,2.26902106111,1.87778206578
2.32947544035,2.27887972398,1.96895137425
2.32954754665,2.26368760256,1.96895137425
2.32954754665,2.25404631621,1.88558361742
2.32954754665,2.24917695836,1.88558361742
2.32954754665,2.25971905719,1.8271170822
2.32954754665,2.26304519405,1.91866080144
2.32954754665,2.27697831986,2.04129284618
2.32954754665,2.26316742779,1.02099600838
2.32954754665,2.28457329765,1.99433888293
2.32954754665,2.28032876624,2.08837371455
2.32954754665,2.27799161889,1.98834359045
2.32954754665,2.27518540467,1.98841337076
2.33003876528,2.28154955245,1.98722671102
2.33003876528,2.27528486142,1.98786385796
2.33003876528,2.27094254085,2.01898180446
2.32987402021,2.27998655883,2.08869367602
2.32987402021,2.27675362363,2.08716425024
2.32987402021,2.28186277365,2.04094572219
2.32991913855,2.27457094205,2.05874574111
2.32991913855,2.26974415193,1.96768361223
2.32991913855,2.25463488353,1.55368568742
2.32991913855,2.25235949719,1.55478213629
2.33022520813,2.24383095887,1.70915273415
2.33022520813,2.24359800572,1.70991730582
2.3303148964,2.23584977768,1.7087713588
2.33039958549,2.27677152043,1.79536262186
2.33039958549,2.27909889465,1.70917335456
2.33039958549,2.27597474807,1.70915273415
2.33039958549,2.28580417027,1.96702816278
2.33048895622,2.27719256462,1.95408653774
2.33084123926,2.27312737914,1.86278336048
2.33084123926,2.28487997561,1.86287907182
2.33084123926,2.27530103563,1.86249843522
2.33090200153,2.27128921426,1.86234903746
2.33090200153,2.25405664433,1.86234903746
2.33166347743,2.2570537029,1.79518912062
2.33166347743,2.25653872064,1.79518912062
2.33166347743,2.27000381089,1.86255910956
2.33166347743,2.27615605529,1.86127645342
2.33166347743,2.27232807172,2.00640201588
2.33166347743,2.27276207281,1.88989690735
2.33166347743,2.27567997165,1.97661058245
2.33166347743,2.28406248446,1.97361453382
2.33166347743,2.28040860574,1.97514452472
2.3317688641,2.2863474507,1.98015178125
2.33204012575,2.28338446859,1.86621971556
2.33204012575,2.2741493171,1.79045414614
2.33204012575,2.27457477391,1.86143106671
2.33204012575,2.26359689243,1.82629042748
2.33204012575,2.279326418,1.8673008522
2.33204012575,2.28675449777,1.85745112506
2.3328972296,2.29292963509,1.99982017866
2.3328972296,2.28421509562,2.00372288528
2.3328972296,2.2880495893,1.75957369785
2.3328972296,2.27497365815,1.87318979938
2.3328972296,2.26053999986,1.87318979938
2.3328972296,2.26380280579,2.0037600204
2.3328972296,2.25782366784,2.09249652938
2.3328972296,2.26737207485,2.09177168841
2.3328972296,2.27572996453,2.09057364883
2.3328972296,2.28963343312,2.08840525061
2.3328972296,2.28743166973,2.09594907227
2.3328972296,2.29007699063,2.07316580348
2.3328972296,2.28632577536,2.07316580348
2.3328972296,2.27582954125,1.98370939832
2.3328972296,2.26053105201,1.84945813285
2.3328972296,2.27212578681,1.98319280711
2.3328972296,2.27285343558,1.84445689084
2.3328972296,2.27615915842,2.04460383918
2.33294976177,2.26602312234,1.36540617146
2.33323727163,2.26493842667,1.37233864373
2.33323727163,2.26773162714,1.00363884764
2.33323727163,2.28146953202,1.90162288962
2.33323727163,2.27244690395,1.94425396115
2.33323727163,2.26291296329,1.94425396115
2.33335535282,2.25339965502,1.68496021597
2.33335535282,2.25439715928,1.51702354754
2.33335535282,2.2378137376,1.51702354754
2.33335535282,2.22485233305,1.39106127886
2.33336322096,2.23650310864,1.99875471789
2.33336322096,2.22786162989,1.99636491231
2.33335535282,2.22615503001,1.70199815538
2.33335535282,2.23854068817,1.86426310118
2.33335535282,2.22782516791,1.88615692557
2.33335535282,2.25066554974,1.88615692557
2.33335535282,2.25562873293,1.99923809691
2.33336322096,2.25111813375,1.9917089631
2.33377662955,2.24834428546,1.73252962293
2.33377662955,2.25705641326,1.88201504674
2.33386003355,2.24620247952,1.87530341028
2.33386003355,2.23964287009,1.7075372515
2.33432903363,2.24336364335,1.88057827365
2.33432903363,2.25251702813,1.98856182971
2.33506094516,2.26112485583,1.99133141424
2.33506094516,2.25581926125,1.99039771127
2.33506094516,2.23698333566,1.94430507762
2.33506094516,2.23944716027,1.98529563785
2.33506094516,2.25358571688,1.99648877105
2.33506094516,2.26363512256,1.99354652515
2.33506094516,2.27038625735,1.97535584028
2.33520785105,2.25691340582,1.99778801327
2.33534665656,2.24693583141,1.88451518356
2.33534665656,2.23017342401,1.73066436743
2.33534665656,2.23874741366,1.71053045099
2.33534665656,2.24681993088,1.33970375823
2.33534665656,2.23988310261,1.33970375823
2.33534665656,2.24832150609,1.99184442418
2.33534665656,2.26342356395,1.98545598718
2.33548389615,2.27524484356,1.98545598718
2.33572177704,2.27239621421,1.99033883319
2.33572750031,2.27199579876,2.00266093149
2.33572750031,2.26469991092,1.70939293122
2.33572177704,2.25173843079,1.541209763
2.33586565255,2.26681454502,1.53604649765
2.33586565255,2.26481834053,1.68078867289
2.33586565255,2.23473440985,1.53860004818
2.33586565255,2.24947572964,1.67855650361
2.33586565255,2.25545238293,1.54095971353
2.33586565255,2.25536851624,1.54095971353
2.33586565255,2.26429546321,1.89063694654
2.33605398625,2.26014720006,1.70748158701
2.33605398625,2.23576484666,1.69908836593
2.33605398625,2.25135412018,1.92335567943
2.33633890001,2.27390631881,2.00769054635
2.33633890001,2.2840760785,2.07525889254
2.33633890001,2.27551518069,2.07376369163
2.33633890001,2.2580248454,1.99599963017
2.33633890001,2.26665443857,1.9932365648
2.33633890001,2.28372035404,2.00510995435
2.33633890001,2.28203154616,1.5599980451
2.33633890001,2.27912935651,1.55311891244
2.33633890001,2.27068661193,1.26229885668
2.33648955797,2.28676528823,2.00617616008
2.33648955797,2.27531303482,1.65601927096
2.33648955797,2.28221790834,1.65990999298
2.3366255045,2.26502075245,1.65203486578
2.3366255045,2.25713263922,1.65203486578
2.33676575255,2.25607745842,1.65203486578
2.33679007495,2.2829923067,1.6528052595
2.33679007495,2.274854361,1.65399590697
2.33679007495,2.27016919721,1.65399590697
2.33679007495,2.25780814099,1.54045012961
2.33679007495,2.26578091253,1.54045012961
2.33685233979,2.27051975195,1.17111115158
2.33685233979,2.26880961316,1.16629998853
2.33685233979,2.26079636892,1.18117971127
2.33685233979,2.24649379476,1.17962243776
2.33685233979,2.24523792532,1.16472636002
2.33685233979,2.26738251737,1.16472636002
2.33685272333,2.26471700926,1.16472636002
2.33685272333,2.24501357434,1.16403273828
2.33685272333,2.23273043231,1.16629998853
2.33685272333,2.21838202525,1.16629998853
2.33695312811,2.22094971349,1.16629998853
2.33695312811,2.236312722,1.17282211867
2.33695312811,2.24153278829,1.16419328206
2.33695312811,2.25247364357,1.17640098181
2.33695312811,2.25888457085,1.17640098181
2.33695312811,2.25499882267,1.16629998853
2.33695312811,2.27378730984,1.95265155418
2.33695312811,2.25424207527,1.8532279898
2.33695312811,2.25427021014,1.50910193493
2.33695312811,2.26848649037,1.95126700394
2.33709133752,2.25315503732,1.8471308657
2.33709133752,2.27181176398,1.84928329576
2.33709133752,2.26445216194,1.95244224016
2.33709133752,2.27216339207,1.86336760363
2.33787770035,2.27432293233,1.94998785432
2.33787770035,2.27621129319,1.95108022974
2.33787770035,2.27068084081,1.95126700394
2.33787770035,2.27515004029,1.10801991935
2.33842602006,2.28177357921,1.95081065373
2.33842602006,2.29767226579,1.99372158595
2.33842602006,2.29983410542,1.99737937909
2.33842602006,2.28800204191,1.99635401514
2.33842602006,2.28214251526,1.99648786076
2.33848732045,2.29331532145,1.71763445854
2.33911623473,2.30204701519,2.01275386187
2.33911623473,2.28647307642,2.01275386187
2.33911623473,2.29016563165,2.01275386187
2.33911623473,2.28863933862,2.01357305252
2.33911623473,2.30090750496,2.09235962684
2.33911623473,2.28254850572,1.37244157885
2.33911623473,2.29544772885,1.37244157885
2.33911623473,2.29177683418,1.99403512713
2.33911623473,2.2837118308,1.99403512713
2.33911623473,2.28170301746,1.99419081307
2.33921705896,2.28024524071,1.98131337348
2.33921705896,2.29095707406,1.99394561652
2.33921705896,2.29512843415,1.99394561652
2.33921705896,2.29999827739,1.99394561652
2.33921705896,2.29556105057,1.96394588916
2.33921705896,2.28982663703,1.88945109842
2.33921705896,2.28982741303,1.99339936617
2.33921705896,2.2965543756,1.99419081307
2.33921705896,2.30666695496,1.99419081307
2.33921705896,2.30737950578,1.99419081307
2.33921705896,2.29606685434,1.99419081307
2.33921705896,2.29540640239,1.99449360935
2.33921705896,2.28484082675,1.99433066427
2.33921705896,2.28099733398,0.914826008394
2.33921705896,2.28253127036,1.99433066427
2.33921705896,2.2832482175,1.99433066427
2.33921705896,2.28763119237,2.00367977909
2.33939763974,2.28846491118,1.99072935481
2.33939763974,2.28186001864,1.89721723585
2.33939763974,2.27842414125,1.99072935481
2.33939763974,2.2640849309,1.99072935481
2.33939763974,2.2533688261,0.793665530111
2.33939763974,2.2475222252,0.88409524162
2.33939763974,2.25306243312,0.791528975997
2.33991979442,2.26152063979,1.99405193446
2.33939763974,2.26884327346,1.99405193446
2.33939763974,2.26262634702,1.61763501061
2.3403130501,2.26811741362,1.98094620391
2.3403130501,2.25555649981,1.84585675627
2.3403130501,2.25296772534,1.99072935481
2.3403130501,2.26220189411,1.99130623968
2.3403130501,2.26008062105,1.88177561299
2.3403130501,2.26527934026,1.88055369643
2.3403130501,2.26536527125,1.8811420375
2.3403130501,2.27255484016,1.88085178159
2.34078799867,2.28055460254,1.9864422859
2.34078799867,2.2923137146,1.99198749614
2.34078799867,2.30664858909,1.99464468112
2.34078799867,2.31184514233,1.9953181485
2.34078799867,2.31015558259,2.18683449467
2.34078799867,2.30910255501,1.90560797014
2.34078799867,2.3078238213,1.90347611038
2.34078799867,2.30501425183,1.90920615973
2.34078799867,2.29747255763,1.87500806049
2.34078799867,2.29845696474,1.87815198634
2.34078799867,2.29410344716,1.87815198634
2.34078799867,2.29239937434,1.87815198634
2.34078799867,2.28673920222,1.87815198634
2.34078799867,2.28590975797,1.8980356083
2.34096895028,2.29417280806,2.00978754206
2.34096895028,2.28733558927,2.00978754206
2.34096895028,2.29576676267,2.08643643353
2.34096895028,2.29338799821,2.08685064878
2.34096895028,2.28890023987,1.94791890283
2.34096895028,2.29391279451,1.94791890283
2.34096895028,2.28026600479,1.99384041907
2.34096895028,2.27189885813,1.61094031781
2.34096895028,2.28106476018,1.99998658056
2.3412435787,2.28053205484,2.00013920007
2.3412435787,2.28773759998,2.00040612174
2.3412435787,2.2814128058,2.00060259814
2.3412435787,2.27570190561,2.00151772591
2.34217138396,2.29406617659,2.00764873043
2.34217138396,2.2833886529,2.0845472914
2.34217138396,2.2816664353,2.08288217061
2.34217138396,2.28987167964,2.08224683189
2.34223301477,2.30014577441,2.08311106219
2.34223301477,2.28662232965,1.86074263914
2.34223301477,2.26596502503,1.88750661543
2.34223301477,2.26805245268,1.99815396236
2.34223301477,2.25726323903,0.946783903981
2.34233759723,2.26369699544,2.00763125594
2.34233759723,2.25904636121,1.98650584498
2.34233759723,2.23808203964,1.86260173636
2.34250420103,2.25625108409,1.98620705647
2.34250420103,2.27799568025,1.98607948479
2.34250420103,2.2746854518,1.98620705647
2.34250420103,2.25651069993,1.98285988428
2.34250420103,2.25462497928,1.98370386011
2.34250420103,2.25281857967,1.98370386011
2.34250420103,2.25985113145,1.98122519749
2.34250420103,2.26226700653,2.09769662593
2.34250420103,2.2554354979,1.82139428739
2.34250420103,2.25299875261,1.8972278401
2.34250420103,2.25939401241,1.8972278401
2.34250420103,2.26155494568,1.82568337068
2.34250420103,2.26099713551,1.99319127938
2.34250420103,2.26763564185,1.99445949289
2.34250420103,2.28704442365,1.87703246633
2.34250420103,2.28145105181,1.96944340308
2.34250420103,2.28544557536,2.05212059847
2.34250420103,2.27110314577,1.58568234412
2.34276797892,2.28031310799,1.94593476554
2.34276797892,2.27682063316,1.89407881651
2.34276797892,2.25409088804,1.89180500296
2.34276797892,2.25265360355,1.89465047491
2.34276797892,2.24827655171,1.94724668021
2.34276797892,2.24554723721,1.94596298955
2.34276797892,2.25659610187,1.94596298955
2.34276797892,2.25260591839,1.9471446755
2.34276797892,2.24787538859,1.83539443057
2.34276797892,2.26240942582,1.83695471838
2.34276797892,2.2543256838,1.83695471838
2.34276797892,2.25474694141,2.09726565504
2.34276797892,2.23807484165,1.6965591443
2.34276797892,2.24668166736,2.09726565504
2.34276797892,2.23738935402,2.09726565504
2.34301926594,2.23384649611,2.09870146179
2.34301926594,2.23532497259,1.89832288551
2.34301926594,2.23120256198,1.99019414872
2.34301926594,2.24182272049,1.9898615758
2.34301926594,2.23624449987,1.9898615758
2.34301926594,2.25310578024,1.9898615758
2.34301926594,2.24389765665,1.98963393967
2.34301926594,2.26438433724,1.9811186152
2.34301926594,2.26999210653,1.9811186152
2.34301926594,2.27626797693,1.9913792701
2.34301926594,2.26139401278,1.9921409161
2.34301926594,2.27591097683,1.9898615758
2.34301926594,2.26169576263,1.99475493805
2.34301926594,2.26028080608,1.98596739871
2.34301926594,2.26971296686,1.99472482664
2.34301926594,2.25202568974,1.98616509356
2.34301926594,2.2526721041,1.94889998544
2.34301926594,2.24259317416,1.94889998544
2.34301926594,2.23455344554,1.85686688301
2.34301926594,2.23855685841,1.38390367433
2.34301926594,2.25838407723,1.88313774216
2.34318702825,2.26463732669,2.00627084875
2.34318702825,2.26244354612,2.00504015778
2.34318702825,2.27475840964,2.00175478654
2.34318702825,2.27005146969,1.52193092726
2.34318702825,2.28049467711,2.00028013026
2.34318702825,2.27974418091,1.99695517553
2.34318702825,2.27668897752,2.00222389394
2.34335952026,2.27684049934,2.00222389394
2.34335952026,2.2673152015,1.74772801927
2.34335952026,2.26924267376,1.83956374264
2.34335952026,2.2633879881,1.84079416377
2.34335952026,2.25935207834,1.81690341747
2.34335952026,2.27177663407,1.74795200715
2.34337292263,2.27544449684,1.74795200715
2.34337292263,2.24988341037,1.84079361949
2.34342265653,2.24971894727,1.61191729821
2.34342265653,2.26916108066,1.72539114073
2.34342265653,2.28036906834,2.0755510783
2.34342265653,2.28032549105,2.01211140937
2.34342265653,2.2846832773,2.01211140937
2.34342265653,2.27534261115,2.01102223703
2.34343481828,2.27696166488,2.0022149419
2.34342265653,2.26324156871,2.00250547884
2.34343481828,2.25652969213,2.01104255841
2.34343481828,2.25654656467,1.98008125092
2.34343481828,2.27050787981,1.98005822327
2.34343481828,2.27892771701,1.89264818828
2.34343481828,2.2836858571,2.0150784426
2.34343481828,2.28746430271,1.83384383546
2.34343481828,2.28008035184,1.83384383546
2.34343481828,2.28926104375,2.00319302275
2.34345715173,2.30009905844,2.00319302275
2.34345715173,2.27707372946,1.96129649738
2.34347130066,2.2756881543,1.79920224234
2.34347130066,2.29164879955,1.79506457352
2.34347130066,2.29336611784,1.79506457352
2.34347130066,2.29980710695,2.00319302275
2.34347130066,2.29022036314,1.99720796944
2.34347130066,2.28862559682,1.94945008925
2.34347130066,2.27310689343,1.94910753292
2.34348480797,2.28190731931,1.94627872492
2.34348480797,2.27881621774,2.0063950054
2.34418596152,2.28151593892,2.08405686995
2.34418596152,2.27183228255,0.792390495737
2.34418596152,2.27971352211,1.98886245919
2.34418596152,2.27411625742,1.72293110587
2.34418596152,2.27860591282,1.99909240939
2.34418596152,2.26719551755,2.00908597509
2.34418596152,2.28068376523,1.56799197094
2.34440494554,2.29200446071,1.56912650257
