best,average,worse
3.20569503608,1.31322810956,0.0
3.25686128341,1.50103269163,0.0
3.26768029202,1.75551463564,0.0
3.3136904806,1.98335915723,0.0
3.3136904806,1.91878369105,0.0
3.3136904806,1.97858427187,0.0
3.3136904806,1.94502873788,0.0
3.3136904806,2.25259060146,0.0952380952381
3.33058388936,2.52392706519,0.3189328532
3.34279123765,2.66925685961,0.78950580951
3.34279123765,2.79748198819,0.78950580951
3.34279123765,2.84514550758,0.671244048196
3.34279123765,2.99257903919,0.710710446784
3.34427123984,3.05397978524,1.02923392101
3.36667649596,3.22394666182,1.47295519119
3.36667649596,3.24153549317,1.47295519119
3.36667649596,3.27561708534,2.02767427234
3.36667649596,3.28950079261,1.90781777749
3.37210398262,3.30902821163,3.14062009661
3.38001172641,3.30620371974,2.93824879794
3.38289653017,3.31375709852,3.20245421213
3.38289653017,3.30092321685,2.82484484211
3.38289653017,3.30841245146,2.90955678223
3.38289653017,3.30484613146,3.10866342644
3.38289653017,3.29361629853,3.10287648819
3.38289653017,3.29133756275,2.45059666306
3.38289653017,3.2629235825,1.56655950591
3.38289653017,3.28730240841,2.42227611214
3.39501961978,3.30679971728,2.67607475768
3.39501961978,3.30405486787,2.72745063961
3.39501961978,3.273948117,2.13523911304
3.39501961978,3.27448620341,2.07371246206
3.39501961978,3.25271236399,2.07371246206
3.39501961978,3.2661414502,2.05903688193
3.39501961978,3.27914702271,2.05903688193
3.39501961978,3.29741625769,2.08368349281
3.39513214861,3.31963148156,3.13487417458
3.39513214861,3.32234090595,2.91936439063
3.39666413785,3.32405453841,3.16317447953
3.39666413785,3.31952701295,2.95934392959
3.39666413785,3.31222464108,2.67599965867
3.39666413785,3.33070643541,2.90448811597
3.40256889833,3.32974755355,2.90448811597
3.40256889833,3.33049755875,2.9125981994
3.40256889833,3.32814841069,2.63820541252
3.40256889833,3.32734805635,2.70650861852
3.41039910284,3.31479354279,2.63820541252
3.41039910284,3.32254311582,2.53958067242
3.41039910284,3.33562634754,3.0956018003
3.41039910284,3.33982030471,2.84948075549
3.41039910284,3.35039179694,2.98878217104
3.41356826779,3.35526493255,2.84867459674
3.41356826779,3.33080085349,1.98107696807
3.41356826779,3.34113471629,2.19579896377
3.41356826779,3.32391465915,2.15379044585
3.41356826779,3.33984492762,2.14173789326
3.41356826779,3.36231631008,3.18426926078
3.41356826779,3.36157967142,3.07359703562
3.41356826779,3.34584083784,2.12462354879
3.41363495372,3.35753354531,2.51116741108
3.41363495372,3.36219811103,2.51295041744
3.41363495372,3.36899010434,3.23677220254
3.41363495372,3.37065060933,3.23826856807
3.41363495372,3.35866226686,3.19686792023
3.41363495372,3.360568503,2.98823601766
3.41363495372,3.36193718423,3.16896727178
3.41368755817,3.36977338046,3.16896727178
3.41368755817,3.36474648517,3.2062639406
3.41368755817,3.36572628376,3.16896727178
3.41368755817,3.36728218696,3.16896727178
3.41368755817,3.35393075405,2.49927146328
3.41368755817,3.35501809273,2.65140396152
3.41368755817,3.35489417789,2.65140396152
3.41368755817,3.36174623464,3.15509330875
3.41588376664,3.36072794903,3.0038399423
3.41588376664,3.36158882099,3.0038399423
3.41588376664,3.35657881201,3.0038399423
3.41588376664,3.34776587391,3.07359703562
3.41588376664,3.35464958608,3.07359703562
3.41588376664,3.35109930274,3.07359703562
3.41588376664,3.35525234227,3.18373045146
3.41588376664,3.36130644381,3.18746376868
3.41588376664,3.36309809279,3.16728199116
3.41744968631,3.35939218933,3.18358906997
3.41744968631,3.36178170201,3.05787723654
3.41744968631,3.36660107052,3.18160711053
3.41744968631,3.36620279215,3.18160711053
3.41744968631,3.37157948565,3.18160711053
3.41744968631,3.37266544453,3.18160711053
3.41744968631,3.34363009955,0.716175861786
3.41744968631,3.37277442392,3.14843952918
3.41744968631,3.38721717288,3.17960545463
3.41744968631,3.39150504984,3.14386264102
3.4197929314,3.40068689736,3.25290012904
3.42113498041,3.39772089109,3.25290012904
3.42113498041,3.38652982837,2.16501375359
3.42113498041,3.38644670613,2.18173914539
3.42113498041,3.40451066638,3.24464483235
3.42113498041,3.40157944879,3.11975419746
3.42113498041,3.40193740254,2.96949364724
3.4227675748,3.40282872894,3.11975419746
3.4227675748,3.40229281983,3.0966927938
3.4227675748,3.40277524918,3.13862949893
3.4227675748,3.39649593323,3.10160140315
3.4227675748,3.38945139173,3.09618746841
3.4227675748,3.36910859428,3.08576756843
3.4227675748,3.368788976,3.06674863674
3.4227675748,3.38713993514,3.08576756843
3.4227675748,3.39980772355,3.10657400731
3.4227675748,3.39737429124,2.77565399799
3.4227675748,3.39114703877,2.77565399799
3.4227675748,3.39660183032,3.09601835923
3.4227675748,3.39519150701,3.08576756843
3.42447253216,3.40115672933,3.10154145556
3.42447253216,3.41170849029,3.10154145556
3.42447253216,3.39837633107,2.10544347708
3.42447253216,3.39589683091,2.10544347708
3.42447253216,3.38353802391,2.09518978704
3.42447253216,3.38950565623,2.0924762607
3.42447253216,3.36378275735,1.99524263169
3.42447253216,3.38740451692,3.2202769216
3.42447253216,3.39457652313,3.21075974577
3.42447253216,3.4008154235,3.2202769216
3.42447253216,3.40421053982,3.24808816172
3.42447253216,3.39631550802,3.23309032604
3.42447253216,3.39547865556,3.22391258109
3.42447253216,3.39087689508,3.22391258109
3.42447253216,3.38286231409,2.63865669362
3.42447253216,3.39308160228,3.23580104097
3.42447253216,3.38874336316,2.47729543546
3.42447253216,3.37809571986,1.78449829228
3.42447253216,3.39306246039,2.42469347286
3.42454039301,3.39831239627,3.23263077388
3.42454039301,3.39814529417,3.23263077388
3.42454039301,3.39584691283,3.04975310523
3.42454039301,3.4039900134,3.244487698
3.42454039301,3.40201024779,3.244487698
3.42454039301,3.40540344533,3.244487698
3.42454039301,3.40192353505,3.20753924429
3.42454039301,3.4009804329,3.24033213967
3.42454039301,3.40422961371,3.24033213967
3.42463761418,3.40971204495,3.2660843551
3.42463761418,3.41228869604,3.2660843551
3.42529736493,3.40603048825,2.93494895494
3.42529736493,3.40982988062,3.30809674176
3.42529736493,3.38564484582,1.16679784202
3.42529736493,3.36278001857,1.16679784202
5.42126272561,3.41998018678,1.16679784202
5.42126272561,3.43771295482,3.27580166537
5.42313785347,3.45875559866,3.1404205309
5.42313785347,3.52200561199,3.26098066012
5.42313785347,3.56722720318,3.26098066012
5.42313785347,3.62679556516,3.20066609745
5.42313785347,3.6691555189,2.28123164589
5.42313785347,3.75192181081,2.28123164589
5.42313785347,3.81029687086,3.23437113574
5.42313785347,3.81378494604,3.16102403693
5.42313785347,3.91014622913,1.12693853508
5.42313785347,3.93353647599,1.12693853508
5.42313785347,3.99134671744,0.915789882503
5.42313785347,4.20010403567,3.36848152029
5.42313785347,4.2001995008,3.36698548714
5.42313785347,4.25803768042,3.35179125882
5.42313785347,4.23792370334,3.34925241373
5.42313785347,4.21898267675,3.36260342153
5.42462522597,4.33917383676,3.33353037027
5.42462522597,4.45770930744,3.33353037027
5.42462522597,4.61673070345,3.33195880362
5.42565237598,4.63534517004,3.33124877895
5.42565237598,4.67709328299,3.30115375064
5.42565237598,4.68018690334,3.30115375064
5.42565237598,4.6949356632,3.02027651859
5.42565237598,4.65232254019,3.02027651859
5.42565237598,4.57432311162,3.25883358426
5.42565237598,4.48979269322,3.26935985606
5.42565237598,4.56833865963,3.25883358426
5.42565237598,4.66800585688,3.26704317108
5.42565237598,4.74774527918,3.26704317108
5.42565237598,4.76881065443,3.26704317108
5.42565237598,4.91736506889,3.34520582663
5.42565237598,5.0993246501,3.3175614122
5.42565237598,4.87598269644,3.27921162698
5.42565237598,4.83496871401,3.2643255227
5.42565237598,4.9117875929,2.7345557425
5.42615890592,4.93185114356,2.70521987226
5.42615890592,4.93226472093,2.70521987226
5.42615890592,5.00005431554,3.35772882776
5.42615890592,4.98033170465,3.37272439652
5.42615890592,5.0614521791,3.37550036861
5.42615890592,5.16247987693,3.37550036861
5.42615890592,5.11960207641,3.27354934444
5.42615890592,5.11816583213,3.25004067043
5.42615890592,5.22322281087,3.38299423351
5.42615890592,5.08233472482,3.37236570539
5.42615890592,5.12253400783,3.37236570539
5.42615890592,5.16228281216,3.3748899908
5.42615890592,5.14021484134,3.18075795517
5.42615890592,5.1799965327,3.16599701767
5.42615890592,5.09404193695,3.16599701767
5.42615890592,5.07706384587,3.17210988782
5.42615890592,5.09646163432,3.17210988782
5.42615890592,5.05295492335,3.17210988782
5.42778360301,5.1199002809,3.1641862715
5.42778360301,5.12089193428,3.27949361335
5.42778360301,5.09906773061,3.19069404634
5.42778360301,4.93317119114,3.17817447389
5.42778360301,5.00841315917,3.19082060541
5.42778360301,5.00807069071,3.17624675114
5.42778360301,4.84351280156,3.17913332223
5.42778360301,4.90961338254,3.17913332223
5.42778360301,5.13342258023,3.16774494188
5.42778360301,5.0957391585,3.25016565162
5.42778360301,4.91012212813,3.17464643949
5.42778360301,5.01538319937,3.17464643949
5.42778360301,5.1005913831,3.34145108001
5.42778360301,5.08057055623,3.26726139872
5.42778360301,5.12129627803,3.26726139872
5.42778360301,5.08336918443,3.37557854383
5.42778360301,5.00208155981,3.34797757714
5.42778360301,5.06343757161,3.38142328732
5.42778360301,5.08273930017,3.31168316959
5.42778360301,5.04088130085,3.2075748568
5.42778360301,5.14059640078,3.21857023993
5.42778360301,5.00155312591,3.33256715418
5.42778360301,4.94189374146,3.36658205001
5.42778360301,4.96233762415,3.36658205001
5.42778360301,5.00140898031,3.36340320406
5.42778360301,5.03278785764,2.68171341633
5.42778360301,5.07257609413,2.68982679591
5.42778360301,5.154353891,2.68982679591
5.42778360301,5.17638208588,2.68982679591
5.43032865212,4.97262120934,2.68982679591
5.43032865212,4.95815320606,3.27720190801
5.43032865212,5.10062210589,3.35325760232
5.43032865212,5.10142006671,3.3498379954
5.43032865212,5.10119123848,3.20846415266
5.43032865212,5.12402453456,3.29015498083
5.43032865212,4.92626251931,1.73104541342
5.43032865212,5.1403978198,3.08285854836
5.43032865212,4.81406468251,3.02495567415
5.43032865212,4.93538282087,3.06743786875
5.43032865212,5.03968072464,3.03487462745
5.43032865212,5.08138450987,3.06132118061
5.43032865212,5.08159090025,3.08292072961
5.43032865212,4.96779961043,2.39196166779
5.43032865212,4.89969166318,3.25583585515
5.43032865212,4.93979423425,3.24281722046
5.43032865212,5.06378605456,3.36225179447
5.43032865212,5.00386956641,3.38193154366
5.43032865212,5.00267991214,3.31296870575
5.43032865212,4.94010473627,3.21882755369
5.43032865212,4.94004663798,3.21882755369
5.43032865212,4.87379496738,3.20254701517
5.43032865212,5.00375674027,1.68488174913
5.43032865212,4.98410431304,1.68488174913
5.43032865212,5.16049874531,3.20588126214
5.43032865212,5.12248748063,3.20588126214
5.43069496687,5.03315861398,2.43084799854
5.43069496687,4.86533391084,2.43084799854
5.43069496687,4.9392210754,2.43084799854
5.43069496687,5.10571047692,2.43084799854
5.43069496687,5.14719956251,3.36067726969
5.43069496687,5.18698600158,3.36067726969
5.43069496687,5.0868819069,3.36067726969
5.43069496687,5.12834745072,3.3580474806
5.43069496687,5.28908119985,3.38847501131
5.43069496687,5.26131252551,3.36897106435
5.43069496687,5.24760265455,3.35006926264
5.43069496687,5.0850354621,3.3463065171
5.43069496687,5.10346652684,3.15749193002
5.43069496687,4.92099229173,3.15749193002
5.43069496687,4.75136952015,3.16396651119
5.43069496687,4.9152561024,3.09330942799
5.43069496687,4.90696597042,3.09330942799
5.43069496687,5.04938876678,2.62038507048
5.43069496687,5.0806459727,3.17698569327
5.43069496687,5.0841564894,3.26490693815
5.43130948349,4.98106140512,3.26803076993
5.43130948349,4.88023420101,3.19490224272
5.43130948349,4.67694940883,3.07839929568
5.43130948349,4.75965104724,3.3223747382
5.43130948349,4.80054419254,3.33919987977
5.43130948349,4.85945159898,3.33312881495
5.43130948349,4.76122338698,3.33919987977
5.43130948349,4.88162307607,1.36194811684
5.43130948349,5.0053981815,3.33148040355
5.43130948349,5.02642007254,3.33148040355
5.43130948349,5.1284012396,3.36722972252
5.43130948349,5.2069659746,3.32548874269
5.43130948349,5.08748830314,3.33698786291
5.43130948349,5.10734058203,3.3633207834
5.43130948349,5.06703746957,3.31292672474
5.43130948349,5.04677903772,3.35532026454
5.43130948349,4.98590854175,3.35194381791
5.43130948349,4.96358893874,3.35194381791
5.43130948349,5.08573455759,3.34669138441
5.43130948349,5.00438707295,3.34620799698
5.43130948349,5.16683580175,3.34620799698
5.43130948349,5.08342204728,3.19531378039
5.43130948349,5.06579001346,3.3593465106
5.43130948349,4.90058046264,3.2123432807
5.43133435032,4.94197897921,3.22603930601
5.43133435032,5.04582516328,3.36299466506
5.43133435032,5.06177347554,3.2320370408
5.43133435032,5.0001197966,3.2320370408
5.43133435032,5.02247207618,3.27236286003
5.43133435032,5.08353730265,3.25610218165
5.43133435032,5.06337870754,3.26546820844
5.43133435032,4.96316678602,3.31775136363
5.43133435032,4.94028995119,3.31775136363
5.43133435032,5.04550682269,3.31775136363
5.43133435032,5.18695560732,3.28448811439
5.43133435032,5.16793846762,3.35975013114
5.43133435032,5.12762725687,3.37693825898
5.43133435032,5.04730084063,3.36326645464
5.43133435032,4.98627266709,3.35693309397
5.43133435032,4.98648154833,3.36857197476
5.43133435032,4.89256044875,2.59939679876
5.43133435032,4.78619800507,2.59939679876
5.43133435032,4.90610971548,2.36455852792
5.43133435032,5.20957645258,2.36455852792
5.43133435032,5.14922129297,3.39377922128
5.43133435032,5.12393462494,2.8857569829
5.43133435032,5.03192312832,2.8786289368
5.43133435032,4.89786854681,2.94082667056
5.43133435032,4.87941353119,2.94082667056
5.43133435032,4.89409487846,2.55142450964
5.43133435032,4.8800749859,2.90582002549
5.43133435032,4.98730430286,3.33009497995
5.43133435032,4.94769853603,3.33606751088
5.43133435032,4.87717487302,2.35563279419
5.43165264452,5.02901555896,3.3793610591
5.43165264452,5.06702152072,3.28931495152
5.43165264452,4.96668028616,3.3793610591
5.43165264452,5.02784145064,3.38677963939
5.43165264452,5.14833844451,3.38584927141
5.43165264452,4.98884455893,3.38399312792
5.43165264452,4.96871744093,3.38214284063
5.43165264452,4.96661571856,3.33147887652
5.43165264452,4.86763416187,3.35899607353
5.43234454199,4.74856480195,3.39791852009
5.43234454199,4.54769447502,3.39791852009
5.43234454199,4.744527656,3.17172266551
5.43234454199,4.86510884597,3.17172266551
5.43234454199,4.88700162924,3.32559603019
5.43234454199,4.96924422495,3.37745527456
5.43234454199,4.78764938299,3.37045558243
5.43288500236,4.82027587905,2.68583041742
5.43288500236,4.76726348224,3.36144492056
5.43330221964,4.86645916269,3.36144492056
5.43330221964,4.86691094517,3.36103288694
5.43330221964,4.94850702691,3.35926568638
5.43330221964,4.89907903644,0.615096376012
5.43330221964,4.88490598352,3.28589922674
5.43330221964,4.84322976987,3.3443955735
5.43330221964,4.72051558825,3.26841391561
5.43330221964,4.76423990314,3.3443955735
5.43330221964,4.72427692449,3.35926568638
5.43330221964,4.76515050059,3.35926568638
5.43330221964,4.68686827326,3.35424532311
5.43330221964,4.78723696256,3.35110642216
5.43330221964,4.5463315582,3.35110642216
5.43330221964,4.72712752284,3.30851672948
5.43330221964,4.84643892555,3.29742412519
5.43330221964,4.96655625674,3.29742412519
5.43330221964,5.14785152033,3.29742412519
5.43330221964,5.18813743191,3.12047394537
5.43330221964,5.12789289246,3.13902474862
5.43330221964,5.1228019234,3.10105597447
5.43330221964,5.32971380366,3.17206908908
5.43330221964,5.18972474325,3.29169977372
5.43330221964,5.21194093837,3.38622785549
5.43330221964,5.13073857325,3.35369055818
5.43330221964,4.97056139309,3.37339629282
5.43330221964,5.0068497873,3.00221692471
5.43330221964,4.92633308817,3.00221692471
5.43330221964,4.98508551527,3.00221692471
5.43330221964,4.98492403903,2.99726180458
5.43330221964,5.10186664921,2.94452316674
5.43330221964,5.18509376213,2.97204817321
5.43330221964,5.16675435857,3.01685002996
5.43330221964,5.26966693196,3.30741058327
5.43330221964,5.06831822873,3.21977135858
5.43330221964,5.06901266945,3.35588229339
5.43330221964,4.9861871542,3.35439658918
5.43330221964,4.92676623404,3.33179749049
5.43330221964,5.14926648432,3.34539627363
5.43330221964,5.17015527854,3.352803564
5.43330221964,5.23125201776,3.352803564
5.43330221964,5.04620215204,0.99063423329
5.43330221964,4.96573745852,1.183860171
5.43330221964,5.0470350783,3.2397881803
5.43330221964,5.08780408302,3.28294833939
5.43330221964,5.14963974851,3.33665890482
5.43330221964,5.15120562402,3.39229542479
5.43330221964,5.27221069822,3.38269571161
5.43330221964,5.33178227427,3.37372471658
5.43330221964,5.32960227635,3.17414166013
5.43330221964,5.24644534302,3.15625059037
5.43330221964,5.18381882965,3.15625059037
5.43330221964,5.01144501039,3.15625059037
5.43330221964,4.96584876121,3.15625059037
5.43330221964,4.99575179603,3.15625059037
5.43330221964,4.97806807115,3.15625059037
5.43330221964,5.0024534346,3.20606263729
5.43330221964,5.02241872702,3.20606263729
5.43330221964,5.02521324151,3.20606263729
5.43330221964,4.95714736921,2.43539366991
5.43330221964,4.9109367288,2.50453055709
5.43330221964,4.88156650746,2.50453055709
5.43330221964,4.90994709341,2.40202653315
5.43330221964,5.06283488911,2.63358347965
5.43330221964,5.11306778387,2.40293669483
5.43330221964,5.02707216973,2.51086830705
5.43330221964,5.03770022927,2.78565159106
5.43330221964,5.08767649337,3.21574929951
5.43330221964,5.04740044277,3.21574929951
5.43330221964,5.10793925296,3.28748323533
5.43330221964,5.04736784895,3.20568783411
5.43330221964,4.98713982054,3.2783443336
5.43330221964,4.94708547189,3.25222969457
5.43330221964,4.94210813399,3.09702875414
5.43330221964,4.88384404877,3.06984707005
5.43330221964,4.98638721611,3.21749595194
5.43330221964,4.90187546515,3.20679688165
5.43330221964,4.89884357364,3.20679688165
5.43330221964,4.84653242263,2.67357048748
5.43330221964,4.82957063,2.67357048748
5.43330221964,4.91644462887,3.1975810279
5.43330221964,4.95686574572,3.1975810279
5.43330221964,4.89810906242,3.20679688165
5.43330221964,4.93875872124,3.20679688165
5.43330221964,4.97954400194,3.20679688165
5.43330221964,4.97790085621,3.18743204151
5.43330221964,4.81034964885,3.17397648977
5.43330221964,4.88198522464,3.19761004206
5.43330221964,4.81729001169,2.87536539906
5.43330221964,4.81161326972,2.87536539906
5.43330221964,4.81750359003,2.87536539906
5.43330221964,4.7386710255,3.19761004206
5.43330221964,4.79875884461,3.08596722932
5.43330221964,4.76791319625,3.39226447281
5.43330221964,4.86871535448,3.3698881916
5.43330221964,4.93988250281,2.59447494912
5.43330221964,4.85902882517,2.59724217561
5.43330221964,4.95279343074,2.11020524276
5.43330221964,5.00450079865,3.01882245098
5.43330221964,5.06874011677,3.36006226098
5.43330221964,4.98791986762,3.35277858821
5.43330221964,5.10799425427,3.33272747148
5.43330221964,4.98713344647,3.32026570867
5.43330221964,5.00862091517,3.35336159404
5.43330221964,4.98877897006,3.35266962598
5.43330221964,4.92269078768,2.77292748588
5.43330221964,4.92593421132,3.29796115675
5.43414851542,4.88634253508,3.35930538206
5.43414851542,4.84776597592,3.35581455012
5.43414851542,4.9291500605,3.35930538206
5.43414851542,4.86830455821,3.35653694923
5.43414851542,4.86861905512,3.36617832309
5.43414851542,4.81658088224,2.27599347948
5.43414851542,4.92826310747,3.36195556947
5.43414851542,4.91014974358,3.40045411385
5.43414851542,5.0908359825,3.3841684795
5.43414851542,4.95139715393,3.41144200264
5.43414851542,4.97059519285,3.40088870619
5.43414851542,4.90953561714,3.32471997366
5.43414851542,4.93014933377,3.38337690296
5.43414851542,4.93080414029,3.40774898679
5.43414851542,5.01060987632,3.36069023434
5.43414851542,5.03040550697,3.38144530835
5.43414851542,4.92921143737,3.36888570747
5.43414851542,4.96954615761,3.36101735093
5.43414851542,4.94954853571,3.3553915542
5.43414851542,4.88837463383,3.25800211218
5.43414851542,4.94998049732,3.33519974089
5.43414851542,4.98979962182,3.34263362241
5.43414851542,4.83743860729,2.52584240265
5.43414851542,4.80454584077,3.29503735908
5.43414851542,4.76757788316,3.29496619345
5.43414851542,4.6869803335,3.30852570009
5.43414851542,4.56879440077,3.39825720141
5.43414851542,4.7109884572,3.39825720141
5.43414851542,4.67081308134,3.39825720141
5.43414851542,4.78852328487,3.32531699124
5.43414851542,4.74541690886,3.31495307442
5.43414851542,4.70515432647,3.31495307442
5.43414851542,4.74680775769,3.31464587255
5.43414851542,4.68162197361,3.27570723963
5.43414851542,4.82775723113,3.30506378327
5.43414851542,4.70640521549,3.11755698588
5.43414851542,4.78817159952,3.11755698588
5.43414851542,4.76352973084,3.08672005598
5.43414851542,4.81077335224,3.39168649687
5.43414851542,4.63068729307,3.3895364723
5.43414851542,4.50950530232,3.34771913675
5.43414851542,4.50693494089,3.33603657011
5.43414851542,4.60880962042,3.37378152179
5.43414851542,4.54703334517,3.34861072603
5.43414851542,4.62867016319,3.39581907637
5.43414851542,4.77014493471,3.38931512676
5.43414851542,4.62527663764,3.28652834668
5.43414851542,4.54351922475,3.29137254987
5.43414851542,4.68689300784,3.33198426851
5.43414851542,4.73646076573,2.20666378387
5.43414851542,4.87548876043,1.94295654066
5.43414851542,4.90749167202,3.10921913588
5.43414851542,4.98338229454,3.10921913588
5.43414851542,4.90441703281,3.16114386628
5.43414851542,5.00192515212,3.11027294761
5.43414851542,4.88595900552,3.18843028221
5.43414851542,4.88553250455,3.31920630696
5.43414851542,4.80342074286,3.34550017494
5.43414851542,4.86073063363,3.0133733635
5.43414851542,4.87599804794,3.0133733635
5.43414851542,4.91714246578,2.98000914838
5.43414851542,5.10802236025,3.34949535015
5.43414851542,5.1462987993,3.200154448
5.43414851542,5.08327843197,3.26150131973
5.43414851542,5.08169239483,3.26150131973
5.43414851542,5.06067792524,2.73724360256
5.43414851542,4.95073090797,2.73724360256
5.43414851542,5.12310655089,2.75422399525
5.43414851542,5.13030198915,3.26660656425
5.43414851542,5.02685482337,3.26660656425
5.43414851542,5.23091559076,3.27649444412
5.43414851542,5.20960677221,3.27649444412
5.43414851542,5.04931134512,3.27685855881
5.43414851542,5.08923746215,3.27685855881
5.43414851542,5.06817125416,3.22131140612
5.43414851542,4.95008958888,3.30455516829
5.43414851542,4.93102938388,3.37857351834
5.43414851542,4.9899440132,3.3696217739
5.43414851542,5.11014159859,3.33733716332
5.43414851542,5.08914958737,3.33032391668
5.43414851542,5.06865470437,3.32252425861
5.43414851542,5.04751080424,3.25679851708
5.43414851542,5.04890433116,3.26483452443
5.43414851542,4.97519427987,2.25386432089
5.43414851542,4.95540987948,2.25386432089
5.43414851542,4.865786395,3.26483452443
5.43414851542,4.82793871246,3.26063531887
5.43414851542,4.9685633298,3.26483452443
5.43414851542,4.90544573094,3.26483452443
5.43414851542,4.95003898681,3.34023215999
5.43414851542,4.97843138871,2.41410786611
5.43414851542,4.87468060406,2.51497034182
5.43414851542,4.88183698484,3.26063531887
5.43414851542,4.83664127027,3.26063531887
5.43414851542,4.85661373956,3.11425087948
5.43414851542,4.89855564252,3.14092144111
5.43438934697,4.91744614856,3.14092144111
5.43438934697,5.02098368006,3.26063531887
5.43438934697,5.10364354866,3.26063531887
5.43438934697,5.08605006392,3.26483452443
5.43438934697,5.08439281132,3.26483452443
5.43438934697,5.04902146423,3.33225962806
5.43438934697,5.09104717301,3.33400073354
5.43438934697,5.14354019718,2.56003651323
5.43438934697,5.23235367381,3.37591971316
5.43438934697,5.1906043187,3.37591971316
5.43438934697,5.15025390294,3.36398490103
5.43438934697,5.06987971908,3.37591971316
5.43438934697,5.12625159463,3.22323754675
5.43438934697,5.08711519298,3.21054040299
5.43438934697,5.09043605489,3.34303497707
5.43438934697,5.05056999674,3.31786147153
5.43438934697,5.0893924051,3.31786147153
5.43438934697,5.13060065261,3.33989623197
5.43438934697,5.13134534469,3.35866582383
5.43438934697,5.15200611265,3.35294190894
5.43438934697,5.10060808638,2.32555787431
5.43438934697,5.09967591829,2.35178737438
5.43438934697,5.1124165084,3.34870500443
5.43438934697,5.07212300257,3.36114708149
5.43438934697,5.19276086592,3.38859653137
5.43438934697,5.13188374873,3.31913561229
5.43438934697,4.8503829102,3.31913561229
5.43438934697,4.93084871623,3.32533372699
5.43438934697,4.92979618856,3.32948439365
5.43438934697,5.13788098229,1.96872765487
5.43438934697,5.09497090802,1.97303366098
5.43438934697,5.01603002404,2.00222424995
5.43451260127,5.1733552613,1.72444811614
5.43451260127,5.08737749359,3.17551020332
5.43451260127,4.9666907333,1.69144394968
5.43451260127,4.94203666398,3.13925203044
5.43451260127,4.98085335309,3.15680674592
5.43451260127,5.0664615399,3.16768451213
5.43451260127,5.02881910908,3.35495867754
5.43451260127,5.02914392027,3.36760267259
5.43451260127,5.08943652387,3.28949686785
5.43451260127,5.09020616484,3.34946311301
5.43451260127,4.98882665472,3.34946311301
5.43451260127,5.02682077606,3.34946311301
5.43451260127,5.06788549459,3.33870445494
5.43451260127,5.02439912335,3.23631198004
5.43451260127,4.87524874747,3.11631444246
5.43451260127,4.98191946276,3.24979862031
5.43451260127,4.96436429641,3.24979862031
5.43451260127,4.98411072703,3.20138916778
5.43451260127,4.860849075,3.16157471649
5.43451260127,5.09158891461,1.83089751711
5.43451260127,5.25164044456,3.33804444123
5.43451260127,5.15095935421,3.35155431584
5.43451260127,5.11113978694,3.35155431584
5.43451260127,5.17037628418,3.34596397347
5.43451260127,5.12768663689,3.22531320171
5.43451260127,5.14743774315,3.26128129681
5.43451260127,5.10872916057,3.33392378282
5.43451260127,5.02479310167,3.22459317744
5.43451260127,5.06658278762,3.29607481225
5.43451260127,5.0481289374,3.33785400891
5.43451260127,5.10891906125,3.34043469294
5.43480487097,5.06779701563,3.34043469294
5.43480487097,5.09119036619,3.34534723916
5.43480487097,5.17312905,3.40892749996
5.43506885624,5.2328849313,3.37524205302
5.43506885624,5.19288252795,3.38652737534
5.43506885624,5.10586569882,2.76715726098
5.43506885624,5.12633903562,2.81055990537
5.43506885624,5.06920931677,3.26771495872
5.43506885624,5.02776748127,3.26771495872
5.43506885624,5.05902545813,2.55900484735
5.43506885624,5.09084586107,3.36530085227
5.43506885624,5.05153044003,3.37230684141
5.43506885624,4.9689608315,3.21038839072
5.43506885624,5.23278505007,3.38181554478
5.43506885624,5.22598800896,2.74290742988
5.43506885624,5.10734424289,3.20569631263
5.43506885624,5.12834763054,3.19045261888
5.43506885624,5.08893762433,3.25168753834
5.43506885624,5.0503645502,3.33946781904
5.43506885624,5.02398377387,2.66869295878
5.43506885624,5.10505083396,2.66869295878
5.43506885624,5.1105115837,3.23065834564
5.43506885624,5.01159157552,3.40060541096
5.43506885624,5.13226033231,3.40060541096
5.43506885624,5.0895434158,3.27281094492
5.43506885624,4.99386839476,1.88345958717
5.43506885624,4.8655062085,1.88345958717
5.43506885624,4.93675552698,2.80745747453
5.43506885624,4.94879248086,3.34476765827
5.43506885624,4.94877140147,3.34335546013
5.43506885624,4.86603696963,3.2984735175
5.43506885624,5.0064124159,3.23357757706
5.43506885624,4.96763454942,3.34524356256
5.43506885624,4.89509305085,2.40425271071
5.43506885624,4.96476405527,3.29746332583
5.43506885624,5.02824347401,3.2984735175
5.43506885624,4.93654462002,2.81317177258
5.43506885624,4.87032279964,2.82857144558
5.43506885624,4.89418776355,2.83037211374
5.43506885624,4.83320503662,2.83037211374
5.43506885624,5.04443570512,2.83037211374
5.43506885624,5.03954229455,2.83037211374
5.43506885624,5.07107310448,3.39899660623
5.43506885624,5.23261810485,3.39011270281
5.43506885624,5.33415757978,3.41575549188
5.43506885624,5.21400370217,3.41477966721
5.43506885624,5.0515946965,3.3344349389
5.43506885624,4.98842303536,3.32150731016
5.43506885624,5.03077212268,3.33607660552
5.43506885624,5.01095241245,3.37333747959
5.43506885624,5.0294319256,3.19000196069
5.43506885624,4.94640059337,3.1721340619
5.43506885624,5.1530301066,3.36867659985
5.43506885624,4.97043501543,3.36472730928
5.43506885624,4.92687016706,3.14487142791
5.43506885624,5.03036167825,3.36472730928
5.43506885624,4.96898560875,3.34932199027
5.43506885624,4.88708175906,3.16510045659
5.43506885624,4.82667420631,3.26643870701
5.43506885624,4.88861541801,3.34459914267
5.43506885624,4.98959256747,3.33851521481
5.43506885624,4.89012066786,3.34459914267
5.43506885624,4.93157974047,3.36867659985
5.43506885624,4.9893055099,3.17343778475
5.43506885624,5.01393423295,3.42029488002
5.43506885624,5.03143461715,3.35273008291
5.43506885624,5.0521063575,3.35273008291
5.43506885624,5.07192300021,3.35273008291
5.43506885624,4.99206615722,3.35273008291
5.43506885624,5.04394364063,2.65442388942
5.43506885624,5.13623379072,2.65442388942
5.43506885624,5.22342931929,2.65442388942
5.43506885624,5.14506759954,2.65442388942
5.43506885624,5.1746338653,2.40288018804
5.43506885624,5.25323304317,3.36856449162
5.43506885624,5.21173794247,3.36436807506
5.43506885624,5.37204277444,3.23513962193
5.43506885624,5.31760868767,1.79866722151
5.43506885624,5.23670829955,1.79866722151
5.43506885624,5.23227954102,3.39480086387
5.43506885624,5.22997970486,3.08058194102
5.43506885624,5.17344963554,3.35567831005
5.43506885624,5.29464955511,3.42801877736
5.43506885624,5.17360640119,3.39991465401
5.43506885624,5.09265672492,3.3839038114
5.43506885624,5.17302636798,3.38336341903
5.43506885624,5.15254514057,3.37388312362
5.43506885624,5.17292708504,3.37388312362
5.43506885624,5.13003433933,3.15450469041
5.43506885624,5.18687718051,3.20490991497
5.43506885624,5.02839437097,3.20490991497
5.43506885624,5.03228214273,3.37913256012
5.43506885624,5.05323906535,3.40122167044
5.43506885624,5.21368139185,3.41117621384
5.43506885624,5.03113575425,3.36925884829
5.43506885624,4.97189854199,3.37415895555
5.43506885624,4.97252192067,3.37415895555
5.43506885624,4.93113629099,3.3493992225
5.43506885624,4.92967187861,3.34890845356
5.43506885624,4.96929425957,3.38518875128
5.43506885624,4.98812051463,3.27684272932
5.43506885624,5.04994702593,3.28318842953
5.43506885624,5.0913376008,3.30877803215
5.43506885624,5.01139795689,3.37987149139
5.43506885624,4.97020984879,3.37987149139
5.43506885624,4.96965803288,3.37686725341
5.43506885624,4.82353253928,2.87193446267
5.43506885624,4.88127979112,2.89264475755
5.43506885624,5.08706362033,2.89264475755
5.43506885624,4.88995462557,1.61718974759
5.43506885624,4.94713623073,1.61718974759
5.43506885624,5.06958501363,3.22622057697
5.43506885624,5.05142279387,3.30532218193
5.43506885624,4.90912063865,3.22622057697
5.43506885624,4.92933903058,3.33120975191
5.43506885624,5.13183486946,3.33120975191
5.43506885624,5.06996197219,3.33120975191
5.43506885624,4.96854376395,3.33120975191
5.43506885624,4.96760151815,3.27911581793
5.43506885624,5.15107836266,3.35267066825
5.43506885624,5.1099713075,3.33903266789
5.43506885624,5.16947075102,3.35468958139
5.43506885624,5.21033972901,3.26591206376
5.43506885624,5.18983951816,3.2682928454
5.43506885624,5.16987452035,3.26560717813
5.43506885624,5.21036123793,3.35342499502
5.43506885624,5.23065460272,3.33315676185
5.43506885624,5.16933716224,3.33134490232
5.43506885624,5.15155887681,3.33134490232
5.43506885624,5.21240930003,3.34057933966
5.43506885624,5.1922988658,3.37815395379
