best,average,worse
1.6337707111,0.639119318412,0.0954222097861
1.83774107012,0.746879801938,0.293979831208
2.00231268551,0.898573058995,0.253494153305
2.00231268551,1.00669055747,0.274647061979
2.00495127955,1.03826571598,0.219470345389
2.10957517735,1.1545931049,0.289796986306
2.10957517735,1.27659096698,0.397936133243
2.10957517735,1.4591662286,0.430527772822
2.10957517735,1.49526150202,0.280839836052
2.10957517735,1.68220918656,0.288013838771
2.11345278739,1.71276188662,0.282360289028
2.16337139237,1.79518203003,0.574426116734
2.16337139237,1.85590840158,0.539700177785
2.16337139237,1.90649014039,0.683760019242
2.16337139237,1.98093375507,1.00566049629
2.16337139237,2.01202402655,1.54986713196
2.1635962781,2.02574144135,1.5529496087
2.1635962781,2.0415408129,1.73447536535
2.1635962781,2.04022267871,1.75923081188
2.1635962781,2.04629216206,1.75495381124
2.16377500664,2.05432572894,1.75495381124
2.16377500664,2.05740499631,1.75495381124
2.16377500664,2.02638664067,0.706950987412
2.16606445073,2.04659878841,0.706950987412
2.16606445073,2.0189186797,0.706950987412
2.16606445073,2.01554133054,0.706950987412
2.16606445073,2.05549140611,1.85472280031
2.16606445073,2.06630648562,1.85576501943
2.16606445073,2.07669751292,1.85323815371
2.16850862386,2.088198496,1.83190488845
2.16850862386,2.07146077747,1.70634051022
2.16850862386,2.06473875856,0.75907329234
2.16850862386,2.08150598534,1.8353749192
2.16850862386,2.06967894708,0.767981127936
2.16850862386,2.08661031197,1.78764470382
2.16850862386,2.10597308979,1.83189081902
2.16873250914,2.08061363296,1.46433524607
2.16873250914,2.0762376753,1.37116129652
2.16922217246,2.07634794086,1.37749753699
2.16922217246,2.08240969265,1.370667237
2.16922217246,2.10480682316,1.89784541912
2.16922217246,2.10479033245,1.80137709785
2.16944162144,2.09239192529,1.80137709785
2.1716173043,2.09071459934,1.80137709785
2.1716173043,2.08983694632,1.79596882185
2.17245799203,2.0774705153,1.79991792099
2.17245799203,2.06861715562,1.72369326539
2.17413070706,2.0812151831,1.74692343897
2.17413070706,2.09496011704,1.74624752194
2.17413070706,2.09933981756,1.6884724989
2.17413070706,2.07230659792,1.54763519037
2.17413070706,2.08580549141,1.70415559984
2.17413070706,2.08115612472,1.70315982321
2.17413070706,2.05391014222,1.35195788728
2.17419386062,2.04586764959,1.54702687659
2.17419386062,2.0455653303,1.5450247598
2.17419386062,2.0395732364,1.69516400127
2.20469729366,2.04387220697,1.36896645921
2.20469729366,2.0532033874,1.37539455461
2.20469729366,2.05900361921,1.37945691036
2.20582512663,2.07026288586,1.70316506691
2.20582512663,2.03102717272,1.68628355774
2.20582512663,2.05170014372,1.68628355774
2.21299539124,2.02506070013,1.68628355774
2.21299539124,2.00931078567,1.68848395436
2.21299539124,2.01317190678,1.68848395436
2.21632818403,2.03409455121,1.6871569682
2.21632818403,2.04110317556,1.68714709557
2.21632818403,2.03139159555,1.68527553583
2.21632818403,2.04400031488,1.68924621496
2.21632818403,2.06255052237,1.68868782
2.21632818404,2.06717764489,1.687935884
2.23223847044,2.04359818559,1.68855084156
2.23223847044,2.05070776237,1.68933564285
2.23223847044,2.033514081,1.68855366944
2.23223847044,2.04282614547,1.6998603187
2.23223847044,2.02472596684,1.37138641136
2.23223847044,2.05626597326,1.31386774183
2.23317505998,2.02513645175,1.298887525
2.28595607096,2.04449923833,1.32574713253
2.28595607096,2.01282398173,1.3009874159
2.29052312135,2.02404704675,1.28440600646
2.29052312135,2.02414292776,1.28529663006
2.29078791353,2.03809906021,1.28529663006
2.29078791353,2.017650169,1.29378214734
2.29078791353,2.0661484118,1.33628478366
2.29078791353,2.07729826524,1.32729024215
2.29078791353,2.09285812389,1.32988911261
2.29078791353,2.11974425485,1.3297975349
2.29078791353,2.11213182726,1.33401040666
2.29078791353,2.10590877378,1.32780683126
2.29078791353,2.0891046021,1.33546419928
2.29080863545,2.09656358818,1.33546419928
2.29320152508,2.12386138688,1.33478125399
2.29320152508,2.13913416284,1.33711340195
2.29320152508,2.1575604893,1.3509618836
2.29320152508,2.13334305701,1.36645552716
2.29320152508,2.14903503371,1.32130773886
2.29320152508,2.16244416158,1.7379684342
2.29320152508,2.16102193494,1.66970551398
2.29320159122,2.17895923048,1.7379684342
2.29320159122,2.17773005088,1.27464364108
2.29320159122,2.18695700938,1.73745880427
2.29320159122,2.16672857289,1.34246066761
2.29320159122,2.18050860264,1.37636291792
2.29320159122,2.16389858675,1.36025984937
2.29320159122,2.19113358802,1.37759449675
2.29320159122,2.20407479377,1.85942084943
2.29320159122,2.192242975,1.83750224428
2.29320159122,2.19382625204,1.38068215722
2.29320159122,2.17058084864,1.38068215722
2.29320159122,2.20428821126,1.38068215722
2.29320159122,2.20053358106,1.38935293021
2.29371508558,2.19656527843,1.37958238361
2.29371508558,2.19272313518,1.37958238361
2.29442421567,2.16859974601,1.37820046685
2.29648105614,2.17938332491,1.37820046685
2.29490045494,2.18566959576,1.3850102943
2.29490045494,2.18327340676,1.37334102379
2.29490045494,2.21462670183,1.72604264408
2.29490045494,2.21719649731,1.70133854363
2.29490045494,2.21852472267,1.84404153982
2.29494595639,2.21180391414,1.84404153982
2.29577700804,2.21487634241,1.86660582724
2.29577700804,2.18489298711,1.70175948362
2.29577700804,2.18974414544,1.65179014267
2.29577700804,2.18625032877,1.37155768911
2.29676153631,2.19407932506,1.69928233983
2.29676153631,2.18646304591,1.69928234679
2.29676153631,2.20753095789,1.90517586298
2.29676153631,2.19860622417,1.38100306863
2.29679102925,2.20743056849,1.35129902049
2.29679102925,2.20813833754,1.85370860756
2.29679102925,2.1938354159,1.3084382601
2.2971188644,2.21726236401,1.38776464047
2.29805732742,2.21652064199,1.38775386348
2.29805732742,2.19750333281,1.35895986881
2.29897788553,2.2047077566,1.86507176169
2.29897788553,2.2237258559,1.97930500275
2.29897788553,2.20504646342,1.37945393106
2.29897788553,2.18513545773,1.37945393106
2.29897788553,2.17321946975,1.5413748589
2.29897788553,2.18364188435,1.37699748167
2.29897788553,2.20928778826,1.60007016662
2.29897788553,2.18575805336,1.57916612562
2.29897788553,2.21561023326,1.61785411171
2.29897788553,2.20153781442,1.7138772289
2.29897788553,2.20951539871,1.72168885184
2.29897788553,2.1911407835,1.71892748582
2.29897788553,2.20312276535,1.3761170285
2.29897788553,2.18626599091,1.37631959211
2.29897788553,2.17640344535,1.3761170285
2.29897788553,2.19825888544,1.8235104317
2.29928970443,2.18995886339,1.30459218516
2.29978236347,2.20226460816,1.35098037947
2.30007963948,2.18902789819,1.37583316684
2.30007963948,2.19305458693,1.68884156239
2.30045672517,2.17029984789,0.788416133874
2.30045672517,2.19631413195,1.84185773072
2.30045672517,2.20630593654,1.93397632751
2.30045672517,2.21428486341,1.92511353564
2.30045672517,2.20845718277,1.3736938343
2.30045672517,2.24586552213,1.93252244516
2.30045672517,2.24481763599,1.91475881725
2.30079112596,2.24622529122,1.92099001802
2.30079112596,2.22885770638,1.33204846976
2.30079112596,2.22994487571,1.83702884209
2.30079112596,2.25115909931,1.91119618861
2.30079112596,2.24142554708,1.34303029874
2.30079112596,2.2404189898,1.36383702167
2.30090235834,2.24301954382,1.91669001155
2.30090235834,2.22751952131,1.84861503835
2.30090235834,2.23363470332,1.84861503835
2.30090235834,2.22265899476,1.37375113397
2.30090235834,2.213467725,1.3743646107
2.30090235834,2.23058176357,1.91779987583
2.30090235834,2.2020645027,1.37110439746
2.30090235834,2.1789589817,1.37004580467
2.30234495647,2.17142176228,1.37004580467
2.30234495647,2.18181728074,1.3612261775
2.30234495647,2.19025713091,1.35963973223
2.30234495647,2.19248057174,1.36868696259
2.30234495647,2.21666561036,1.94998848616
2.30234495647,2.2088753034,1.5747910269
2.30262523774,2.21942516517,1.57447323546
2.30262523774,2.21421190801,1.82062422059
2.30262523774,2.21582150299,1.96557155239
2.30262545724,2.21352609763,1.26378276997
2.30262545724,2.21046140751,1.26739879338
2.30319349805,2.22013844301,1.26366425467
2.30319349805,2.20778517439,1.26739879338
2.30319349805,2.20281443811,1.26739879338
2.30319349805,2.234340067,1.86250181266
2.30319349805,2.21473051252,1.86250181266
2.30319349805,2.22398231512,1.83509993306
2.30319349805,2.22926034212,1.82213433698
2.30319349805,2.24145132505,1.91992636676
2.30319349805,2.23393655072,1.37305647785
2.30319349805,2.22713913868,1.37305647785
2.30319349805,2.23876044017,1.91660108654
2.30324375709,2.23755466902,1.91992636676
2.30376151089,2.23540712111,1.93206145918
2.30376151089,2.2177528274,1.37238875455
2.30391086538,2.23358975899,1.42304081062
2.30391086538,2.21220634643,1.2793498878
2.30415121614,2.22272021712,1.2793498878
2.30415121614,2.22784796967,1.27879427395
2.30445188081,2.22132948896,1.93206145918
2.30471916997,2.2171922201,1.83309921411
2.30471916997,2.20159527005,1.83309921411
2.30471916997,2.20931961243,1.37741563816
2.30471916997,2.21255356648,1.72054937805
2.30471916997,2.22689363157,1.85009986957
2.30471916997,2.23538813237,1.84832799142
2.30471916997,2.20993079535,1.85897495469
2.30530492215,2.18058420173,1.35258560862
2.30530492215,2.2039691787,1.72478733065
2.30530492215,2.21303639295,1.85409479772
2.30628089797,2.21567623906,1.86287002649
2.30628089797,2.21155169974,1.95066974443
2.30660427725,2.23173904125,1.85876313781
2.30660427725,2.23466048238,1.81334877013
2.30686715186,2.22848465032,1.73966519548
2.30686715186,2.22969095456,1.85465837558
2.30686715186,2.22383851106,1.69930478915
2.30686715186,2.2345117809,1.3810826096
2.30686715186,2.25455148411,1.38105702308
2.30686715186,2.23849006238,1.38105702308
2.30686715186,2.25021563811,1.8817333763
2.30806875069,2.23984396995,1.88037620405
2.30806875069,2.23216878104,1.84106291399
2.30817074419,2.2356732337,1.83825254058
2.30806875069,2.21771836332,1.43113345581
2.30890573097,2.23975982652,1.73032413472
2.30890573097,2.23065153618,1.84538745315
2.30890573097,2.2232573328,1.85318548627
2.30890573097,2.21179227098,1.72661891871
2.30890573097,2.20654529504,1.37303466322
2.31414021496,2.19258436262,1.143074743
2.31414021496,2.17749454965,1.32545024178
2.31414021496,2.15931308963,1.32351720269
2.31414021496,2.16380583255,1.70944217258
2.31414021496,2.18082416374,1.70944217258
2.31414021496,2.17296140795,1.38104818523
2.31414021496,2.19258486625,1.84551376962
2.31414021496,2.17559725001,1.35617355945
2.31414021496,2.17394814056,1.38217064308
2.31418766991,2.20176673376,1.84486407361
2.31418766991,2.18651217568,1.61936900615
2.31418766991,2.18209519057,1.84486407361
2.35927069655,2.20434365439,1.8426497733
2.35927069655,2.20585255563,1.70460930455
2.35927069655,2.17507015384,0.632093485306
2.35927069655,2.24574715477,1.3635959238
2.37037717361,2.24597325442,1.3635959238
2.37037717361,2.24696466067,0.635059294409
2.37037717361,2.25985286847,1.8558305067
2.37179682541,2.2586171596,1.91332372658
2.37179682541,2.23365882039,1.3521459195
2.37179682541,2.2432440019,1.33589373992
2.37179682541,2.25162576275,1.74812825119
2.37179682541,2.24370382591,1.74812825119
2.37279563483,2.22578033718,1.74812825119
2.37279563483,2.21659159948,1.69320565093
2.37279563483,2.22938796941,1.68765372645
2.37279563483,2.21669713386,0.973234421477
2.37279563483,2.22594582805,1.32536360096
2.37279563483,2.22746681559,0.975369569955
2.37298753343,2.23704474137,0.974682835734
2.37298753343,2.26312885402,1.76916734659
2.37365037194,2.2742122223,1.33531229874
2.37365037194,2.2862990225,1.32461771265
2.37365037194,2.27205913404,1.36353898328
2.37365037194,2.23251782349,1.35597737392
2.37365037194,2.195565756,1.35570551561
2.37365037194,2.17025216672,1.34847021551
2.37365037194,2.19299837432,1.35542917515
2.37401262648,2.24097365965,1.35799173019
2.37401262648,2.23789832059,1.36298323334
2.37423924013,2.20304944946,1.35858853844
2.37423924013,2.23828197397,0.665150608992
2.37423924013,2.27845578572,1.36649697373
2.37427034597,2.29317999892,1.97270657859
2.37427034597,2.28688042099,1.38277092702
2.37429518551,2.30049729236,1.73575810433
2.37429518551,2.29351386449,1.73387618465
2.37476708001,2.29505584377,1.77823113289
2.374799242,2.3005596167,1.88886341753
2.374799242,2.29095500783,1.37778556361
2.37479933997,2.27504368462,1.38091435695
2.37479933997,2.24868487774,1.38013284243
2.37479933997,2.25163983146,1.35143069854
2.37479933997,2.25709610563,1.91864875959
2.37479933997,2.24884490855,1.91864875959
2.37479933997,2.24360315736,1.33166754425
2.37479933997,2.2488126617,1.36555887738
2.37479933997,2.26780848288,1.83464836547
2.37479933997,2.27409246585,1.71778954559
2.3750767133,2.27141349711,1.34784718691
2.37479933997,2.28928548401,1.97620216436
2.37479933997,2.28536221754,0.700173467956
2.37479933997,2.30180158004,1.95528295572
2.37504082861,2.28315856839,1.30355060523
2.37504082861,2.28319923238,1.92742335063
2.37504082861,2.28805615087,1.73432959726
2.37504082861,2.26832068807,1.91554962084
2.37504082861,2.25621594185,1.92393137149
2.37507481335,2.27396855014,1.9274842187
2.3750767133,2.27268269979,1.37566027304
2.3750767133,2.28593962116,0.901457732787
2.37511126235,2.30118189099,1.92741242829
2.37511126235,2.29968423893,1.92741242829
2.37511126235,2.27640558412,1.35744039738
2.37511126235,2.26834565104,1.35322999083
2.37511126235,2.24787766363,1.35345582554
2.37511319067,2.26709349192,1.35345582554
2.37511319067,2.27160272451,1.35345582554
2.37511319067,2.29399852821,2.05531332861
2.3759639281,2.28195339943,1.95300822057
2.3759639281,2.27366588108,2.05962514588
2.3759639281,2.26454578524,2.05966041935
2.3759639281,2.24958885567,1.76448038363
2.37606648698,2.23892414374,1.76448038363
2.37606648698,2.24652441434,1.76401439593
2.37606648698,2.23107862248,1.76412202204
2.37613851272,2.25374703217,1.72523407323
2.37613851272,2.26829805397,1.72894463496
2.37613851272,2.2706969956,1.77111319009
2.37613851272,2.25582976675,1.77127448593
2.37613851272,2.23171197801,1.06432911669
2.37622228765,2.22642073978,1.0431387314
2.37729214305,2.24279754924,1.02169637404
2.37729214305,2.25315454155,1.06922090238
2.37729214305,2.23715928907,1.06219571774
2.37729214305,2.27139803439,1.37461910639
2.37729214305,2.25698761026,1.37461910639
2.37732415155,2.25532083647,1.37461910639
2.37732417366,2.23873461085,1.37461910639
2.37741011866,2.239559955,1.37461910639
2.37741011866,2.2549682982,1.37597091513
2.37741011866,2.26939998196,1.33695515939
2.37741011866,2.27326152482,1.33540611734
2.37741011866,2.27806627537,1.33619954368
2.37741011866,2.27263933005,1.37965318788
2.37902903026,2.28698811919,1.80168686232
2.37902903026,2.28977804103,1.73239628813
2.37902903026,2.26599161155,1.48522872954
2.37960621639,2.25223935451,1.48522872954
2.37960621639,2.26951851566,1.48768887373
2.37960621639,2.28169497305,1.73340633137
2.37960621639,2.25719830577,1.36884976847
2.37960621639,2.23676103633,1.03581085367
2.37960621639,2.25614289768,1.85175567
2.37982100011,2.24485715154,1.36763865433
2.37982100011,2.2604381231,1.87200222662
2.38000108055,2.26563443356,1.7700480937
2.38000108055,2.22089712595,1.3727794826
2.38000108055,2.205624095,1.37258025699
2.38029846018,2.23574376728,1.71473931074
2.38029846018,2.2283771328,1.38294792533
2.38044285857,2.22658996167,1.73307011454
2.38044285857,2.24473306885,1.73675078993
2.38044285857,2.22433307451,1.05805976267
2.38159590592,2.25489269549,1.37006931173
2.38169367078,2.27759649088,1.73353376334
2.38169367078,2.27462747662,1.73243581793
2.38169367078,2.25253814584,1.39797620238
2.3816936708,2.2519168227,1.6867978193
2.3816936708,2.26519599203,1.6867978193
2.3816936708,2.26955895442,1.73205272916
2.3816936708,2.27842395252,1.73270990751
2.3816936708,2.25586370577,1.73374830771
2.3816936708,2.24581721341,1.32506130784
2.3816936708,2.25426380501,1.3256469011
2.3816936708,2.2591702088,1.35715713089
2.38169648022,2.24499759966,1.35857447619
2.38337149263,2.22698987869,1.35637143895
2.38337149263,2.26896384791,1.83211504981
2.38337149263,2.26738833894,1.70135378252
2.38465457978,2.24890827165,1.83211504981
2.38465457978,2.25787575592,1.37026332301
2.38465457978,2.27677325116,1.84096646746
2.38465974413,2.26402051754,1.72487870679
2.38465974413,2.26949032764,1.72487870679
2.38506204887,2.26212442516,1.37943940521
2.38506204887,2.2828667832,1.68795152726
2.38602158994,2.25988540228,1.34392490909
2.38602158994,2.29130778934,1.70871459048
2.38602167847,2.26633956423,1.36822551753
2.38602968476,2.28570707576,1.83072777885
2.38602968476,2.30735847237,1.94363951444
2.38602968476,2.3046030347,2.03500472547
2.38602968476,2.2981863943,1.87910171391
2.38602968476,2.29895249807,1.98859592529
2.38602968476,2.28785801879,1.98908164118
2.38602968476,2.27275359629,1.3617675859
2.38602968476,2.31454202125,1.98697113381
2.3865500754,2.3001724619,1.87843682495
2.3865500754,2.28526092337,1.87843682495
2.38655669797,2.26936436133,1.37301373467
2.38655669797,2.25601900345,1.37248560526
2.38655669797,2.25881927873,1.37162366069
2.38655669797,2.2461323406,1.36532476612
2.38655669797,2.26332346823,1.3726527854
2.38655669797,2.28946629451,1.86884287995
2.38689852546,2.29130588054,1.86964428994
2.38776498979,2.30007205775,1.38172801002
2.38776498979,2.33590778918,1.9687424383
2.38776498979,2.30531239248,1.38484163097
2.38776498979,2.30306947338,1.38484104231
2.38776498979,2.30490307564,1.9585791726
2.38776498979,2.31309645779,1.9585791726
2.38776498979,2.30732545403,1.9585791726
2.38776498979,2.29362228418,1.9585791726
2.38786854821,2.2928948928,1.86194156902
2.38786854821,2.31038850032,1.95559871182
2.38786854821,2.30720112149,1.96092859058
2.38859007709,2.31888314758,1.94199045913
2.38859007709,2.29782374383,1.37545925713
2.38859007709,2.31343719145,1.37545925713
2.38859007709,2.3140283711,1.74525940803
2.38859007709,2.29663185817,1.5627016576
2.38859007709,2.30863935745,1.71403931621
2.38859007709,2.30994917637,1.35014517009
2.38891216433,2.29347165498,1.34887112398
2.38891216433,2.30061004122,1.35185997674
2.38891216433,2.30810636198,1.35126398768
2.38891216433,2.32506073282,1.73356101191
2.38891216433,2.30560883142,1.35581417927
2.38891216433,2.27972720712,1.37405087299
2.38891216433,2.26564677951,1.38413671989
2.38891216433,2.30295722224,1.3927199749
2.38894476884,2.30769710536,1.73508091931
2.3893581605,2.31538766605,1.73508091931
2.3893581605,2.29937195357,0.826693297442
2.3893581605,2.33034268273,1.83917315113
2.38942723375,2.35010934752,2.14152502172
2.38942723375,2.34104258915,2.06076528114
2.38942723375,2.32826683644,1.38406123856
2.39074148122,2.31963775454,1.3524505593
2.39074148122,2.32754177287,1.96248668278
2.39074148122,2.31111578427,1.99528980888
2.39074148122,2.31246370854,2.06528135121
2.39074148122,2.30578176753,1.45326504567
2.39074148122,2.32389770518,1.9863568895
2.39074148149,2.32039424431,1.37546369501
2.39074148149,2.31609950066,1.3766253853
2.39074148149,2.30416228359,1.25566870323
2.39074148149,2.30020648048,1.91204440984
2.39074148149,2.2939062738,1.95764021931
2.39097663561,2.3110409094,1.34839842519
2.39097663561,2.27864621223,1.343628731
2.39097663561,2.28901184077,1.86201233874
2.39097663561,2.2895579202,1.71885048319
2.39097663561,2.27283088093,1.36106058557
2.39097663561,2.29071906185,1.39877389526
2.39097663561,2.30619656004,1.35289986185
2.39112221309,2.29501817253,1.38994467523
2.39112221309,2.28904089282,1.73194002966
2.39114083683,2.30416738443,1.41951309417
2.39114083683,2.3112961147,1.85699314194
2.39114083683,2.2943408298,1.46204703999
2.39114083683,2.26311412743,1.44829350355
2.39114083683,2.26954552871,1.44829350355
2.39114083683,2.26252256176,1.09659757887
2.39114083683,2.28832834397,1.46228638847
2.39114083683,2.28143064657,1.36400191058
2.39114083683,2.28826355201,1.36400024012
2.39114083683,2.27832464721,1.36400024012
2.39114083683,2.2709724814,1.36400024012
2.39114083683,2.25814397345,1.36578151265
2.39114083683,2.24954208062,1.74055057494
2.39114083683,2.26252466335,1.37127492223
2.39114083683,2.25676606578,1.73195175145
2.39114083683,2.22296462016,1.73120662042
2.3937381123,2.25056009129,1.73120662042
2.3937381123,2.26159413213,1.73120662042
2.3937381123,2.29364580959,1.72659596575
2.3937381123,2.28860384623,1.7036130941
2.3937381123,2.29269495861,1.67473998401
2.3937381123,2.27896128563,1.72075630574
2.3937381123,2.28275811548,1.71458467405
2.3937381123,2.2397750154,0.65143350858
2.39385013578,2.25480299596,1.62539924936
2.39376258779,2.24984229945,1.73462402106
2.39391346061,2.25104190865,1.39363065605
2.39391346061,2.24274508399,1.38327938806
2.3940663898,2.26913581373,1.73736669341
2.39422221773,2.28024729637,1.73736669341
2.39422221773,2.25652240915,1.37470881497
2.39422221773,2.25176259094,1.37408471229
2.39422221773,2.28741715899,1.38077487157
2.39422221773,2.29102006477,1.74344283047
2.39422221773,2.26774252889,1.34989386847
2.39422222042,2.27983863078,1.34955204462
2.39449750874,2.27076506559,1.34955204462
2.39449750874,2.30442277204,1.81414458183
2.39449750874,2.30074834618,1.83473621112
2.39449750874,2.30747726019,1.88189257496
2.39449750874,2.28545810005,1.87824032785
2.39449750874,2.27574284895,1.34423788126
2.39449750874,2.28046525186,1.34331515433
2.39449750874,2.26131903797,1.37140132928
2.39483459348,2.2942122713,1.87982077699
2.39483459348,2.28524462998,1.85344323008
2.39483459348,2.30025802877,1.87965366507
2.39483459348,2.29106980763,1.93065783882
2.3948345957,2.29585709688,1.99263522452
2.39517345521,2.29435306224,1.73544487523
2.39517345521,2.29694934564,1.98014593678
2.39517345752,2.29904356224,1.87670786247
2.39547552797,2.31012867021,1.71079898373
2.39547552797,2.28419594711,1.74069768778
2.39610726639,2.28895463239,1.74510054977
2.39649018241,2.28077937244,0.782161663256
2.39649018241,2.27318152731,1.71786651505
2.39649018241,2.29184850432,1.74642123769
2.39649018241,2.28768718725,1.7467989971
2.39649018241,2.27904190684,1.7467989971
2.39649018241,2.2948230151,1.87449812791
2.39649018241,2.29641449173,1.87449812791
2.39649018241,2.30262803026,2.01196372974
2.39649018241,2.30161352734,1.37147581315
2.39649018241,2.28855217585,1.36990162263
2.39649018241,2.31841770631,1.38057765361
2.39649018241,2.33846953088,1.72809243758
2.39649018241,2.3406901638,1.74344206074
2.39649018241,2.3183402439,1.37350394621
2.39649018241,2.32120500408,1.49344030676
2.39649018241,2.31136108198,1.55215503018
2.39649034935,2.30891057268,0.93100143144
2.39668817482,2.31855036925,1.39346203151
2.39668817482,2.32566067306,1.39387329135
2.39668817482,2.29413018962,1.39336385729
2.39668817482,2.28959045033,1.39360785458
2.39668817482,2.2927656934,1.39321691703
2.39668817482,2.27871163613,1.39233493389
2.39668817482,2.28002727083,0.805082415976
2.39668817482,2.3125553354,1.39465728957
2.39694256094,2.32179210379,1.6756057502
2.39694256094,2.33062584441,1.72774341722
2.39694256094,2.30467814125,1.62882106335
2.39694256094,2.27885506634,1.39388013632
2.39694256094,2.29213175677,1.37205317373
2.39694256094,2.28377079974,1.37248741585
2.39717565869,2.29832640929,1.36384915789
2.39717565869,2.28978001238,1.36411236019
2.39717565869,2.32075298581,1.84905000185
2.39717565869,2.30456235037,2.05486355235
2.39717565869,2.31461833291,2.05486355235
2.39717565869,2.28722635377,1.73311459382
2.39721386028,2.26083405041,1.87996779091
2.39721386028,2.27458946894,1.99843581051
2.39721907757,2.2881534968,1.8923587194
2.39721907757,2.30101087173,2.05312910562
2.39721907757,2.28194987591,1.38678754418
2.39721907757,2.27948898217,1.38667717174
2.39721907757,2.2808086798,1.39429579928
2.39721907757,2.24376082298,1.38466890096
2.39721907757,2.2594992163,1.38525307551
2.39721907757,2.26555300417,1.38725054255
2.39721907757,2.26336587758,1.37272278058
2.39721907757,2.24011673393,1.38301340044
2.39721907757,2.25109892535,1.38466890096
2.39721907757,2.24666422309,1.89396836175
2.39728441435,2.25444143537,1.98970518663
2.39728441435,2.23585601437,0.854122619689
2.39728441435,2.26811088081,2.0645453881
2.39728441435,2.26419675438,1.87355299114
2.39728441435,2.25888925352,1.54726400914
2.39789494428,2.26364991796,1.54726400914
2.39789494428,2.25891265898,1.37897519631
2.39789494428,2.25406836919,1.38019457361
2.39789494428,2.24139448941,1.37765248588
2.39789494428,2.24240368443,1.36306964967
2.39796880091,2.25326816169,1.36052971129
2.39796880091,2.2845390359,1.37340760529
2.39796880091,2.26625109246,1.37967516246
2.39796880091,2.27866728046,1.37809115317
2.39796880091,2.27593963379,1.36756022794
2.39796880091,2.28749111737,1.36710810719
2.39796880091,2.29910393342,1.96818731124
2.39796880091,2.28416061857,1.74935520113
2.39796880091,2.29557550264,1.37902267286
2.39796880091,2.2894224228,1.39123393599
2.39796880091,2.30419117699,1.38984577028
2.39796880091,2.31157585323,1.38984577028
2.39796880091,2.32952987257,1.38984577028
2.39847980643,2.33256178316,1.37084259009
2.39847980643,2.33224714463,1.73444579088
2.39847980643,2.33137859246,1.73909801318
2.39847980643,2.31906090638,1.73512762006
2.39847980643,2.30639394947,1.73698323294
2.40127892287,2.31408733435,1.73700620714
2.40127892287,2.30953783983,1.83492874119
2.40127892287,2.3056532118,2.07044215709
2.40127892287,2.28322763587,0.862191098427
2.40127892287,2.27576606686,0.849027306683
2.40127892287,2.26396299048,0.84346449144
2.40137230824,2.27733402006,0.849900031195
2.40137230824,2.27441787713,0.858309451973
2.40137230824,2.2847122045,1.97175693444
2.40158734737,2.27714096322,1.97220395651
2.40168051655,2.28747844828,1.38662836979
2.40168051655,2.2915555755,1.73768941508
2.40168051655,2.30381105285,1.73647420628
2.40168051655,2.30845050017,1.96197062547
2.40168051655,2.31916889788,1.97020360258
2.40288931564,2.32430769873,1.98595119469
2.40288931564,2.32884009689,1.99404384125
2.40288931564,2.32198685903,1.54493637457
2.40288931564,2.34552763843,1.54493637457
2.40301217905,2.35197543396,1.53659730121
2.40301217905,2.33607040539,0.511225697918
2.40288931564,2.33410533242,1.41132455268
2.4032415489,2.33360125138,1.43330087844
2.4032415489,2.30551780458,1.3887329185
2.4032415489,2.25972824813,1.38865686593
2.4032415489,2.24748755914,1.39332794307
2.40332913183,2.29498246039,1.37050696225
2.40332913183,2.30221335225,1.55663045011
2.40379555204,2.30449452523,1.55663045011
2.40379555204,2.28994093241,1.43330087844
2.40379555204,2.30905417336,1.95049066622
2.40379555204,2.30215977292,1.94904771722
2.40379555204,2.29192655423,0.978831692407
2.40379555204,2.30178081355,1.39914134389
2.40379555204,2.29371916203,1.84462809666
2.40379555204,2.28101495477,1.60063358964
2.40379555204,2.28381269169,1.34476361199
2.40379555204,2.29301163453,1.3468025623
2.40379555204,2.26162694214,1.33213730468
2.40381527511,2.2950286552,1.95049066622
2.40422059571,2.29809870829,1.95049066622
2.40422059571,2.30028310991,1.39202680717
2.40422059571,2.273073249,1.38341653601
2.40422059571,2.25857537608,1.38468764401
2.40422059571,2.23260542846,1.39150612853
2.40450947376,2.26284918912,1.39698383336
2.4046590262,2.24901440039,1.94414008812
2.40469422001,2.25708038824,1.38536370936
2.40469422001,2.26511146168,1.38202816628
2.40530742347,2.26110758252,1.39695840399
2.40533841751,2.27162215865,1.87250713071
2.40579967875,2.23554876908,1.38864533676
2.40579967875,2.21723917063,1.31752264653
2.40579967875,2.21566614881,1.30406830955
2.40589458647,2.23175974808,1.30355596808
2.40594555631,2.25673697652,1.30406830955
2.40594555631,2.27236734108,1.97841975556
2.40607259362,2.25718033802,0.902932256027
2.40607259362,2.23338878158,0.908676623682
2.40613220999,2.28852457032,0.908676623682
2.40624234836,2.30320924364,0.911315263593
2.40624234836,2.30502439241,0.913039291828
2.40641990041,2.3166334869,0.913039291828
2.40671033697,2.32655185195,1.38437609717
2.40671033697,2.30295567748,1.38437609717
2.40671033697,2.31129695758,1.38438451969
2.40671033697,2.2835136205,1.38320311509
2.40671033697,2.32530706831,1.7493005349
2.40671033697,2.30691465984,1.54892521486
2.40671033697,2.31518866403,1.39490089753
2.40671033697,2.2825150289,1.22274215494
2.40671033697,2.29573649476,1.39452126772
2.40679786289,2.29313000313,1.39299025764
2.40703457413,2.315515371,1.74658004343
2.40703457413,2.3236563196,1.74506821388
2.40703457413,2.33552306071,1.39402770638
2.40703457413,2.34435502233,1.99110430954
2.40703457413,2.3350897127,1.99080834844
2.40703457413,2.34003381151,2.08838548163
2.40711019368,2.32712442339,1.34784340829
2.40711019368,2.32331371525,1.29184507376
2.40711019368,2.31572732503,1.29159200028
2.40711019368,2.28474254499,1.29184507376
2.40711019368,2.29746143023,1.26147856245
2.40711019368,2.28522804053,1.26000843729
2.40711019368,2.31285615075,1.49755821592
2.40711019368,2.29242394975,1.39755284972
2.40711019368,2.30841212492,1.39755284972
2.40711019368,2.28636937684,1.47763482286
2.40730849916,2.2667707443,0.663579510799
2.40730849916,2.2765468827,1.30064292251
2.40730849916,2.29665470264,1.30064292251
2.40730849916,2.29007726451,1.29793799087
2.40730849916,2.30636128183,1.39610963438
2.40730849916,2.30302275351,1.73378272214
2.40768370256,2.31471166277,1.73378272214
2.40768370256,2.31347309457,1.38080690132
2.40769137703,2.30492906979,1.37941267324
2.40769137703,2.2883848255,1.37986240382
2.40769137703,2.30002817763,1.37986240382
2.40769137703,2.33068924089,1.88365187241
2.40769137703,2.3342558192,1.88365187241
2.40769147211,2.34519704734,2.08974580946
2.40773757945,2.34656821168,2.09424981611
2.40773757945,2.34533369699,2.01632780033
2.40775460971,2.35207791907,2.06723082257
2.40781866415,2.35365956347,1.93985972399
2.40781866415,2.35164617985,1.97914118198
2.40792901317,2.3072522571,1.39337978888
2.40792901317,2.31708541027,1.73321873628
2.40792901317,2.30408068688,1.73321873628
2.40792901317,2.28543523688,1.7329936303
2.40792901317,2.30683398692,1.73652350888
2.40792901317,2.28430226431,1.71297535491
2.40792901317,2.25659999128,1.33330360851
2.40792901317,2.29335338974,1.71039484055
2.40806794494,2.27905706468,1.71116493
2.40806794494,2.31127820358,1.71296788333
2.40806794494,2.32885657568,1.71296788333
2.40806794494,2.3292685144,1.71296788333
2.40827809386,2.32020352634,1.71296788333
2.40862952362,2.34687857484,1.73400926511
2.40862952362,2.34565076143,1.73505075112
2.40862952362,2.35040019481,1.58022678382
2.40862952362,2.33457330429,1.38407749644
2.40862952362,2.3408248653,2.00971770974
2.40862952362,2.31699475715,1.39793921926
2.40862952362,2.31443724484,1.3976841496
2.40862952362,2.30614014832,1.3976841496
2.40862952362,2.28956171953,1.3976841496
2.40862952362,2.29006265165,1.39280943382
2.40862952362,2.31730821165,2.00309980145
2.40862952362,2.29683068937,2.07566545104
2.40866822438,2.28423320287,1.73988756813
2.40866822438,2.30125130569,1.73948903346
2.40866822438,2.30002860745,1.76254103136
2.40866822438,2.3145689545,2.01203919685
2.40866822438,2.31751828618,2.01343105358
2.40866822438,2.33050541832,2.07566545104
2.40866822438,2.32481524236,2.03852141794
2.40866822438,2.34718409243,2.06223242981
2.40866822438,2.33062279356,1.76857465406
2.40909424132,2.30408460112,1.88471446485
2.40909424132,2.28590560196,0.834427163826
2.40909424132,2.30447153272,0.834427163826
2.40909424132,2.32431063469,1.39227796057
2.40909424132,2.30955580201,1.39185232476
2.4094417011,2.32836357616,1.39227796057
2.40912545332,2.34393429935,1.89746754797
2.40912545332,2.3384017848,1.44649259614
2.40967896147,2.32532064088,1.39769060107
2.4094417011,2.30800070252,1.39722988763
2.4094417011,2.34230148726,2.01445696908
2.40944170571,2.32895924385,1.95316807647
2.41006995824,2.31030209551,1.40652555361
2.41006995824,2.3217417061,1.37009617483
2.41007441568,2.3164717888,1.37979053543
2.41007441568,2.32153475252,1.38712961303
2.41007441568,2.34416765626,1.38712961303
2.41034386684,2.33051748565,1.39204266738
2.41034386684,2.33865831317,1.40079459806
2.41034386684,2.33135101216,1.40107167084
2.41034388197,2.35018675177,1.94207684834
2.41034388197,2.34129751335,1.95932840216
2.41063992625,2.32938653068,1.39403855858
2.41063992625,2.33738885149,1.39403855858
2.41063992625,2.32513695968,1.22469371764
2.4106413615,2.31778209497,0.796774871447
2.4106413615,2.31202869835,0.816988712744
2.41146578674,2.35127488182,2.01575514556
2.41146578674,2.35260431021,1.99313555008
2.41146578674,2.34944811249,1.99380542677
2.41146580804,2.34091646084,1.37907947588
2.41173489236,2.35293711594,1.37880297789
2.41173498713,2.3386118819,1.88036190088
2.41173498713,2.34027589661,1.90112639072
2.41173498713,2.33413327978,1.99237572068
2.41173498713,2.3209007672,1.90136664905
2.41173498713,2.32120731715,1.90181364206
2.41173498713,2.33210777306,1.99145009167
2.41173498713,2.34551492802,1.90155459549
2.41173498713,2.35104633851,1.82175429732
2.41173498713,2.3381869151,1.70882176003
2.41186231922,2.34583184476,1.06115658431
2.41186231922,2.34505359595,1.06115658431
2.41186234273,2.34519368723,1.06115658431
2.41186241806,2.33831432043,1.06115658431
2.41186241806,2.34315479675,1.95173158501
2.41186234273,2.35177559361,1.9077054453
2.41186234273,2.3470537072,1.97544575047
2.41186234273,2.3485718821,1.97544575047
2.41186234273,2.33817705308,1.90391755824
2.41187494929,2.33527346199,1.90391755824
2.41219114533,2.3240222711,1.39935982309
2.41219114533,2.29144143285,0.721315426816
2.41219114533,2.26127486217,0.704024889573
2.41219114533,2.31547774616,0.69510461315
2.41219121561,2.3172860106,0.719976499341
2.41245317191,2.28675898312,0.720859885236
2.41245317191,2.24653748672,0.697703766377
2.41245317191,2.26262427583,0.707763690731
2.41245317191,2.26686493093,0.751054693748
2.41245317191,2.29512929753,1.35328284493
2.41245317191,2.28262146001,1.34646835798
2.41245317191,2.28941075877,1.34400807333
2.41245317191,2.28631634468,1.36390949658
2.41245317191,2.26375413312,1.36284970175
2.41245975899,2.26649325817,1.10936437942
2.41245975899,2.24739754508,1.83564453245
2.41245975899,2.28321212035,1.91983442565
2.41245975899,2.27605466435,1.38820726233
2.41255559119,2.2627195027,0.97268760312
2.41279846256,2.28623846321,1.40017343758
2.41279846256,2.26758270979,1.38943811935
2.41279846256,2.28170129788,1.38899596269
2.4128052124,2.28223464519,1.3842533649
2.4128052124,2.30638016952,1.38903273971
2.4128052124,2.2882009844,1.91774212943
2.4128052124,2.28127814085,1.89753059924
2.4128052124,2.29706532258,1.91980641056
2.4128052124,2.27778845512,1.38578909987
2.41289078665,2.29775693371,1.90047229277
2.41292651712,2.2649974715,1.90046915996
2.41294418919,2.26505702495,1.89848937197
2.41294418919,2.29538847165,1.89381302274
2.41294418919,2.28886673282,1.40464229039
2.41299047864,2.29739197122,1.9000277487
2.41299047864,2.30207611041,1.89774661043
2.41299047864,2.30804582319,1.39572019313
2.41299047864,2.31448626916,1.8988897779
2.41299047864,2.33562117546,1.91907812877
2.41299047864,2.34441141637,1.91912556275
2.41299047864,2.34604981571,1.75873544142
2.41301539002,2.33455473776,2.01390854608
2.41301539002,2.32849354024,1.39696093002
2.41301539002,2.33848656742,1.95991108063
2.41303381897,2.33905613133,1.7500815301
2.41303381897,2.34505073373,1.85873966538
2.41303381897,2.33131918813,1.40208173934
2.41303381897,2.35654560613,2.07704533896
2.41303382009,2.3453702143,2.06507167985
2.41303382009,2.31983447487,1.89001204704
2.41313388098,2.31444867214,1.67277980848
2.41312713068,2.30104365524,1.74809603861
2.41312713068,2.28354318212,1.7477929743
2.41313388099,2.28640010859,1.74971205115
2.41313388099,2.26294489731,1.39933305513
2.4132977754,2.26298066842,1.39933305513
2.41330845348,2.26015606429,1.39570815689
2.41330845348,2.26173266343,1.39712714995
2.41330845348,2.26359817091,1.40145517633
2.41331124841,2.27844701608,1.39624571463
2.41336602306,2.27497366228,0.777954342164
2.41336602306,2.30338777996,1.7495384217
2.41336602306,2.29139902091,1.60212976646
2.41336602306,2.32014438184,1.74788427222
2.41336602306,2.3264616195,1.74789735943
2.41336602306,2.330650152,1.74789735943
2.41349555821,2.33063676009,1.74968225315
2.41349555821,2.3424374434,1.74932121951
2.41349555823,2.32344514307,0.71684118743
2.41349555823,2.34698254027,1.7495384217
2.41349555823,2.3456728766,1.369177068
2.41349555823,2.33927223583,1.75853936655
2.41349555823,2.34114909916,1.95831537324
2.41349555823,2.32892250994,1.90384482135
2.41349555823,2.31282448821,1.74689129626
2.41349560829,2.31484594176,1.74881472968
2.41359650373,2.3277582298,2.02772228206
2.41359650373,2.332421129,1.7491795137
2.41359650373,2.31962415764,1.94563276517
2.41359650373,2.31510253591,1.69606614434
2.41359650373,2.30328786234,1.69606614434
2.41359650373,2.30674809762,1.46572880021
2.41359650373,2.32346254717,2.05105894675
2.41359650991,2.33737506323,2.01411561798
2.41359650992,2.32049491113,1.53930415838
2.41359650992,2.28297448443,0.820478711231
2.41359650992,2.28113243908,0.823021501881
2.41359650992,2.25781335193,0.836375576574
2.41359650992,2.25712486027,0.523541158313
2.41376708484,2.30109790032,1.37675712707
2.41376708484,2.31443880482,1.75834836597
2.41376708484,2.31617121158,1.7583482474
2.41376708484,2.32150122174,1.99310467715
2.41376708484,2.31437171057,0.74386098225
2.41376708484,2.32056748259,1.40057509949
2.41376863437,2.31264227487,1.9935177927
2.41380972579,2.31081896725,1.39590256414
2.41380972758,2.30409408045,1.39545287985
2.41380973539,2.30827606952,1.3958111868
2.41380973539,2.30151241647,1.39560675413
2.41380973539,2.33166902392,2.14921389222
2.41380973539,2.32112654104,1.89918801655
2.41390759064,2.32222895684,1.9940982304
2.41390759064,2.30826353703,1.89918801655
2.41390759064,2.34027800393,1.99348086228
2.41390759064,2.32625745685,2.00305275261
2.41390759064,2.30676886249,1.90266278756
2.41390759064,2.32055992473,1.90266278756
2.41408561401,2.31858127723,1.90305799572
2.41408561401,2.29525563204,0.889269466041
2.41408561401,2.31628774916,1.8927326484
2.41408561401,2.3212983753,1.90110857339
2.41408561401,2.308956212,1.891320772
2.41408561401,2.30153024432,1.75386739412
2.41408561401,2.30555550676,1.75386884608
2.41423520146,2.30605343482,1.38861015926
2.41423520146,2.31696606039,1.3931262959
2.41423520146,2.33938401375,1.7538683336
2.41423520146,2.32706813263,1.38792408987
2.41423520146,2.32973171663,1.39935208286
2.41423521139,2.31469687815,1.39935208286
2.41427788466,2.30568074073,1.39741290305
2.41427788466,2.33935413826,1.39850609989
2.41435695222,2.34167291566,1.89585118093
2.41435695222,2.33616472329,1.75361510858
2.41435695222,2.34794662409,1.89567355645
2.41434070826,2.34813168758,1.89567355645
2.41435695222,2.35146297011,1.75991497781
2.41435695222,2.32095263134,1.35764511869
2.41435695222,2.30828123461,1.393566583
2.41435695222,2.3093833912,1.39275813715
2.41435695222,2.331491332,1.40026923867
2.41435695222,2.3471506478,1.89296885628
2.41435695222,2.35669130856,2.00692308874
2.41435695222,2.33121554571,1.7516450338
2.41435695222,2.34212567688,1.75642294403
2.41435695222,2.34580427379,1.75735114291
2.41435695222,2.33134614599,1.75735114291
2.41435695222,2.31624967618,1.75642294403
2.41436197745,2.31925227325,1.75642294403
2.41437971804,2.33494383108,2.0179944416
2.41439726449,2.34576121315,2.10422369061
2.41439726449,2.34063650944,2.10422369061
2.41439726449,2.32947573587,2.05207773715
2.41439727247,2.33837287721,2.00156743798
2.41445048346,2.33810871606,2.05180895416
2.41445048346,2.32120535353,2.00870956259
2.41445048346,2.33785616377,1.90491710364
2.41445048346,2.32605404473,2.001306653
2.41445048346,2.32558510178,1.40004231285
2.41445048346,2.32508047904,1.40055552184
2.41445048346,2.32246043666,1.39561112518
2.41445048346,2.28347090397,1.39512693131
2.41445048346,2.30287214602,1.39492131417
2.41445048346,2.30433202715,1.39492131417
2.41445395898,2.32746477943,1.39257895626
2.41445395898,2.30685455091,1.39257895626
2.41445395898,2.33055008334,2.01758952052
2.41445395898,2.31821396535,1.90823255891
2.41445395898,2.30015913143,1.73666211925
2.41445395898,2.28891448724,1.37813358416
2.41445395898,2.25910806505,1.37813358416
2.41526719696,2.2484195719,1.37813358416
2.41526719696,2.2312525531,1.37813358416
2.41526719696,2.22407697361,1.38372164072
2.41526719696,2.26459670162,1.38499030208
2.41526719696,2.28300009406,1.34870111436
2.41526719696,2.27928409641,1.34858477422
2.41526719696,2.29140599655,1.80183595411
2.41526719696,2.24894253515,1.38252124663
2.41526719696,2.25907536535,1.29893005089
2.41526719696,2.24280994604,1.033273989
2.41528781944,2.26503032914,1.033273989
2.41528781944,2.25634131526,1.033409701
2.41528781944,2.2604918298,1.033409701
2.41528781944,2.26630332304,1.38252124663
2.41528781944,2.29750538825,1.38352440266
2.41528781944,2.30544397342,1.37811276367
2.4153252261,2.29025444985,1.37946316952
2.4153252261,2.28819261077,1.39256703576
2.4153252261,2.29382088631,1.03460326336
2.41532788762,2.30469009501,1.98741355881
2.41532788762,2.31165717308,2.10615498244
2.41557146672,2.2845139868,1.40388461524
2.41557146672,2.29365130545,0.876730765071
2.41557146672,2.31140352348,2.02387748003
2.41557146672,2.31480854157,2.11212300704
2.41557146687,2.31415031825,1.9673695395
2.41557146687,2.304884765,1.40316976063
2.41557146687,2.30460763615,2.00327678471
2.41557146687,2.29733832956,1.98718102942
2.41557146687,2.26520386425,1.39416632834
2.41557146687,2.28050159357,1.38998955254
2.41557146687,2.31274323373,2.00005143984
2.41557146687,2.29867268532,1.39682784371
2.41560736033,2.28855497016,1.38774104751
2.41560736033,2.30268843161,1.89094093242
2.41560736033,2.31453007153,1.89111842878
2.41560736033,2.31796755948,2.02006604626
2.41563481718,2.31301977766,1.86019883995
2.41563481718,2.32931262564,1.91608693158
2.41563481718,2.32285060327,1.39489610633
2.41563481718,2.33243569346,1.38209200439
2.41563481718,2.33435885824,1.39547485439
2.41563481718,2.31408064459,1.39477996552
2.41563481718,2.30328442761,1.39477996552
2.41563481718,2.31454265586,1.39446400539
2.41563481718,2.30083036161,1.39446400539
2.41563481718,2.28990538562,1.89860261191
2.41563481718,2.32230504772,2.06122938673
2.41665029755,2.32154278389,1.89885920675
2.41577031089,2.31635574778,1.89885920675
2.41665029755,2.29985299185,1.39468804282
2.41665029755,2.28046682886,1.39425787769
2.41665029755,2.30270707379,1.39278238234
