best,average,worse
3.82864139649,2.16295261255,0.208981746654
3.82864139649,2.52413350537,0.295439191872
3.82864139649,2.88555561507,-0.0
3.82864139649,2.95957565436,0.64874001319
3.82864139649,2.997269116,0.672994747028
3.82864139649,3.00426163619,0.104732439105
3.82864139649,3.0553239035,0.104732439105
3.82864139649,3.1395030798,0.178844912717
3.82864139649,3.21924647056,0.178844912717
3.82864139649,3.36969545997,1.38396153059
3.82864139649,3.41494306508,1.4152030883
3.82864139649,3.41079685613,1.26554953192
3.82864139649,3.36841940087,1.55139605786
3.82864139649,3.47403124554,1.41225396961
3.82864139649,3.5949245668,1.78711533142
3.82864139649,3.56763698518,0.887146316868
3.82864139649,3.62608970463,2.50242076843
3.82864139649,3.63414069217,2.01134218373
3.82864139649,3.66621207539,2.17496803779
3.82864139649,3.63403072648,1.30315597485
3.82864139649,3.68383855827,2.00730757844
3.82864139649,3.69131951758,2.85478180594
3.82864139649,3.70916685321,2.17997584588
3.82864139649,3.70225038352,2.17997584588
3.82864139649,3.70289328806,1.6416827393
3.82864139649,3.68092714881,2.34337126819
3.82864139649,3.68682447744,2.45838439721
3.82864139649,3.64912438701,1.02479103703
3.82864139649,3.69471116033,1.24723880837
3.82864139649,3.71022347276,1.20757142933
3.82864139649,3.70375296537,2.61098318501
3.82864139649,3.66679283331,1.24882718381
3.82864139649,3.72419223359,2.29355692078
3.82864139649,3.68856539117,0.855455364794
3.82864139649,3.74508211069,1.19799556079
3.82864139649,3.74756279498,1.46482586363
3.82864139649,3.73880975887,2.12887740291
3.82864139649,3.74226517756,2.78988957052
3.82864139649,3.72036727975,2.3335663873
3.82864139649,3.7233532548,2.38946028214
3.82864139649,3.73531730224,2.15169171987
3.82864139649,3.70837323536,2.12692057108
3.82864139649,3.69171387435,1.23990053439
3.82864139649,3.68647971973,1.23990053439
3.82864139649,3.68746328372,2.1150192128
3.82864139649,3.67995156056,1.92938911521
3.82864139649,3.71053102363,2.63872034938
3.82864139649,3.71072515323,3.01621041274
3.82864139649,3.71362729422,2.49352903924
3.82864139649,3.67853620876,2.1217756049
3.82864139649,3.7069871776,2.59093721515
3.82864139649,3.71991532195,2.6416886313
3.82864139649,3.72099594157,2.4420175901
3.82864139649,3.71094959325,2.05805899459
3.82864139649,3.70717567798,1.40611978704
3.82864139649,3.70449499706,1.07812840776
3.82864139649,3.71381059842,1.53647449115
3.82864139649,3.7546825133,2.89818765462
3.82864139649,3.75173880664,2.56269443631
3.82864139649,3.68963740967,1.77771690007
3.82864139649,3.73452482325,1.9823184363
3.82864139649,3.70505050682,1.18057742593
3.82864139649,3.66370836873,1.01872320637
3.82864139649,3.69110647518,2.32759363643
3.82864139649,3.67779489663,2.05795510883
3.82864139649,3.70401310655,2.27479504649
3.82864139649,3.73902643267,2.61092127482
3.82864139649,3.71482140161,2.53384169794
3.82864139649,3.71050092734,2.37420388888
3.82864139649,3.70344264848,2.48725769859
3.82864139649,3.66165716893,1.71361399598
3.82864139649,3.66204291826,1.35590317488
3.82864139649,3.65625012179,1.75097893577
3.82864139649,3.68181582664,2.30318578389
3.82864139649,3.70527789751,2.3736766237
3.82864139649,3.74090537281,2.58232324507
3.82864139649,3.73682632166,2.18825761555
3.82864139649,3.75473155014,2.69762636079
3.82864139649,3.74868913521,2.63434306383
3.82864139649,3.73288453655,2.45746603241
3.82864139649,3.76610252084,2.93381734811
3.82864139649,3.73830948079,2.4762279067
3.82864139649,3.72186992305,2.4762279067
3.82864139649,3.65563558719,1.58441499235
3.82864139649,3.68830288319,1.16338314292
3.82864139649,3.70452023874,2.18588935922
3.82864139649,3.74011423915,2.78862603797
3.82864139649,3.69917172793,2.49776085372
3.82864139649,3.7100298147,2.88890668488
3.82864139649,3.70249145994,2.64018381675
3.82864139649,3.71062445243,1.99724022415
3.82864139649,3.73584204686,2.3403616391
3.82864139649,3.73531909596,2.36370322124
3.82864139649,3.72372607946,2.70749650589
3.82864139649,3.6939279892,0.933750012682
3.82864139649,3.70861106335,1.14097031651
3.82864139649,3.67951037673,1.04876691975
3.82864139649,3.68573622395,2.02243116018
3.82864139649,3.708320792,1.89214085374
3.82864139649,3.71318256994,2.4771462715
3.82864139649,3.69779223484,2.06453212913
3.82864139649,3.68507541825,2.10889583071
3.82864139649,3.68412399921,2.26333192356
3.82864139649,3.70966152641,2.65225369661
3.82864139649,3.7181116483,1.78750457197
3.82864139649,3.66447665252,1.88917606451
3.82864139649,3.69621654836,2.01979961703
3.82864139649,3.68811945639,2.01979961703
3.82864139649,3.70922357552,2.30198664901
3.82864139649,3.70920588405,2.30133307597
3.82864139649,3.66714998207,1.78691290913
3.82864139649,3.6925347751,2.65160012357
3.82864139649,3.70901154661,3.01834574982
3.82864139649,3.65343309153,0.697894718469
3.82864139649,3.68011674477,1.79135789341
3.82864139649,3.69462705229,0.855066141932
3.82864139649,3.69597331189,1.55679908667
3.82864139649,3.64794624613,1.07879196447
3.82864139649,3.68833731023,1.93143234955
3.82864139649,3.68857589159,1.68872138207
3.82864139649,3.72763123255,2.39383756769
3.82864139649,3.71680161713,2.39383756769
3.82864139649,3.73157019137,2.8480898115
3.82864139649,3.76962413187,3.08698474825
3.82864139649,3.74898030591,3.00697079017
3.82864139649,3.7188653717,2.76437130413
3.82864139649,3.70226854537,2.70346711372
3.82864139649,3.72934317883,2.69272267661
3.82864139649,3.74899294124,2.79601295261
3.82864139649,3.72203076482,1.98641036707
3.82864139649,3.717557694,1.2288432165
3.82864139649,3.7448606542,2.65210113565
3.82864139649,3.69461501474,2.0567767581
3.82864139649,3.6919746702,2.22282393244
3.82864139649,3.73578081304,2.82804384164
3.82864139649,3.76449497835,2.98271605633
3.82864139649,3.74981684701,2.57028128576
3.82864139649,3.73734069027,2.32519856926
3.82864139649,3.720291175,1.75381968915
3.82864139649,3.74216995504,1.85117462201
3.82864139649,3.76106187114,3.22191667274
3.82864139649,3.75276644542,2.78012354933
3.82864139649,3.74196622204,2.84190203175
3.82864139649,3.74060880385,2.7675494548
3.82864139649,3.73746528148,2.6130566119
3.82864139649,3.74985431464,2.73423447019
3.82864139649,3.71341486805,2.16780184212
3.82864139649,3.7050301359,2.16780184212
3.82864139649,3.74360808308,2.44192638158
3.82864139649,3.75862383891,2.63484407591
3.82864139649,3.72977561187,1.33784464261
3.82864139649,3.73721900134,2.2047315918
3.82864139649,3.75919914598,2.69860477671
3.82864139649,3.73976427231,2.78463799296
3.82864139649,3.73356192211,3.12937083384
3.82864139649,3.73364250995,3.13490504056
3.82864139649,3.64958888655,1.34274834448
3.82864139649,3.70202862514,2.80000099761
3.82864139649,3.72732420296,2.85264646886
3.82864139649,3.71624147822,1.70355712154
3.82864139649,3.73038934468,2.61830818946
3.82864139649,3.73526372901,2.14603033874
3.82864139649,3.7210077402,1.17410375534
3.82864139649,3.69955980637,1.07368974526
3.82864139649,3.72380970551,1.98455765915
3.82864139649,3.70017401514,1.72100091062
3.82864139649,3.688814109,2.72510145902
3.82864139649,3.62972428895,1.93783349075
3.82864139649,3.68662844562,2.04088735482
3.82864139649,3.63203864207,1.57769629805
3.82864139649,3.68152428657,1.99929014126
3.82864139649,3.63106922852,2.05376712901
3.82864139649,3.69743578697,1.95928588785
3.82864139649,3.64441627619,1.84335439401
3.82864139649,3.61046194602,1.34939055224
3.82864139649,3.62010081946,1.20182253068
3.82864139649,3.53696114769,0.894070589338
3.82864139649,3.62767916468,1.29915049972
3.82864139649,3.70674665248,1.92050854065
3.82864139649,3.68845000238,2.32519856926
3.82864139649,3.70890519323,2.26590580478
3.82864139649,3.70329818349,2.239165353
3.82864139649,3.70180130432,2.12197281409
3.82864139649,3.70334963315,2.93318682557
3.82864139649,3.69541680959,2.6828525315
3.82864139649,3.7427663865,2.55652970705
3.82864139649,3.70076370302,1.89818176262
3.82864139649,3.73473729918,2.85201594632
3.82864139649,3.72954299455,2.97284591123
3.82864139649,3.74329849379,3.07123250305
3.82864139649,3.70955473468,2.61098318501
3.82864139649,3.72353414264,1.34366821422
3.82864139649,3.75257230715,2.89969246916
3.82864139649,3.75184277208,3.34246400849
3.82864139649,3.73382445124,2.9860735788
3.82864139649,3.73160654686,2.73662953737
3.82864139649,3.71166649537,2.46339220531
3.82864139649,3.7331251118,2.21647983138
3.82864139649,3.71497830734,2.22079271926
3.82864139649,3.70633036909,2.83353670119
3.82864139649,3.7135169963,2.45746603241
3.82864139649,3.72574489813,1.54542412703
3.82864139649,3.64341897701,1.54542412703
3.82864139649,3.67539572697,2.09776215305
3.82864139649,3.68209181494,2.2684922926
3.82864139649,3.66652205988,1.81816531706
3.82864139649,3.74498027021,1.75764300966
3.82864139649,3.76234751887,2.13300260599
3.82864139649,3.75380219934,2.28309760031
3.82864139649,3.74791971968,2.99219696089
3.82864139649,3.73647706366,1.73973739836
3.82864139649,3.73073448588,2.43349914084
3.82864139649,3.73174948933,1.99481977043
3.82864139649,3.70687755092,1.7313720678
3.82864139649,3.76614631857,2.24840497557
3.82864139649,3.76208646933,1.88120733203
3.82864139649,3.75877596264,1.92827724938
3.82864139649,3.76774166409,1.92827724938
3.82864139649,3.78274775625,3.48576126353
3.82864139649,3.78007921405,3.20903689855
3.82864139649,3.79313286169,3.62356565903
3.82864139649,3.77791997107,2.72436432509
3.82864139649,3.76926394253,2.89478878498
3.82864139649,3.77996546446,2.89478878498
3.82864139649,3.77787093423,3.49164336363
3.82864139649,3.77223774547,3.49164336363
3.82864139649,3.76001822611,3.28807244071
3.82864139649,3.73391619482,2.90858419835
3.82864139649,3.75786098248,3.07123250305
3.82864139649,3.71451266432,2.21144897279
3.82864139649,3.74736801919,3.14288113057
3.82864139649,3.74334037359,3.01095883518
3.82864139649,3.73969185788,3.14876323067
3.82864139649,3.74294375548,2.39719236453
3.82864139649,3.7498052778,2.73647641866
3.82864139649,3.72908273218,2.73647641866
3.82864139649,3.71433010393,2.65611456721
3.82864139649,3.71642811309,2.32768179972
3.82864139649,3.70447857068,2.00659161825
3.82864139649,3.6910139265,2.60479540525
3.82864139649,3.74284160235,3.10136933699
3.82864139649,3.72425123907,2.18002570723
3.82864139649,3.72754789288,2.38984952269
3.82864139649,3.68459884755,1.65858454813
3.82864139649,3.73912900165,2.6828525315
3.82864139649,3.69884475672,1.73943359547
3.82864139649,3.70371675548,2.25540264966
3.82864139649,3.70944685197,1.62544295516
3.82864139649,3.68848793508,2.38625071824
3.82864139649,3.75407588421,3.25205350667
3.82864139649,3.75569406269,3.22930358738
3.82864139649,3.73935104744,2.29185217142
3.82864139649,3.75261281537,2.80039023816
3.82864139649,3.75835586131,2.86426271049
3.82864139649,3.74903386293,3.13549421593
3.82864139649,3.74438695292,2.4802600245
3.82864139649,3.75024869831,2.47206321552
3.82864139649,3.77060843614,2.92030705138
3.82864139649,3.76123592132,3.15401480823
3.82864139649,3.7525365334,2.76874858968
3.82864139649,3.75514877543,2.76874858968
3.82864139649,3.72472322468,2.85795995661
3.82864139649,3.75304015516,3.03560280957
3.82864139649,3.76408818986,3.28005500353
3.82864139649,3.76255861455,2.77326303332
3.82864139649,3.7659002923,2.37721351797
3.82864139649,3.73805169827,1.71847384551
3.82864139649,3.78742191139,3.48576126353
3.82864139649,3.7556123251,1.44533992224
3.82864139649,3.77631790685,3.13889308557
3.82864139649,3.7620491613,2.49154682086
3.82864139649,3.756414647,2.46149815021
3.82864139649,3.76563111894,3.06303569407
3.82864139649,3.7533964521,2.62229623447
3.82864139649,3.73864001457,2.63983592338
3.82864139649,3.7554637372,2.73272965565
3.82864139649,3.74620011281,2.3905444429
3.82864139649,3.7370111187,2.60270141535
3.82864139649,3.70528394937,2.38795546759
3.82864139649,3.76974421157,2.22842340337
3.82864139649,3.75702765778,1.73224387233
