best,average,worse
1.64713893521,0.777077830154,0.224870954085
1.64713893521,0.771508442546,0.319560805948
1.90893320159,0.897456786606,0.370113143803
1.90893320159,0.865013969132,0.233539596889
1.90893320159,0.954655624536,0.395012849227
1.90893320159,0.931466095781,0.332294971546
1.92046232603,1.00622845706,0.332294971546
2.01419720866,0.994348396352,0.2899361901
2.01419720866,1.09882513289,0.425098677044
2.01419720866,1.1077619899,0.386745291137
2.01419720866,1.15487075826,0.448466989436
2.01419720866,1.24478076929,0.430375667646
2.01419720866,1.35829241835,0.41507806893
2.01419720866,1.43772961286,0.400191077672
2.01475164209,1.5490476514,0.41507806893
2.0155317733,1.65028501578,0.65014580085
2.01609117286,1.66231700061,0.393307868138
2.01609117286,1.74356829653,0.551917974078
2.09675516061,1.83537802318,0.595812813282
2.09729805644,1.83872766862,0.82033901709
2.09836504842,1.88690298648,1.3268719128
2.09836504842,1.90202536573,0.92265046204
2.09836504842,1.89099064362,0.743723546965
2.1004670796,1.91262153623,0.74647353979
2.1004670796,1.91109622799,0.740809234521
2.1004670796,1.91228288758,0.735407661177
2.1004670796,1.91783668721,1.74552237429
2.1004670796,1.92473053675,1.74552237429
2.10331092605,1.91012729468,1.225334991
2.10331092605,1.94347200437,1.6009949504
2.10404041447,1.95022147905,1.60102708701
2.10404041447,1.94956743149,1.60405911253
2.10759231281,1.93500076426,1.60144292142
2.10759231281,1.93857705708,1.60016338174
2.1086164012,1.96910375306,1.60094616457
2.10924257651,1.97466507514,1.60391798757
2.10924257651,1.97169779561,1.59647783195
2.1086164012,1.99069145975,1.60164668387
2.10864952654,2.00571795942,1.24561346802
2.10864952654,2.02345187897,1.75891071645
2.109179873,2.00299656049,1.75891071645
2.10976489421,2.00694048043,1.75891071645
2.10976489421,2.0154741192,1.63089618547
2.11005922361,2.02686261518,1.63089618547
2.11067223579,2.01488621682,1.57187387793
2.11155432596,2.02534480916,1.78265122669
2.11155432596,2.03671694589,1.78187879881
2.11627038695,2.04023128099,1.63941421296
2.11794972355,2.04888104834,1.78265122669
2.11794972355,2.04268114226,1.76420994351
2.11827993408,2.04283063578,1.62352942995
2.11999648262,2.05680652537,1.62352942995
2.11999648262,2.06018976285,1.83320565461
2.13416070277,2.06963155736,1.8037576492
2.13647763828,2.07737093316,1.91795396795
2.13801754321,2.07340601409,1.87864324259
2.13801754321,2.05945884784,1.8049322303
2.13801754321,2.06070309982,1.82407682821
2.13801754321,2.05305745523,1.80243920177
2.13801754321,2.06340987381,1.9075245881
2.13943904028,2.05460756938,1.80604943745
2.13943904028,2.0509279606,1.82752811597
2.13943904028,2.05298939181,1.82752811597
2.13943904028,2.0427572782,1.80947256436
2.13943904028,2.03518447235,1.79967909758
2.14076398132,2.03317662897,1.80772776292
2.14076398132,2.03199384064,1.80984146866
2.14076398132,2.02704177609,1.80905711725
2.14076398132,2.02203659538,1.34172632441
2.14076398132,2.02366650899,1.34172632441
2.14167049615,2.0205593081,1.34556317057
2.14167049615,2.03294887318,1.33535356568
2.14211811221,2.04009945108,1.33214582683
2.14211811221,2.03991916651,1.34037484451
2.14396544642,2.03902902453,1.34286705414
2.14396544642,2.06239763558,1.33864531083
2.14592914966,2.0816968128,1.82698544029
2.14592914966,2.09372704687,1.85337346056
2.15199100723,2.07292491696,1.68209705129
2.15199100723,2.07598587903,1.350227449
2.15170436271,2.07474381761,1.83129803599
2.15170436271,2.07977994122,1.83111701403
2.15170436271,2.06885591425,1.35280235182
2.15170436271,2.0704605928,1.35301932046
2.15170436271,2.08144209106,1.83052021105
2.15170436271,2.09010377179,1.84302185197
2.15170436271,2.09834114733,1.84751008632
2.15226677123,2.10472697721,1.84626812379
2.15429064201,2.10103934302,1.84679901424
2.15429064201,2.09893678425,1.84679901424
2.15429064201,2.10035836243,1.84751008632
2.15429064201,2.07411845645,1.63302026024
2.15429064201,2.08813456497,1.63360840461
2.15429064201,2.09340546036,1.6298684119
2.15451118489,2.10476831974,1.63389099974
2.15481670598,2.09677528429,1.36801739023
2.15481670598,2.08565791407,1.36801739023
2.15471983253,2.06320125652,1.37430407736
2.15471983253,2.07336063194,1.37495407408
2.15498731584,2.09517157974,1.77593328571
2.15772870779,2.10600526145,1.7831541321
2.15772870779,2.08872819726,1.36618722276
2.23388373562,2.08902421793,1.36879988271
2.23388373562,2.07925426228,1.37007893251
2.23388373562,2.0608736102,1.37007893251
2.23388373562,2.07064557971,1.62884484262
2.23388373562,2.09341476073,1.79592551123
2.23388373562,2.10237535686,1.81681552891
2.23565038843,2.10756860511,1.84863118915
2.23565038843,2.11849280172,1.84863118915
2.23565038843,2.11654988517,1.84803492719
2.23565038843,2.12921685857,1.84863118915
2.23565038843,2.13916857179,1.86016114966
2.23565038843,2.1296085338,1.85655915945
2.23565038843,2.1223836978,0.878146356354
2.2368842077,2.14643069047,1.95299205419
2.2368842077,2.14907992758,1.95462835591
2.2368842077,2.14815514898,1.95621385952
2.2368842077,2.15437976931,1.85355429543
2.2368842077,2.14495827417,1.95078080676
2.23705553244,2.16155606192,1.92847304714
2.23705553244,2.16346149899,1.70800191957
2.23784817925,2.15016146644,0.647403219761
2.23784817925,2.17146020804,1.96247141177
2.23784817925,2.1741279407,1.96592187698
2.23806669514,2.17251415055,1.81848864026
2.23806669514,2.16944776007,1.73230295513
2.23806669514,2.15594343517,0.943136201965
2.30681493317,2.16139525333,1.07491921857
2.30690925601,2.16806425773,1.46254196766
2.30690925601,2.16217042587,1.46254196766
2.30681493317,2.17282989872,1.46414204923
2.30690449097,2.18808662648,1.46818836801
2.30690449097,2.19846917682,1.83096167004
2.30690449097,2.18408220613,1.82670429561
2.30690449097,2.18143128109,1.83034392034
2.30690449097,2.16156916151,1.83059918628
2.30690449534,2.19062486254,1.700071672
2.30690449534,2.18971356672,1.34411200515
2.30690449534,2.19955109468,1.7666444266
2.30706096195,2.20593906512,1.82536662544
2.30706096195,2.18607379,1.78473712128
2.30730097092,2.20254894998,1.78473712128
2.30730097092,2.20745044379,1.77619603219
2.30772318707,2.20450097345,1.42747284129
2.30772318707,2.19188958091,1.77619603219
2.30781042388,2.18731479796,1.78160339793
2.30781042388,2.18564597046,1.7841265573
2.30781042388,2.18371308452,1.71340305336
2.30781042388,2.18712186515,1.70956317955
2.30781042388,2.17199311699,1.7093619433
2.30781042388,2.19307208075,1.36203754197
2.3078907549,2.2065886421,1.82659232803
2.3078907549,2.22056951328,1.8254430196
2.3078907549,2.23072862567,1.86734751108
2.3078907549,2.23039887904,1.98189042701
2.3078907549,2.23222980086,1.94250852296
2.3078907549,2.21940806759,1.87512908841
2.30839605816,2.19592288769,0.708704141181
2.30839605816,2.19665866828,0.763049045253
2.30869416176,2.1907411694,0.715615182909
2.30869416176,2.20330097982,1.98490014508
2.30935521439,2.20928777478,1.9847770771
2.30935521439,2.2201110192,1.95025777471
2.30935521439,2.22113390553,1.87740501309
2.30935521439,2.22039320421,1.87754637445
2.30935521439,2.21640214184,1.37197233036
2.30935521439,2.19492282365,1.37158511456
2.30935521439,2.19566923785,1.37197002797
2.30998295241,2.20883981445,1.37241762806
2.30998295241,2.21673961294,1.37241762806
2.30998295241,2.23516024593,1.3717574522
2.30998295241,2.23276475377,1.37144792343
2.30998295241,2.22431181613,1.37118392116
2.30998295241,2.23246900032,0.994453833174
2.31041824681,2.23236113746,0.994453833174
2.31041824681,2.24162389659,1.72349828007
2.31041824681,2.2351148841,1.72624920828
2.31041824681,2.24375941845,1.98111270242
2.31041824681,2.23347658031,1.87035878542
2.31041824681,2.22805016103,1.86953435275
2.31041824681,2.23805772758,1.86858370108
2.31042659686,2.23023932623,1.95161623222
2.31042659686,2.23129926448,1.956699287
2.31042659686,2.23660648417,1.98075978982
2.31042659686,2.24120490619,1.98445467153
2.31042659686,2.23847665563,1.98358090255
2.31042659686,2.23544927246,1.80213654813
2.31042659686,2.22571942797,1.98358090255
2.31042659686,2.17428299684,0.77219893019
2.31042659686,2.19621681234,1.37474118898
2.31042659686,2.19321018307,1.37469220947
2.31042659686,2.178200403,1.37510431137
2.31042659686,2.17522072803,1.37015323617
2.31042659686,2.19391432434,1.37060933703
2.31042659686,2.19018579767,1.37473694424
2.31042659686,2.19031154053,1.35781038094
2.31048908496,2.18715952518,1.35842520563
2.31060242655,2.22560116181,1.78873076829
2.31060242655,2.23603894532,1.78719685409
2.31069144388,2.23002263475,1.37345683542
2.31069144388,2.23263595813,1.37345683542
2.31298335935,2.23750469285,1.37345683542
2.31298335935,2.24851130888,1.37089920652
2.31298335935,2.23957532879,1.37089920652
2.31298335935,2.21113567827,0.753635051203
2.31298335935,2.21621040504,0.753635051203
2.31298335935,2.21318493663,0.753635051203
2.31298335935,2.22569964489,0.753635051203
2.31298335935,2.24345627537,1.84957724854
2.31298335935,2.23559116531,1.35047256542
2.31298335935,2.22421184034,1.87625645984
2.31303469681,2.22859989117,1.81729271395
2.31303469681,2.21873167551,1.79832954368
2.31303469681,2.20473204129,1.79824553157
2.31303469681,2.21210115801,1.67679251473
2.31303469681,2.22682107801,1.67288347557
2.31303469681,2.22130924154,1.67288347557
2.31336895774,2.19667040214,1.67077636276
2.31336895774,2.19954075697,1.67077636276
2.3134307658,2.20705646048,1.82433818423
2.3134307658,2.21004176266,1.89134285306
2.3134307658,2.20485145062,1.82146711862
2.3134307658,2.20296219392,1.82146711862
2.3134307658,2.21723547962,1.79598040023
2.3135890926,2.20523393175,1.82274953781
2.3135890926,2.17898588419,1.37706313422
2.31457051509,2.14822966007,1.37297087727
2.31457051509,2.16043872763,0.911264369506
2.31457051509,2.15746228661,1.81607509162
2.31457051509,2.18263945162,1.81960905489
2.31457051509,2.18448400866,1.82097973844
2.31457051509,2.21026179079,1.75796815626
2.31457051509,2.20908410933,1.79302523047
2.31457051509,2.21547149402,1.82034684675
2.31457051509,2.19865526178,0.814141834298
2.31457051509,2.18752351608,0.843638377865
2.31457051509,2.19774080619,0.843638377865
2.31513040353,2.21286317139,1.81943445429
2.31513040353,2.21795934703,1.80537233762
2.31513040353,2.23982187193,1.8277468975
2.31513040353,2.23578238048,1.69510052423
2.31539025847,2.22806570793,1.82615917226
2.31539025847,2.2311481539,1.82615917226
2.31539025847,2.22139960365,1.82615917226
2.31539025847,2.21430636345,1.68255974826
2.31539025847,2.19896660153,1.68255974826
2.31551223039,2.21384719189,1.83011073491
2.31551223039,2.21834471443,1.81955915569
2.31590815505,2.21892881496,1.81955915569
2.31590815505,2.2041866396,1.81955915569
2.31590815505,2.20182390912,1.8295741628
2.31590815505,2.22278076873,1.8295741628
2.31590815505,2.22259873574,1.81949096458
2.31590815505,2.23085452337,1.96197410272
2.31590815505,2.2150453804,0.607280055471
2.31590815505,2.22633091087,1.86186735854
2.31590815505,2.21505877094,1.86763063681
2.3159427047,2.22965556857,1.86791300778
2.31675726302,2.24012229,1.87987380478
2.31675726302,2.24112860106,1.36045043934
2.31675726302,2.23370826067,1.36045043934
2.31675726302,2.24376582947,1.67960146856
2.31675726302,2.2301435815,1.41294947599
2.31675726302,2.24784734243,1.9370139381
2.31694235397,2.24790477949,1.9370139381
2.31694235397,2.255265972,1.94056375484
2.3171572019,2.25498715328,1.87896330446
2.3171572019,2.25644652971,1.87955763376
2.3171572019,2.2461614895,1.84068635882
2.3171572019,2.23368706998,1.37996561942
2.31717712944,2.24012211494,1.88017620198
2.31717712944,2.24534375167,1.98864538042
2.31778077503,2.22078690568,1.3765560067
2.31778077503,2.24312272888,1.88017620198
2.31778077503,2.24633768644,1.87283673372
2.31796568293,2.23034375913,1.878831293
2.31796568293,2.24400873684,1.87984894819
2.31796568293,2.23157082171,1.87984894819
2.31796568293,2.21391698825,1.87607864604
2.31846789282,2.22261896003,1.87607864604
2.31846789282,2.23559452907,1.97069718503
2.31846789282,2.23168520586,1.98885097934
2.31846789282,2.24705867184,1.98755748705
2.31857857204,2.24706944028,1.97001930204
2.31857857204,2.24501243914,1.72701490673
2.31857857204,2.23806064116,1.7263725862
2.31857857204,2.22784772444,1.7263725862
2.31857857204,2.24476990009,1.72462909897
2.31892329068,2.24484389143,1.72566245627
2.31892329068,2.25021728623,1.72616182684
2.31892329068,2.25678058348,1.72797600342
2.31910995394,2.24886056945,1.72780784678
2.31910995394,2.23012116587,1.72664078335
2.31892329068,2.22902721936,1.72664078335
2.31892329068,2.21651250257,1.72337355704
2.31967987311,2.22579186965,1.72526376667
2.31967987311,2.24410185516,1.72924313803
2.31967987311,2.23369738894,1.38217669146
2.31967987311,2.21353304336,1.3581692465
2.31974689447,2.21424093013,1.35805941919
2.31974689447,2.22156554534,1.96031101652
2.31974689447,2.23066998528,1.96089744085
2.32069942249,2.22767214066,1.96089744085
2.32069942249,2.22989748856,1.90674539746
2.32069942249,2.23794302774,1.72879065453
2.32069942249,2.23681411709,1.72879065453
2.32069942249,2.22873224764,1.72721215328
2.32069942249,2.22586677364,1.72721215328
2.32069942249,2.22334866907,1.72836967616
2.32140341335,2.22055579939,1.72721215328
2.32276457778,2.22982329706,1.8682392538
2.32276457778,2.24052804041,1.06955459996
2.32276457778,2.25532853992,1.42457821492
2.32276457778,2.26128292132,1.42457821492
2.32276457778,2.26749075521,1.42457821492
2.32276457778,2.2407894566,1.03418203582
2.32282329407,2.27611480455,1.41518398907
2.32282329407,2.27967772108,1.40898228575
2.32282329407,2.26129427763,1.40898228575
2.32292484538,2.26775004074,1.41518398907
2.32292484538,2.27319010264,1.86947251187
2.32354033067,2.27649611236,2.07708250406
2.32354033067,2.26709979475,1.9770323379
2.32354033067,2.26087326886,1.98801596393
2.32354033067,2.26773871927,2.16419730979
2.32359950921,2.26474283668,2.16415080343
2.32359950921,2.25309106266,2.04917969276
2.32359950921,2.25393378213,1.99074543426
2.32368937356,2.24963436206,1.86890734314
2.32368937356,2.22864095375,1.86890734314
2.32386049689,2.2285451785,1.83305304836
2.32386049689,2.23135512114,1.37590040343
2.32386049689,2.23498019808,1.68307835311
2.32386049689,2.24177109534,1.68307835311
2.32386049689,2.24388661332,1.37898139366
2.32399693256,2.24747577289,1.377948783
2.32406880931,2.23161100046,1.37644707381
2.32404821764,2.22390333323,1.87053302173
2.32406843064,2.22409673885,1.87135969609
2.32406880931,2.2176207306,1.80471877558
2.32515408429,2.22443193187,1.77116877554
2.32515408429,2.21682408039,1.77021406631
2.32515408429,2.23173362316,1.94715980428
2.32515408429,2.23315861118,1.94715980428
2.32515408429,2.23855141256,1.98901339296
2.32515408429,2.23682271104,1.05775107748
2.32521045052,2.25139014874,1.88687998143
2.32521045052,2.25078812842,1.77947918207
2.32521045052,2.24904573152,1.8819557053
2.32521045052,2.24987008302,1.85665377074
2.3252474316,2.25285093656,1.71739333083
2.3252474316,2.25090773826,1.85665377074
2.32529753816,2.23474399705,1.85587705101
2.32608206461,2.2393563305,1.71275162487
2.32608206461,2.24800548666,1.85510566559
2.32608206461,2.25063129987,1.86409227613
2.32641411167,2.24038378368,1.85946693813
2.32641411167,2.24496804312,1.68369989217
2.32646654775,2.25776041056,1.68369989217
2.32646654775,2.25093471536,1.68369989217
2.32646654775,2.26009318431,1.45350331853
2.32646654775,2.25470869698,1.68323226849
2.32646654775,2.25409874428,1.71703681475
2.32646654775,2.24537013121,1.94187345196
2.32646654775,2.24111117673,1.38074039544
2.32646654775,2.25053846972,1.90445486069
2.32646654775,2.25989171682,2.04358928839
2.32646654775,2.25897861984,1.66313253598
2.32678636104,2.25955439559,1.82738642268
2.32678636104,2.25645539259,1.82212031603
2.32678636104,2.2462692469,1.82277488426
2.32678636104,2.249899106,1.88424319333
2.32678636104,2.25021968223,1.88404686007
2.32678636104,2.25000103425,1.98931431793
2.32678636104,2.23782836039,1.98797973892
2.3268311692,2.24283409908,1.87455692346
2.32708568098,2.23668458979,1.98910800975
2.32708568098,2.2475152742,1.99591899281
2.3268311692,2.22538628318,1.96947917142
2.32697801765,2.22466293241,1.98667742763
2.32697801765,2.24827147153,1.87678233858
2.32697801765,2.25094897655,1.98667742763
2.32708073148,2.23964319176,0.755342336393
2.32708073148,2.26122401892,1.73451806484
2.32742494985,2.27134108394,1.73451806484
2.32742494985,2.26645289715,1.99628746242
2.32742494985,2.27466510042,1.99698112689
2.32742494985,2.28346420567,1.99520329774
2.32742494985,2.28834387383,1.99698112689
2.32742494985,2.28127958371,1.88430749827
2.32742494985,2.28792750707,1.99389774163
2.32742494985,2.28057067773,1.98868103888
2.32742494985,2.26246176631,1.8823937858
2.32742494985,2.26397263184,1.8823937858
2.32753721385,2.27062674741,1.88315422382
2.32753721385,2.28185486937,1.99388278687
2.32753721385,2.27043578854,1.99059870595
2.32753721385,2.24224683694,1.37475304156
2.32767012705,2.25899651603,1.38321593224
2.32767012705,2.24812206337,1.37255812876
2.32767012705,2.22860280405,1.37255812876
2.32767012705,2.22431837275,1.37209538825
2.32782298035,2.24748924285,1.37185680771
2.32782298035,2.25935224099,1.37422923814
2.32782298035,2.26565190684,1.37422923814
2.32782298035,2.28561359692,2.07316263104
2.32830516028,2.2827865132,1.94786782489
2.32830516028,2.27264066864,1.83589702533
2.32830516028,2.25017105595,1.83433741943
2.32830516028,2.25478404655,1.86688992074
2.32859007003,2.23449873946,1.73830044537
2.32859007003,2.23121293787,1.73477576975
2.32859007003,2.24387078082,1.89466138296
2.32859007003,2.25970836006,1.89466138296
2.32859007003,2.24567190814,1.89346448684
2.32859007003,2.25484695061,1.66533111303
2.32861771341,2.22828828352,1.38390018553
2.32864029714,2.25020609546,1.38390018553
2.32864254181,2.27344490249,1.7209569577
2.32864254181,2.268669911,1.72461816252
2.32864254181,2.27643443861,1.72616053912
2.32870498872,2.27065842555,1.37419217344
2.32870498872,2.26732795043,2.00366333882
2.32870498872,2.25950209617,2.00429360708
2.32870498872,2.23956678314,1.84320133861
2.32870498872,2.23114726641,1.84320133861
2.32877971816,2.22276248453,1.84320133861
2.32877971816,2.21625639305,0.58983211934
2.32877971816,2.20647698908,0.58983211934
2.32882296674,2.24498425404,0.729136836892
2.32943127151,2.24451461901,0.554042345499
2.32943127151,2.24553419327,1.35445407891
2.32943127151,2.25206650434,1.95385440161
2.32943127151,2.25549295835,1.98752346885
2.32943127151,2.25497710152,1.95050327583
2.32988782002,2.25474196936,1.87178999581
2.32988782002,2.24367833013,1.87239321466
2.32988782002,2.25816166781,1.98505774038
2.33021055951,2.26970065404,1.87341285594
2.33021055951,2.24476040572,1.74046867242
2.32988782002,2.22988084487,0.652764849658
2.32988782002,2.25144738203,1.87114632982
2.32995206836,2.2832181974,2.00246855027
2.32995206836,2.27946942605,1.88843723962
2.33015286508,2.28322688731,2.09341793544
2.33020687621,2.26711357514,2.08528010178
2.33020687621,2.25908690681,1.38474532153
2.33020687621,2.26208291139,1.87013551204
2.33020687621,2.24840456351,1.87014427292
2.33020687621,2.24418713347,1.72677351193
2.33020687621,2.20601516356,1.72677351193
2.33020687621,2.22549712282,1.72995146762
2.33020687621,2.22909580005,1.72913161303
2.33042202959,2.24891237231,1.88410684029
2.33047430083,2.2449666093,1.88410601177
2.33042202959,2.23990886239,1.9975875212
2.33047430083,2.23702345853,1.99760739977
2.33047430083,2.25756480699,1.99426769174
2.33067320621,2.24467798534,1.98836184675
2.33067320621,2.25339422023,1.88789060915
2.33067320621,2.2307247454,1.25785642032
2.33067320621,2.23351881275,1.25785642032
2.33067320621,2.24022002183,1.25507990367
2.33067320621,2.26860909569,1.88928406638
2.33067320621,2.27190741605,2.00400934121
2.33067320621,2.27793809661,2.0899871475
2.33075605099,2.2778603398,2.0899871475
2.33075605099,2.26663330354,2.08982450121
2.33075605099,2.25258662554,1.38331684638
2.33075605099,2.27566285965,1.96732801723
2.33090403208,2.26393375592,1.96732801723
2.33090403208,2.26250104865,1.89021352689
2.33090403208,2.2483422631,1.83971702051
2.33090403208,2.2477990587,1.30375947452
2.33090403208,2.24397920144,1.30033131343
2.33090403208,2.25472826232,1.30410919291
2.33090403208,2.24771304209,1.95830576638
2.33090403208,2.25316518957,1.92425715859
2.33090403208,2.26316819476,1.98201902044
2.33090403208,2.26657721295,1.84727476926
2.33090403208,2.25825396687,0.620273682971
2.33096097211,2.27200920356,1.74128502617
2.33096097211,2.25374203171,0.858404947491
2.33096097211,2.24649437818,0.858404947491
2.33148183825,2.27062805806,1.96055326861
2.33410915583,2.25175353611,1.96055326861
2.33410915583,2.25977824433,1.9616248907
2.33410915583,2.24301351238,1.8936839124
2.33410915583,2.24990934505,1.9615070882
2.33410915583,2.25947184184,2.0010497366
2.33424659115,2.26110632088,1.89403339951
2.33424659115,2.26631491268,1.98489534218
2.33424659115,2.25355448414,1.98765490197
2.33447832321,2.23569419687,1.38019101578
2.33447832321,2.21773938841,0.756405037395
2.33447832321,2.22397982817,1.38067101327
2.33447832321,2.21989795751,1.37912501579
2.33447832321,2.2284427432,1.37912501579
2.33456042353,2.22475411782,1.37912501579
2.33456042353,2.24754499381,1.37919277575
2.33456042353,2.25392331702,1.38019101578
2.33456042353,2.27783247733,1.38412751697
2.33475173418,2.29698490149,2.08305923762
2.33475173418,2.29732328898,2.07620073293
2.33475173418,2.28174178509,1.37673397186
2.33475173418,2.28561991747,1.3886161591
2.33475173418,2.28045437708,1.3886161591
2.33562529525,2.27708873679,1.37164384523
2.33562529525,2.28748798677,2.0900189139
2.33562529525,2.27945233362,2.08993059146
2.33562529525,2.27969067682,2.00514346726
2.33568033844,2.28357095309,2.00065893233
2.3357463657,2.27783572316,1.96440266026
2.3357463657,2.28482411878,2.01059385072
2.3357463657,2.26942799446,1.23531327496
2.3357463657,2.26688106757,1.23271994549
2.3357463657,2.28764795278,1.89407767789
2.33579407266,2.29047204641,1.98751979262
2.33579407266,2.2926046455,1.72990706489
2.33579407266,2.28538665487,1.72962090878
2.33579407266,2.29425481023,1.73011146432
2.33579407266,2.30055370687,2.00108441207
2.33639010447,2.29476864269,2.00116754129
2.33639010447,2.29902141832,1.99907538862
2.3364442809,2.29063986025,2.00097530407
2.3364442809,2.28093722433,2.00038565452
2.3364442809,2.27375271913,1.99972491282
2.3364442809,2.26849822958,1.88200836458
2.33654953441,2.27670926012,1.88200836458
2.33649446778,2.26673880445,1.81394348763
2.33654953441,2.26971842596,1.92206453735
2.33654953441,2.28890760254,1.92717513501
2.33654953441,2.28571784168,1.99858235898
2.33654953441,2.28903975811,1.99851120925
2.33654953441,2.27972034259,1.99751121101
2.33665655541,2.27312347035,1.99827495324
2.33665655541,2.27828168267,1.99751121101
2.33665655541,2.28284526886,1.99888763012
2.33665655541,2.26663256423,1.99876148694
2.33665655541,2.27921816863,1.99876148694
2.33665655541,2.28742348219,1.99825609096
2.33665655541,2.27007783645,1.99908094005
2.33669584912,2.25487060846,1.75312956343
2.33678949666,2.27608131753,1.96153293899
2.33678949666,2.26445487237,0.715414059161
2.33678949666,2.28273089285,1.98817880731
2.33678949666,2.28077708521,1.9857399969
2.33678949666,2.27291772418,1.40020653368
2.3368647512,2.26732994194,1.40035021492
2.3368647512,2.27181482861,1.40035021492
2.3368647512,2.2810712467,1.74926487332
2.3368647512,2.27569126794,1.74926487332
2.3368647512,2.28854895329,1.74954511746
2.3368647512,2.30038959354,1.74973588949
2.3368647512,2.30114242222,1.75058707989
2.3369839513,2.31139068905,1.89707853289
2.3369839513,2.30165367126,1.89730041947
2.33711155555,2.2955357526,1.75110416424
2.3375702623,2.29471515514,1.75110416424
2.3375702623,2.29187566072,1.75110416424
2.3375702623,2.28551293519,1.75110416424
2.3375702623,2.29176769779,2.08194313045
2.3375702623,2.29931453114,2.08203178272
2.3375702623,2.29394387523,2.08145251097
2.3375702623,2.29682214764,2.01081917771
2.3375702623,2.26980670899,1.78062189175
2.3375702623,2.27754846398,2.01081917771
2.33777253652,2.27409095444,1.94781632459
2.33777253652,2.27057077279,1.83694595983
2.33777253652,2.25996977845,1.791112961
2.33790450614,2.24887833795,1.84296571741
2.33785661851,2.25406211221,1.8366432375
2.33789798818,2.25334259697,1.96205193398
2.33789798818,2.25656724918,1.84384441578
2.33789798818,2.2642687986,2.01462167217
2.33793237257,2.25550724728,1.89191250786
2.33793237257,2.25892205512,1.89136209787
2.33793237257,2.2417653386,1.75032364299
2.33793237257,2.25239897149,1.89510573127
2.33793817521,2.24462434582,1.84226671332
2.33818695434,2.24470775307,1.83828389171
2.33818695434,2.24154943146,1.89541420657
2.33915693919,2.25399292357,1.73395015817
2.33915693919,2.23799069702,1.8147406565
2.33915693919,2.22461590738,1.74526451283
2.33915693919,2.24477963322,1.97318337949
2.33915693919,2.24904060133,1.89518090158
2.33915693919,2.2468540615,1.98168923202
2.33915693919,2.24056308911,1.98168428243
2.33938314843,2.24176080252,1.96762050477
2.33938314843,2.23029129733,1.89754689351
2.33938314843,2.2209941338,1.34518772594
2.33938314843,2.19399173637,1.34518772594
2.33938314843,2.18438645066,1.34518772594
2.33938314843,2.2185071015,1.3436276539
2.33938314843,2.21482018856,1.36386610795
2.33938314843,2.23069787,1.74711053405
2.33938314843,2.22748138471,1.89971411251
2.33992942176,2.22120232125,1.97507077486
2.34013412147,2.19546201553,1.37787895304
2.34013412147,2.20902494486,1.97768925919
2.34013412147,2.22764327162,1.86896219091
2.34013412147,2.21120833477,1.90261264633
2.34013412147,2.2067089446,1.8664595024
2.34013412147,2.20028812659,0.651992545126
2.34013412147,2.22665054967,0.667781974668
2.34017630602,2.20849801581,0.627141667047
2.34017630602,2.21683237325,0.632571454899
2.34023938562,2.25004169949,1.87209937768
2.34023938562,2.24716972308,1.87209937768
2.34023938562,2.22918217329,1.87209937768
2.34023938562,2.22769984889,1.85730242249
2.34023938562,2.27259536836,1.86712576765
2.34061997899,2.27742853149,1.90263426034
2.34061997899,2.27507428651,1.90244899523
2.34061997899,2.2543282996,1.81922231208
2.34061997899,2.25849851517,1.89941715666
2.34061997899,2.24460752493,1.89885661774
2.34061997899,2.23479023505,1.8444676265
2.34061997899,2.2384052433,1.84485936745
2.34061997899,2.24101168445,1.84485936745
2.34061997899,2.24961221957,1.90313791217
2.34061997899,2.23506688324,1.88154466225
2.34061997899,2.21771321905,1.26743219744
2.34061997899,2.22238644748,1.26710426334
2.34061997899,2.23725148073,1.3970300335
2.34061997899,2.19341298376,1.39682671296
2.34061997899,2.18219373382,1.3951380688
2.34071142157,2.20502255615,1.39591179974
2.34071142157,2.18180771749,1.39379234911
2.34071142157,2.21511202932,1.39480527861
2.34082077336,2.23171029079,1.7566270737
2.34082077336,2.22736716787,1.7566270737
2.34082077336,2.24271239852,1.89992181462
2.34082077336,2.21283688323,1.85658114495
2.34082077336,2.20227344456,1.38904845258
2.34082077336,2.22848901497,1.3889816384
2.34082077336,2.2350799551,1.37754965985
2.34082077336,2.2520675333,1.66484994391
2.34086846816,2.25751396227,1.66484994391
2.34086846816,2.25777521716,1.66059361372
2.34086846816,2.25677675277,1.65631062976
2.34086846816,2.26230292856,1.66577435102
2.34086846816,2.25975764993,1.66534473632
2.3408945131,2.27618885158,1.66889423124
2.3408945131,2.27616562771,1.90175509267
2.3408945131,2.27568544834,1.90112209605
2.34099923113,2.26981879462,1.89927864308
2.34099923113,2.27375190056,1.90090301463
2.34099923113,2.27290931978,1.36079296436
2.34099923113,2.27964816041,1.90018370542
2.34099923113,2.2773619992,1.76186897953
2.34099923113,2.30094162375,1.83612278374
2.34099923113,2.29210220576,1.83612278374
2.34119598208,2.27237049714,1.81101135674
2.34119598208,2.28064690486,1.83660734876
2.34119598208,2.27880501456,1.83660734876
2.34119598208,2.25085442003,1.39714299589
2.34119598208,2.2539463125,1.39714299589
2.34119598208,2.23107099185,1.39776940321
2.34119598208,2.25248615276,1.73309669112
2.34119937427,2.28684239227,1.73210446927
2.34119937427,2.27909380983,1.83766505187
2.34119937427,2.27455050474,1.83766505187
2.34119937427,2.26288608525,1.75053140957
2.34119937427,2.23112693299,1.75053140957
2.34152139347,2.21878164545,1.75070925633
2.34152139347,2.24186601962,1.75053140957
2.34152139347,2.24676363298,1.75084271155
2.34152139347,2.23857266,1.75161749086
2.34152139347,2.22859520425,1.75161749086
2.34152139347,2.22100028521,1.75013861347
2.34152139347,2.20710746136,1.75161749086
2.34152139347,2.2082366461,1.75263272027
2.34152139347,2.20108140301,1.75263272027
2.34154872135,2.21755979335,1.75180421952
2.34154872135,2.2128195842,1.75180421952
2.34154872135,2.19043540365,0.953404231226
2.34154872135,2.20694381677,1.75143308547
2.34154872135,2.23971138552,1.74982144641
2.34154872135,2.25051112842,1.75119465715
2.34154872135,2.23860169734,1.75119465715
2.34154872135,2.26346113141,1.75160160623
2.34154872135,2.26364016626,1.83429141941
2.34154872135,2.25979677417,1.83129391614
2.34164233383,2.2470723593,1.83523303009
2.34164233383,2.24854790054,1.83079503382
2.34164233383,2.26944890175,1.84029105982
2.34164233383,2.28222866601,1.84029105982
2.34164233383,2.29035762181,2.10266811901
2.34164233383,2.28347773943,2.0091270582
2.34164233383,2.2859583442,2.00073987132
2.34164233383,2.28843180377,1.86395144853
2.34164233383,2.28493991004,1.86395144853
2.34164233383,2.29413307796,1.39857764752
2.34164233383,2.3088280901,2.18413908294
2.34168275831,2.30900651623,2.088780905
2.34168275831,2.29944605074,2.0132106555
2.34174078313,2.29702157981,1.36368260623
2.34174078313,2.30596370885,2.0970951497
2.34174078313,2.30130834631,2.00070152047
2.34174078313,2.28327615398,1.74531083819
2.34174078313,2.29702557834,1.89794541372
2.34174078313,2.29545424877,1.89784834614
2.34174078313,2.29451792417,1.89794541372
2.34174078313,2.28881992754,1.75642579876
2.34193227101,2.27691404809,1.75592363612
2.34193227101,2.289310933,1.75642579876
2.34193227101,2.28635054656,2.01114685026
2.34193227101,2.26718831933,1.90216974043
2.34193227101,2.26584093732,1.90145039147
2.34193227101,2.2728592381,1.37566397752
2.34193227101,2.26632486214,1.90149342737
2.34193227101,2.26684790068,2.01639021695
2.34193227101,2.27493474314,2.01356980605
2.34193227101,2.28379763942,2.01353783995
2.34193227101,2.27923845802,2.01428624467
2.34193227101,2.27122537498,1.39806026701
2.34193227101,2.26140408817,1.89326145733
2.34193227101,2.23752897955,1.89667318651
2.3421657555,2.23676625441,1.8744853447
2.3421657555,2.22994519757,1.89667318651
2.3421657555,2.23392752953,1.39894048084
2.3421657555,2.24737049038,1.89832046798
2.3421657555,2.24957318772,1.89398517446
2.3421657555,2.26044923845,1.89398517446
2.3421657555,2.25519408424,1.73435969127
2.34235183525,2.26264205042,1.89408559239
2.34235183525,2.26537469414,1.89421495632
2.34235183525,2.25923887798,1.89421495632
2.34235183525,2.25382155763,1.89398517446
2.34251422872,2.26595187548,1.89421495632
2.34251422872,2.23425488072,1.38893550104
2.34251422872,2.22295280128,1.89843451893
2.34251422872,2.2343218803,1.38731738646
2.34251422872,2.25807441376,1.89679332708
2.34251422872,2.26797023879,2.01476917846
2.34251422872,2.24414013629,2.01468886191
2.34251422872,2.25138740235,1.75132192766
2.34251422872,2.26909844284,2.00696742144
2.34251422872,2.2718421617,1.9585669708
2.34251422872,2.28511516176,2.01194927708
2.34251422872,2.27594362914,1.89658390753
2.34251422872,2.28555258287,2.01461263945
2.34251422872,2.28208777751,2.01439478152
2.3426478548,2.28294437179,2.01539526352
2.3426478548,2.28164558766,2.01521158205
2.3427239384,2.28520069197,1.74658688869
2.3427239384,2.28353713622,1.88701447988
2.3427239384,2.28951394343,1.90445051358
2.3427239384,2.27964898428,1.99492817315
2.3427239384,2.26977334839,0.959466888329
2.3429284846,2.2513192136,0.945285904287
2.3429284846,2.23945582734,0.951498120798
2.3429284846,2.24490170533,0.949884380857
2.3429284846,2.24323273954,0.956161070073
2.3429284846,2.24909521141,0.959466888329
2.3429284846,2.2526548955,0.955907877035
2.3429284846,2.24771489151,0.958191314466
2.3429284846,2.25773180813,0.598807867835
2.34296830823,2.28330969628,0.587443823462
2.34296830823,2.30144204247,2.01622463044
2.34296830823,2.28974903637,2.015446091
2.34296830823,2.27630063468,1.05056069408
2.34296830823,2.28488766218,1.36443176329
2.34349618536,2.28993230988,1.04961843753
2.34349618536,2.29799545174,1.95435794676
2.34349618536,2.28331124366,1.75146615842
2.34349618536,2.2683732089,1.75450743219
2.34349618536,2.26832353633,1.75507342882
2.34349618536,2.26885519983,1.75359074253
2.34349618536,2.27921835526,1.75450743219
2.34349618536,2.28137105316,1.75450743219
2.34349618536,2.28325523497,1.75450743219
2.34349618536,2.26331604379,1.75450743219
2.34349618536,2.25081122166,1.75450743219
2.34349618536,2.24811452872,1.75817215822
2.34349618536,2.24251199118,1.39921870242
2.34349618536,2.22922976182,1.75383287338
2.34349618536,2.25687921923,1.75420288375
2.34349618536,2.27645520052,1.75210483496
2.34349618536,2.27580686354,1.75154417421
2.34349618536,2.26010230961,1.75154417421
2.34349618536,2.27373905715,2.00562783839
2.34349618536,2.27218901748,2.01189284172
2.34358233254,2.27245008995,1.75744848828
2.34358233254,2.27257538997,1.75744848828
2.34358233254,2.26253480843,1.75666839808
2.34358233254,2.26187145775,1.75685730549
2.34358233254,2.26673610359,1.75685730549
2.34358233254,2.28625280212,1.75623078476
2.34362465567,2.27115663474,1.75623078476
2.34362465567,2.2868487449,1.75584052571
2.34362465567,2.30242682029,1.75705501802
2.34364178543,2.30495007751,1.88714340418
2.34364178543,2.30373573659,2.09092175649
2.34364178543,2.3016212873,2.10217006397
2.34364178543,2.31253272643,2.10217006397
2.34364178543,2.31094085532,2.10217006397
2.34364178543,2.31283448844,2.00455099899
2.34380578057,2.30910523208,2.00455099899
2.34380578057,2.30977992569,1.99463968869
2.34380578057,2.3132814943,2.109851387
2.34380578057,2.30871641793,1.64821451119
2.34380578057,2.31365197428,1.97416423197
2.34380578057,2.30139039153,1.75274657176
2.34380578057,2.30198559244,1.89965133009
2.34380578057,2.29928947567,1.75310013242
2.34380578057,2.28812991825,1.75274657176
2.34401216061,2.26788877034,1.79812731199
2.34401689943,2.2716794718,0.497168426378
2.34401689943,2.29118005803,1.37535077104
2.34401689943,2.28698001358,1.35113714607
2.34401689943,2.25783967706,1.35113714607
2.34401689943,2.24206467389,1.31348762043
2.34404419109,2.2385013002,1.31348762043
2.34404419109,2.23384015507,1.0337999448
2.34404419109,2.24679937922,0.951681352708
2.34404419109,2.25923015795,1.0337999448
2.34404419109,2.24548970792,0.985047691682
2.34404419109,2.2275892267,1.02924671665
2.34404419109,2.23085077511,1.02924671665
2.34404419109,2.2406695765,1.02263455146
2.34404419109,2.22833925987,1.01672018493
2.34418085968,2.24652296485,1.02141282764
2.34418085968,2.26299983664,1.37691974849
2.34418085968,2.27323266582,1.38409842584
2.34418085968,2.28174371896,1.89840433726
2.34421011718,2.28708390711,2.09170775809
2.34421011718,2.28651682936,2.08727418864
2.34430578995,2.28565315177,2.09021625294
2.34446147433,2.29007160694,2.08443564936
2.34446147433,2.29970316048,1.89871243878
2.34446147433,2.29080263105,1.89854445517
2.34446147433,2.29877294741,1.83090374214
2.34446147433,2.29549679224,1.8317124319
2.34446147433,2.30184238281,1.82761388433
2.34455052194,2.30051495407,1.82761388433
2.34455052194,2.28495290934,1.37904615761
2.34455052194,2.29996879541,1.83229354137
2.34455052194,2.29831217707,1.83422476629
2.34455052194,2.29264494809,1.89079898201
2.34455052194,2.29252446068,1.75889302246
2.34455238935,2.29481143509,1.84715839842
2.34455238935,2.30592669155,1.88901970196
2.34455238935,2.3033626037,1.97058231694
2.34455238935,2.30573677849,1.99982324465
2.34457707172,2.29818090149,1.89554120531
2.34457707172,2.28476957292,1.97091263436
2.34490948105,2.27228425105,1.97091263436
2.34490948105,2.27195567795,1.90789566114
2.34490948105,2.2722517422,1.79584518174
2.34490948105,2.25022097498,1.68262883466
2.34494431688,2.27653573342,1.97323407088
2.34497321228,2.27749523248,1.97323407088
2.34497321228,2.28031702062,1.97011577978
2.34497321228,2.26646020901,1.97091263436
2.34497321228,2.27866945267,1.97022395209
2.34497321228,2.27703126229,1.97091263436
2.34497321228,2.25044974292,1.87172081645
2.34497321228,2.24295680858,1.97091263436
2.34497321228,2.25497978086,1.97091263436
2.34497321228,2.25809994731,1.97022395209
2.34497321228,2.25324333676,1.90548253499
2.34497321228,2.26091336552,1.97022395209
2.34497321228,2.2566249128,1.90761690008
2.34497321228,2.26532183851,1.9068356771
2.34497321228,2.2493313615,1.90586032393
2.34497321228,2.24044185851,0.994528692836
2.34498308081,2.23584548123,0.98975258361
2.34498308081,2.22663151176,1.68906856335
2.3451086749,2.22927316873,1.76107687736
2.34498308081,2.24162030453,1.82462906612
2.34498308081,2.24035817898,1.82462906612
2.34528878754,2.2630253445,1.90705857414
2.34528878754,2.26101441832,1.9068356771
2.34528878754,2.24888918198,1.76107687736
2.34528878754,2.2556166965,1.76107687736
2.34528878754,2.26011976357,1.76107687736
2.34528878754,2.26739354481,1.76107687736
2.34528878754,2.27156136943,1.97514429565
2.34528878754,2.27739968181,1.97709311607
2.34528878754,2.27426500926,1.97945593603
2.34528878754,2.25833944663,1.3955281024
2.34528878754,2.24285782718,1.97398360011
2.34528878754,2.24554899463,1.96859670303
2.34528878754,2.2424329824,1.96859670303
2.34528878754,2.23542189533,1.87676899194
2.34635151049,2.26063700611,1.97924684481
2.34635151049,2.26760024375,1.97924684481
2.34635151049,2.29071749399,2.07774525001
2.34635151049,2.29699686381,2.07966761142
2.34635151049,2.284465218,2.07932488619
2.34635151049,2.26546167868,0.853246012366
2.34647984991,2.26306445685,0.827914107192
2.34647984991,2.27049437244,1.63101059059
2.34647984991,2.28116980797,2.08634597349
2.34647984991,2.28778404457,1.95914559831
2.34647984991,2.2737594051,1.90755697456
2.34647984991,2.26703282941,1.90700292093
2.34647984991,2.27036690035,1.90774678447
2.34657750033,2.26867731151,1.90093644595
2.34657750033,2.26874814244,1.90236144782
2.34657750033,2.26480786368,1.89911657859
2.34657750033,2.24846296501,1.89978594482
2.34657750033,2.2470996346,1.9036780329
2.34657750033,2.26125090235,1.97118108795
2.34667793268,2.26534498564,1.75739238556
2.34667793268,2.25575424452,1.75739238556
2.34667793268,2.27190825716,1.99374874633
2.34667793268,2.27185528073,1.99374874633
2.34667793268,2.26273009867,1.88399889803
2.34667793268,2.26580892693,1.89187121118
2.34667793268,2.27237617417,1.89187121118
2.34667793268,2.28015768544,1.89145591815
2.34667793268,2.26462261812,1.36247473559
2.34667793268,2.23961129817,0.769430028415
2.34667793268,2.27078846413,1.89187121118
2.34713613622,2.27112099757,1.83734116135
2.34713613622,2.27350936368,1.89187121118
2.34713613622,2.2664778983,1.89187121118
2.34713613622,2.24688322867,1.89145591815
2.34713613622,2.26367671269,1.80288757251
2.34713613622,2.26179531342,1.83606323728
2.34713613622,2.27609100705,1.91915664994
2.34713613622,2.26047091672,1.80005876089
2.34713613622,2.27631088703,1.89421839565
2.34713613622,2.28310695395,1.90338612263
2.34713613622,2.28510848925,1.90269577817
2.34713613622,2.28336463672,1.75459457321
2.34713613622,2.29950975665,1.75551145795
2.34724843575,2.29747185696,2.02043118261
2.34724843575,2.29738528788,2.02116537414
2.34724843575,2.29273295776,2.02002729646
2.34724843575,2.29066502654,2.01857079151
2.34725540541,2.28888717629,1.9028865218
2.34725540541,2.29775341724,1.90219386461
2.34732101099,2.29356961152,1.9028865218
2.34732101099,2.27805347224,1.75679946188
2.34732101099,2.28178822986,0.790630992377
2.34732101099,2.27052618198,0.792265674651
2.34742924242,2.27441952047,1.90609528532
2.34742924242,2.25246853713,1.3994761498
2.34742924242,2.24096961299,1.87448971502
2.34748101451,2.25279907647,1.86854618137
2.34748101451,2.26253836507,1.87448971502
2.34748101451,2.24565657523,1.86644202138
2.34748101451,2.23100000435,1.39942387272
2.34748101451,2.2537578238,1.39778834034
2.34748101451,2.24517804724,1.04292757569
2.34748101451,2.28369455339,2.0136634703
2.34748101451,2.28062165905,1.89928943872
2.34748101451,2.27664124534,1.97018653086
2.34748101451,2.26730940386,1.96852334847
2.34748101451,2.28806111008,1.96852334847
2.34748101451,2.29816083039,1.96852334847
2.34751178181,2.29368253471,1.39823318545
2.34784624668,2.29719179354,1.61545199313
2.34784624668,2.28303064154,1.61545199313
2.34784624668,2.27720163553,1.59263221241
2.34784624668,2.2681746433,1.40625471901
2.34784624668,2.27696728075,1.40628809671
2.34784624668,2.26733535101,1.75832145057
2.34809917036,2.26046338087,1.7589807199
2.34809917036,2.25114293314,1.75584298084
2.34809917036,2.25285035301,1.7585730941
2.34809917036,2.25752077201,1.7585730941
2.34809917036,2.27298863469,1.75873740489
2.34809917036,2.27928513625,1.89986325387
2.34809917036,2.26932697263,1.75903055753
2.34809917036,2.2733433301,1.75873740489
2.34809917036,2.27146315861,1.39632699632
2.34809917036,2.27409394748,1.75934245682
2.34809917036,2.27285185271,1.75934245682
2.34809917036,2.25636695398,0.827991055062
2.34809917036,2.2480148251,0.814056135708
2.34809917036,2.26506041692,0.814056135708
2.34809917036,2.26670281682,0.827991055062
2.34809917036,2.29113688882,2.01356057464
2.34809917036,2.27207313915,1.27444211534
2.34809917036,2.30173905203,2.0154420454
2.34809917036,2.30335594464,2.00866919455
2.34809917036,2.29452745985,2.00968829714
2.34809917036,2.2927198058,1.99703078749
2.34809917036,2.29488860162,1.99703078749
2.34809917036,2.29384357309,1.90119800393
2.34809917036,2.28589694138,1.90119800393
2.34809917036,2.29032259187,1.88805098649
2.34809917036,2.28571978824,2.00994152256
2.34809917036,2.2792906862,1.75928270638
2.34809917036,2.26834256404,1.39926255448
2.34809917036,2.29077732243,1.89640159661
2.34809917036,2.28551820414,1.99753951788
2.34817512488,2.27634645078,1.89820733111
2.34825142684,2.28080344751,2.09193904218
2.34825142684,2.29124965374,2.09428322653
2.34825142684,2.2868519398,1.89892088238
2.34825142684,2.26881436987,1.89892088238
2.34825142684,2.29073860963,2.09090434544
