best,average,worse
1.96150394684,0.558119785119,0.0410269946631
1.96150394684,0.699680287338,0.0900746073027
1.96150394684,0.801362151264,0.0172465068582
1.99364721336,0.957778187244,0.0800483052522
2.15891023027,1.14168292212,0.114643578159
2.15891023027,1.26817538394,0.0799936616542
2.15891023027,1.51189083155,0.260319981373
2.17204758983,1.56394033405,0.0
2.17204758983,1.58237052886,0.0
2.17204758983,1.58249296292,0.0
2.17204758983,1.64434933414,0.0
2.17204758983,1.56016573905,0.0
2.17204758983,1.64806455779,0.0
2.17320262992,1.67264491907,0.193358802459
2.17320262992,1.72059393098,0.502555000396
2.17690635392,1.59344117789,0.397014303687
2.17690635392,1.66827280932,0.474522638201
2.17690635392,1.64608681424,0.643502027698
2.17690635392,1.59226956716,0.667614489874
2.17690635392,1.58054625971,0.0
2.17697877425,1.67095901577,0.49540897486
2.17690635392,1.60346347051,0.676371225054
2.18039229631,1.61777502485,0.478890896275
2.19517648129,1.68951502329,0.538359109251
2.19517648129,1.79653975031,0.667182175664
2.19517648129,1.75375307446,0.468263896874
2.19517648129,1.78666916492,0.667114055764
2.19517648129,1.8734105389,0.668584657663
2.19517648129,1.98017415437,0.691290121434
2.19517648129,1.91794047891,0.691290121434
2.19582622443,2.00096383406,0.692196480538
2.19599833754,2.03238017536,0.70067441402
2.2014008661,2.03101947191,0.696845389726
2.20606733307,2.0469296137,1.35460169308
2.20606733307,2.05432753234,0.862358944083
2.20615421641,2.06840407792,1.70125053498
2.20615421641,2.06953070992,1.75222616925
2.23484783155,2.09362765766,1.74702293223
2.23484783155,2.10227987408,1.76194316432
2.23484783155,2.10953144095,1.6407396719
2.23484783155,2.11466012812,1.79001247421
2.23577358626,2.1231420726,1.78935495918
2.26961864716,2.12444054009,1.28234641347
2.27614491058,2.14497890947,1.67566967978
2.27614491058,2.15229559419,1.7503122366
2.27657652816,2.14736295149,1.7503122366
2.27657652816,2.1576879756,1.76817354613
2.28003520399,2.15228012769,1.791309234
2.28003520399,2.16301567232,1.89295104458
2.28003520399,2.16763392186,1.89590845486
2.28003520399,2.18012219578,1.89794321607
2.28058524165,2.18814434697,1.90232677106
2.28058524165,2.20057415243,2.04184014142
2.3535183405,2.21167135883,2.04810066169
2.3535183405,2.21061367469,1.92520874249
2.34995966003,2.21392158616,1.93049232537
2.34995966003,2.21779501541,1.92520874249
2.34995966003,2.22106383985,1.91176806204
2.34995966003,2.21714280284,1.90815804333
2.34995966003,2.21834249354,2.04184014142
2.35259527008,2.22565256656,2.09595270286
2.3535183405,2.22251508556,1.99656199202
2.3535183405,2.21968513003,1.98088839192
2.3535183405,2.22540690028,2.00782602858
2.35887992212,2.21807775357,1.99722970597
2.35887992212,2.21622893741,1.96387487206
2.35887992212,2.22526565388,1.94227195128
2.35887992212,2.22096718183,1.85271535939
2.35887992212,2.22554373509,1.86797298203
2.35887992212,2.23932478891,2.01094161661
2.35887992212,2.2482247761,1.89368999
2.35887992212,2.25603490023,2.00506012418
2.35953370212,2.26609446789,2.00506012418
2.35953370212,2.26936227535,2.05690947416
2.35953370212,2.27627319164,2.13030028339
2.36019489985,2.27292213587,2.12753671051
2.36019489985,2.24702548468,0.694507813066
2.36019489985,2.24467089002,0.683371713241
2.36135450364,2.27592758534,2.12281507462
2.36135450364,2.2699123417,1.94538694355
2.36135450364,2.26078534541,1.22174179102
2.36135450364,2.25891844703,1.22174179102
2.36150609601,2.27034182439,2.05190635817
2.36150609601,2.27158286432,2.12446454911
2.36271472763,2.27149710784,1.72111204996
2.36271472763,2.28070057615,1.71856091734
2.36271472763,2.28185156484,2.05869271808
2.36271472763,2.28601270925,2.13295575114
2.36324789123,2.28777385792,2.0580201397
2.36324789123,2.29579302721,2.05457161647
2.36324789123,2.28772179155,2.05457161647
2.36362081332,2.28444515247,1.64370562629
2.36362081332,2.25427258864,1.52064891911
2.36362081332,2.26177896753,1.41915041526
2.36422522964,2.24209641313,1.52518415312
2.36422522964,2.26496917853,1.52337854846
2.36422522964,2.26949683847,0.579528641253
2.36422522964,2.2666086252,0.579528641253
2.36422522964,2.29171305448,2.0451538948
2.36518719993,2.29400486779,2.04165684047
2.36518719993,2.28783524559,2.10193664073
2.36518719993,2.29483875232,2.13604280091
2.36546542563,2.29125152374,2.03237600376
2.36546542563,2.28681926979,1.79262951838
2.36546542563,2.29456675712,1.61302734766
2.36577206958,2.30778873529,2.02262391581
2.36579054854,2.29265546788,1.92483991606
2.36579054854,2.28181265404,1.92483986036
2.36918369412,2.27993968436,1.92483986036
2.36858305036,2.2891592554,1.92483991606
2.36858305036,2.2764973249,1.91491411817
2.36858305036,2.27586595765,2.06256749016
2.36858305036,2.28261257624,2.1422807262
2.36858305036,2.2749346567,1.55784046306
2.36858305036,2.29282582172,1.9955393776
2.36858305036,2.28584882048,1.9955393776
2.36858305036,2.2780073258,2.01175478203
2.36858305036,2.29003497553,2.01175478203
2.36963510044,2.2943645149,2.06418101043
2.36963510044,2.27916080442,1.98246338112
2.37124084089,2.28196271916,1.88118177887
2.37124084089,2.29349678487,1.98780227023
2.37133303247,2.29625889815,1.92779597015
2.37133303247,2.29734730946,2.11093213352
2.37133303247,2.290979036,2.08883809439
2.37325543523,2.30892709917,2.00411206341
2.37363652548,2.31435660455,2.01338093557
2.37363652548,2.30845310081,1.89056961995
2.37363652548,2.30095865688,2.05352752732
2.37363652548,2.29947959423,2.14938226297
2.37363652548,2.29311699654,1.75185539602
2.37363652548,2.2797701249,1.73109228926
2.37363652548,2.25897952388,0.468255145045
2.37411167416,2.28221471571,1.95638114374
2.37411167416,2.28815405826,1.96823998549
2.37443733175,2.29757030849,2.14276610856
2.37443733175,2.29674046582,1.92776476364
2.37443733175,2.30635799401,2.13768116759
2.37443733175,2.30299621308,2.03950644363
2.374491732,2.29751990123,2.03539129765
2.37450908034,2.30688333208,2.12113681919
2.37450908034,2.29882093922,1.95598142091
2.37462552181,2.31351147692,2.03454987489
2.37462552181,2.3171612511,2.12255703272
2.37462552181,2.32003552164,2.11912658101
2.37493834158,2.32207683236,2.04280380693
2.37493834158,2.30360307242,1.97570455385
2.37507428948,2.31570874359,1.97635065131
2.37547202999,2.31370637657,1.75999622709
2.37547202999,2.30859611081,1.75999622709
2.37648236402,2.28171172605,1.64652893047
2.37648236402,2.29381259791,1.97241656999
2.37648236402,2.29861417697,2.11684564124
2.37648236402,2.30184438423,1.84808144286
2.37732435731,2.30366074748,1.92918171479
2.37732435731,2.31148740012,1.92918171479
2.37732435731,2.31064054861,1.59462392385
2.37732435731,2.32601989024,1.84808144286
2.37732435731,2.33067707042,1.84808144286
2.37732435731,2.31409895952,1.84808144286
2.37759763679,2.3056532916,1.84814308286
2.37759763679,2.29168820023,1.84352498283
2.37760402137,2.28931747702,1.84693845357
2.3776041565,2.2997790977,1.84632071019
2.3776041565,2.28807735248,1.84535937785
2.3776041565,2.29400586735,1.59338386049
2.3776041565,2.31793270763,1.86232559494
2.37779382365,2.32988330023,1.86566069894
2.37779382365,2.34487093525,2.14232445679
2.37789539422,2.32595586738,2.04295439479
2.37789539422,2.33336480952,2.14320047675
2.37813949812,2.33843376758,1.96213204383
2.37813949812,2.33300734731,2.11134389118
2.37813949812,2.33449115356,2.11879374571
2.37853836915,2.34313930867,1.94469693096
2.37853836915,2.34681241624,2.14915393891
2.37853836915,2.33292345882,2.11923320844
2.37853836915,2.3109992644,1.78390376084
2.37853836915,2.30163769376,1.86045765952
2.37926951256,2.31108446472,1.85412765003
2.37949116835,2.29917470395,1.85334124021
2.37949116835,2.2922466028,1.84818287537
2.37971058736,2.27996390372,1.72116453576
2.37971058736,2.2924603912,1.85813452675
2.37971058736,2.3083946732,1.90744572881
2.38004887053,2.31400187163,1.74522517602
2.38005393224,2.31656847198,1.74715872896
2.3803588952,2.32249709204,1.74805865984
2.38036393274,2.30163937801,1.50976291568
2.38129427633,2.31610329599,1.90672256261
2.38129427633,2.31470244051,1.75775209255
2.38129427633,2.30912727249,1.90464557594
2.38129427633,2.31451488419,0.45810558311
2.38190312672,2.29576940813,0.45810558311
2.38190312672,2.30467328853,0.743672376703
2.38190312672,2.35613753602,2.10634879773
2.38190312672,2.35299907863,1.9559868887
2.38190312672,2.33964696266,1.9559868887
2.38190312672,2.33516307124,1.9559868887
2.38190312672,2.33159723287,1.9559868887
2.38190312672,2.33068595236,1.62218430098
2.38211226607,2.33905158686,2.04157476401
2.38252129185,2.33670648916,2.12757855107
2.38252129185,2.32426744587,1.50622152864
2.38252129185,2.33611858398,2.15659835504
2.38263623677,2.33091659755,2.06690448659
2.38263623677,2.32606506556,1.90302131532
2.38263623677,2.30475001126,0.857657839134
2.38272837642,2.32512797384,1.37068508159
2.38272837642,2.31681601063,1.33899752168
2.38272837642,2.31129934088,1.33899752168
2.38287107465,2.3118485853,1.52299025567
2.38287107465,2.3290442011,2.14044506512
2.3829353506,2.3218125778,1.60180929559
2.38302365312,2.3189419277,1.45821928151
2.38302365312,2.31416276178,1.38286550773
2.38302386048,2.31767341689,1.83834666848
2.38302386048,2.32107041687,1.70439059325
2.38330463374,2.32495135189,1.96107153706
2.38359550775,2.33450132909,2.04570758145
2.38448882746,2.3300156898,2.14327226546
2.38448882746,2.32941839777,2.0508441548
2.3844888725,2.34927609092,2.11700808243
2.3844888725,2.34325361857,2.11618043566
2.3844888725,2.33915430182,2.08209569267
2.3844888725,2.33610214298,1.88775252767
2.3844888725,2.32198748546,1.88845083499
2.3844888725,2.32728450856,2.11506362516
2.3844888725,2.32694287504,2.03064593161
2.3844888725,2.33445448576,2.11638726289
2.3844888725,2.30862516017,0.248880762466
2.3844888725,2.31203146124,1.90709648121
2.3844888725,2.31892141826,2.01334896343
2.3844888725,2.31869206938,1.9253727452
2.3844888725,2.31638596344,1.9253727452
2.3844888725,2.3071586382,1.92470167977
2.38451652378,2.31527988294,1.92470167977
2.38451652378,2.32050854555,2.05378537911
2.38451652378,2.30128122913,1.26840960823
2.38477257527,2.28614753323,0.244563491129
2.38477257527,2.29430348434,2.03765890083
2.38479141449,2.29160403959,1.93764705729
2.38479141449,2.28702433836,1.79240772525
2.38479141449,2.26976109808,1.29689133687
2.38479146023,2.26777190685,1.30354760484
2.38631157825,2.29247129047,1.8490481408
2.38631157825,2.28834312318,1.84840257671
2.38631157825,2.28866364711,2.05457768055
2.38631157825,2.29874774821,2.05400458606
2.38631157825,2.30825194326,2.05508760242
2.38631157825,2.30323924276,1.62546863207
2.38651459276,2.29053727721,1.75015431774
2.38651459276,2.29977643038,1.75015431774
2.386550477,2.30275661744,1.73138810793
2.386550477,2.30864027414,2.05703461735
2.386550477,2.31277010986,2.03926563306
2.386550477,2.29735391007,2.03926563306
2.386550477,2.29066787232,2.04886572998
2.386550477,2.29474991049,2.05677991397
2.38662733795,2.29885872579,2.09049112073
2.38662733795,2.29375173936,2.04525319286
2.38662733795,2.28583075969,1.93504848577
2.38662733795,2.27405613628,1.93456617238
2.3866524359,2.26470345574,1.46962818338
2.38684325486,2.25762059268,1.46962818338
2.38809370668,2.25736716617,1.47007036995
2.38809370668,2.24751466209,1.47007036995
2.38809370668,2.26866643306,2.00307378893
2.38809370668,2.27842858184,1.94121841121
2.38809370668,2.27400373618,1.75052580322
2.38809370668,2.24193826924,1.2587686804
2.38852328604,2.23558565162,1.74924673303
2.38861822258,2.24349856255,1.88856291301
2.38863930588,2.24896081692,1.51395563595
2.38863930588,2.25757058083,1.88856291301
2.38863930588,2.23558533975,0.868533081746
2.38863930588,2.26043229753,1.93900891267
2.38863930588,2.27332271013,1.94313002505
2.38863930588,2.26766248423,1.94313002505
2.38920261367,2.26835199731,1.40021907673
2.38920261367,2.25343519647,1.40021907673
2.38920261367,2.29481507326,1.94138030068
2.38920261367,2.29763858989,1.94370925991
2.38920261367,2.31911068033,2.0249985823
2.38923188471,2.31085109032,2.0249985823
2.3893753676,2.29500943737,2.02531960527
2.3893753676,2.30217167774,2.02519601392
2.38943824195,2.32884834852,2.03667963995
2.3894503171,2.32830301033,2.03667963995
2.3894503171,2.32329669329,2.08056983825
2.3894503171,2.30701834893,1.4709440122
2.3894503171,2.31176352155,1.4709440122
2.38949032409,2.31563101912,2.05160389269
2.38961863707,2.29704413891,2.05160389269
2.38961863707,2.29590465974,2.05160389269
2.38965135717,2.31500576911,1.94675663264
2.38972536052,2.34054161349,2.04869107106
2.38972536052,2.34027747875,2.15774689142
2.38972536052,2.34534306794,2.14290094442
2.38972536052,2.35238390803,2.1582586115
2.38980086881,2.34640179834,1.83467736801
2.38980086881,2.35415644387,2.10401285219
2.39038791204,2.33130408385,0.354707904549
2.39038791204,2.35221504057,2.1409854036
2.39072980383,2.33877651711,2.12937237781
2.39075224661,2.33755775353,1.69047206459
2.39075224661,2.32399630317,1.68801317265
2.3909828145,2.33572161064,2.05510190756
2.39131018868,2.33162376482,1.97584093389
2.39131018868,2.34047355977,1.9765023869
2.39131018868,2.34862809839,1.95084233688
2.39131018868,2.35175077381,1.95865250122
2.39131018868,2.33150893681,1.57915290557
2.39131018868,2.34356984301,1.57915290557
2.39131018868,2.32196995357,0.951969341259
2.39136279372,2.32401775199,0.951969341259
2.39131018868,2.3308479328,1.55567438882
2.39131018868,2.33083514466,1.56175114641
2.39191464269,2.3377239167,1.89152524684
2.39191464269,2.33711372561,2.13977779385
2.39191464269,2.32028490194,2.06658368623
2.39203501365,2.3318894211,2.06096348949
2.39203501365,2.34008643763,2.13977779385
2.39203501365,2.33972611147,2.13977779385
2.39278536004,2.33640472225,2.13977779385
2.39278536004,2.32700441388,2.13619089338
2.39278536004,2.3217210344,1.75179634979
2.39278536004,2.32171642549,1.92537829961
2.39381744191,2.30144204754,0.706665917416
2.39381744191,2.30783189351,0.697644145621
2.39381744191,2.32668242334,1.83419109475
2.39381744191,2.31900546234,2.13218166548
2.39381744191,2.31319544238,1.35570257088
2.39381744191,2.31960373416,1.35568853477
2.39381744191,2.318291735,1.00339344231
2.39381744191,2.32082130896,1.00491545141
2.39381744191,2.33374336178,2.13335687154
2.39381744191,2.34635995907,2.08745895641
2.39381744191,2.34195560117,2.08676041326
2.39381744191,2.33665566683,2.08676041326
2.39398635273,2.34704618062,2.09127624742
2.39398635273,2.33533886055,1.52984008942
2.39398635273,2.30841824248,1.52780312504
2.39398635273,2.31135011157,1.57717622735
2.39421283761,2.32639454865,1.57717622735
2.39423732794,2.3304010476,2.04729258267
2.39423732794,2.32478388546,1.95233512679
2.39438667886,2.33009853645,1.86437212972
2.39438667886,2.31538103536,1.75260487909
2.39438667886,2.33660782971,1.99322838749
2.39444863222,2.32457522136,0.666398234735
2.39444863222,2.3147436191,0.674857587864
2.39444863222,2.32918924516,1.8619795594
2.39447705932,2.33325046119,1.8619795594
2.39447705932,2.32354874852,1.84911976472
2.39447705932,2.33081603125,1.95981712428
2.39447705932,2.31708996226,2.02284939757
2.39447705932,2.3274647712,1.90433052799
2.39459380761,2.31716509869,1.90433052799
2.39459380761,2.33181894109,1.95501788263
2.39541699033,2.34029204809,2.05637231915
2.39468413584,2.31254013191,0.310646818286
2.39468413584,2.31384838554,0.32896247694
2.39468413584,2.32684747087,2.05394534524
2.39499372503,2.32283167193,1.99573072492
2.39499372503,2.32687800587,1.97570170832
2.39499372503,2.32708309165,1.97570170832
2.39510041377,2.32289707321,1.96816006541
2.39510041377,2.33982736646,2.05622423649
2.39512915042,2.33243115864,1.78746352502
2.39512915042,2.32185848158,1.65118385923
2.39512915042,2.32859015936,1.6565766622
2.39512915042,2.33457392362,1.99342976263
2.39512915042,2.34351508803,2.11520527433
2.39518826422,2.35423340791,2.15507528805
2.39518826422,2.35157547935,2.10345682782
2.39518826422,2.34076024794,2.09779660495
2.39518826422,2.34203985329,2.16856544556
2.39518826422,2.34851521875,2.20865751894
2.39518826422,2.3528266424,2.06270982037
2.39547659566,2.35917324077,2.22372510153
2.39553442031,2.35189467053,1.88383474975
2.39553442031,2.33932811718,1.61457492452
2.39553442031,2.34296780915,1.38631518937
2.39553442031,2.31391739468,1.3881039682
2.39553442031,2.31843288394,1.88176514353
2.39677734391,2.3176701356,2.03091431536
2.39677734391,2.31477404724,2.07073549736
2.39677734391,2.31498839312,2.03189129918
2.39677734391,2.30948068759,1.8622246314
2.39719056781,2.32495509512,2.10862899319
2.39719056781,2.3242551661,2.1081814888
2.39719056781,2.32892274075,2.00670293502
2.39719056781,2.32301666732,1.61300835662
2.39719056781,2.32523443893,1.85588324555
2.39719056781,2.32791857579,2.15063212979
2.39735082558,2.32526150482,1.73385333852
2.39735082558,2.32597526607,2.01632741904
2.39723122941,2.32099510508,1.30501788237
2.39743951522,2.32396490139,1.47704299265
2.39743951522,2.31739568793,1.36098846278
2.39743951522,2.30576343552,1.35302539383
2.39743951522,2.31579242905,1.35302539383
2.39743951522,2.33208517262,2.07214059019
2.39747990691,2.30746941163,0.789700953792
2.39769009949,2.30285893891,1.37840122977
2.39769009949,2.30632043359,1.37840122977
2.39793971431,2.31206842128,1.37087986997
2.39793971431,2.32035051564,1.37087986997
2.39793971431,2.29308777649,0.572604347168
2.39793971431,2.28775399291,1.30206226927
2.39822332868,2.30966456426,2.04182031309
2.39822332868,2.30383303007,1.92676126357
2.39822332868,2.30825377697,1.97688566858
2.39822332868,2.31647081067,2.1532329522
2.39822332868,2.3141061776,1.89324565147
2.39822332868,2.31920022223,2.13195936626
2.39852007469,2.31770011993,2.05606274031
2.39852007469,2.29404656319,2.05606274031
2.39868366054,2.29868242684,1.98320765563
2.39868366054,2.30468473011,1.94893437592
2.39868366054,2.29166958224,1.97136640981
2.39868366054,2.29772932235,1.85182054195
2.39868366054,2.29127475227,1.84985586386
2.39871603084,2.287733126,1.68780417056
2.39871603084,2.31328700829,2.05528853023
2.39871603084,2.31928496393,1.98773851749
2.39871603084,2.32006679049,2.04285400404
2.39871603084,2.33368258162,2.14331055962
2.39871603084,2.32547714178,2.14331055962
2.39871603084,2.32945073338,2.06743776625
2.39885530574,2.33490238491,2.06743776625
2.39885530574,2.29615265283,0.831967324429
2.39900002685,2.30365657843,1.95491385636
2.39900002685,2.30855772151,2.06915682314
2.39900002685,2.28933766651,1.86229900594
2.39900002685,2.28724583457,1.86473351108
2.39900383161,2.30665909669,1.96713197347
2.39900383161,2.30363974666,2.0538906645
2.39900383161,2.29104894003,1.97341516915
2.39900383161,2.2911389013,1.82675253006
2.39900383161,2.29614412281,1.81225455124
2.39900383161,2.30151557361,2.01176193175
2.39900383161,2.3068552844,2.08415405771
2.39900386263,2.30151316543,1.98290336388
2.39900386263,2.31413319673,1.99293411032
2.39900970161,2.32234799699,1.78101119436
2.39920894942,2.320542442,1.9933497078
2.39920894942,2.31752871485,1.82508662752
2.39920894942,2.31297099225,2.08617055247
2.39920894942,2.30710182612,2.05876229349
2.39920894942,2.30490834181,2.06553951591
2.39920894942,2.30275193517,1.81215456094
2.39920894942,2.3123619723,1.81801246137
2.39930625386,2.32237836211,1.81758557162
2.39930625386,2.32736198129,1.81758557162
2.39930625386,2.32006536097,1.81844974093
2.39930625386,2.31214763998,1.81917776708
2.39930625386,2.310235005,1.90121092392
2.39930625386,2.30496034445,1.44023585983
2.39930625386,2.32924750379,1.77520183486
2.39984735831,2.33610736983,2.01917140923
2.40015855636,2.34572489887,2.06650547038
2.40015855636,2.32336343392,1.1188486786
2.40015855636,2.32025201899,2.06069395773
2.400197871,2.31359447201,2.06628736454
2.400197871,2.31248362776,2.06176963551
2.400197871,2.28957921273,0.894462241392
2.4005619094,2.30244345385,1.92639899874
2.4005619094,2.30736509158,2.06069395773
2.4005697088,2.30855557951,1.78043238406
2.4005697088,2.3140966253,1.78390513396
2.4005697088,2.31320975723,1.76971176542
2.4005697088,2.30421089966,0.617199658421
2.4005697088,2.30943071937,0.607929667091
2.4005697088,2.32740990008,1.77340801516
2.40078176625,2.33068185321,1.95024316006
2.40078176625,2.33703501806,1.96734808006
2.40078176625,2.33394444073,2.08589128688
2.40078176625,2.31506764748,1.96699216995
2.40078176652,2.31472903929,1.96699216995
2.40078176652,2.31773966345,2.06478932371
2.40078176652,2.32461845878,1.96703927677
2.40078176652,2.34277481006,1.96734808006
2.400834721,2.33970431521,1.96699216995
2.400834721,2.35137918194,2.06585318338
2.400834721,2.34298486211,2.06620815047
2.400834721,2.32740889408,1.80639681996
2.400834721,2.33207842541,1.67871732039
2.40113765771,2.33712297266,1.92078658489
2.40146201873,2.34867556817,1.97677776022
2.40146201873,2.34407641964,1.73552606617
2.40146201873,2.34802080592,1.97718018743
2.40146201873,2.35330402131,1.87292393007
2.40146201873,2.35104338501,1.87292393007
2.40146201873,2.30892595718,0.361123939354
2.40146201873,2.30348589347,1.37431674542
2.40146201873,2.33564701421,1.37431674542
2.40168970364,2.32908921766,1.33805561745
2.40168970364,2.28989383996,1.33805561745
2.40168970364,2.31664089677,1.36553363634
2.40168970498,2.34766801146,1.35168713136
2.40168970498,2.36220931932,0.96501084643
2.4021726846,2.37429261852,2.18504928327
2.4021726846,2.37117665549,2.23528414919
2.4021726846,2.36705609144,2.18361359503
2.4021726846,2.36415232335,2.17620629865
2.40286793643,2.35902762056,1.98788263207
2.40286793643,2.36131686756,2.17680385162
2.40286793643,2.34697329694,1.84501344973
2.40286793643,2.35076043191,2.17602761758
2.40286793643,2.35042863192,2.17699087662
2.40286793643,2.34288195906,2.1031322779
2.40286793643,2.33700837611,2.1031322779
2.40286793643,2.34870811112,2.05441890484
2.40286793643,2.34285013788,2.0539892748
2.40286793643,2.35827575269,2.1356664828
2.40338576456,2.34458672318,2.08914642609
2.40338576456,2.33710812304,1.88157376457
2.40338576456,2.342672943,1.88157376457
2.40338576456,2.34015939839,1.88139701864
2.40338576456,2.33077935064,1.88144283442
2.40352281372,2.35000134358,1.88087623843
2.40352281372,2.35004916091,1.98532485414
2.40352281372,2.35004193445,2.03183187343
2.40352281372,2.34595399601,2.07225658724
2.40352281372,2.36030588899,2.07389643798
2.40362668225,2.34966045452,2.07389643798
2.4040814778,2.34500632356,2.07389643798
2.40450391321,2.34786082309,2.0791733827
2.40450391321,2.35002981973,2.07726189098
2.40450391321,2.34076955493,1.34534415044
2.40450391321,2.34510254439,1.36455271816
2.40450391321,2.34086126424,1.33092435993
2.40462826535,2.35972311973,2.1776511475
2.40462826535,2.35268767897,2.12567770458
2.40462826535,2.35051436013,2.12567770458
2.40462826535,2.34752555231,2.12404598931
2.40462826535,2.35364769412,2.1256847551
2.40462826535,2.35273725611,2.12463231247
2.40468897761,2.35968908692,2.12463231247
2.40468897761,2.35302114091,2.04561579614
2.40468897761,2.33946310566,2.02352844972
2.40468897761,2.34374592983,2.02352844972
2.40475167174,2.34815484978,2.12683190646
2.40475167174,2.35664069491,2.06200588723
2.40475167174,2.34282444985,2.23556244402
2.40475167174,2.35708395807,2.16839941526
2.40475167174,2.36103319772,2.18187076148
2.40475167174,2.36315654715,2.23178222385
2.40475167174,2.36382383152,2.23570272272
2.40475167174,2.3585952396,2.16527175418
2.40477093942,2.36425443138,2.17422354087
2.40477093942,2.36833813247,2.17179693479
2.4051781974,2.37660705323,2.2427132477
2.4051781974,2.37359604864,2.06791550327
2.4051781974,2.37749218449,2.16290074316
2.4051781974,2.37569924072,2.17370694478
2.40524293402,2.38151721024,2.2453891895
2.40524293402,2.36848914619,1.94580626032
2.40537275711,2.3664528847,1.94580626397
2.40537275711,2.36547829365,2.00234841809
2.40537275711,2.36706426607,2.00234841809
2.40537275711,2.36895551262,2.08836182843
2.40537275711,2.35969999356,2.08850333257
2.40537275711,2.3520934595,1.38358191976
2.40537275711,2.35437236378,1.38358191976
2.40537275711,2.35687495417,1.5981124213
2.40537275711,2.34520009165,0.731601552258
2.40537275711,2.35769700069,0.745339111102
2.40596887288,2.3525169754,0.731601552258
2.40596887288,2.3490556353,0.739237214705
2.40596887288,2.36614958062,2.06383210441
2.40596887288,2.37292833707,2.17648590106
2.40596887288,2.3648858302,2.2363907695
2.40596887288,2.36703941943,2.15115978558
2.40596887288,2.36483023969,2.15059817871
2.40596887288,2.36560330319,2.09162529104
2.40596887288,2.35445450994,2.09149446489
2.40596887288,2.36086358415,2.09130624283
2.40596887288,2.36173239459,2.12406706216
2.40596887288,2.34342118949,1.26891948903
2.40616321864,2.32930068044,0.88434510081
2.40616321864,2.3540071196,0.935854070749
2.40616321864,2.35094035721,0.922719934331
2.40623928157,2.34187158836,1.21604278689
2.40623928157,2.34609069087,1.21604278689
2.40623928157,2.33990157292,1.21285953799
2.40623928157,2.34349934319,2.15692983903
2.40623928157,2.35038814557,2.12330008463
2.40623928157,2.35177972778,2.13889124762
2.40641794529,2.36362522166,2.16842313666
2.40641794529,2.36378871491,2.16913300228
2.40641794529,2.35894362188,1.87566281031
2.40647886,2.34888411625,1.86894838586
2.40647886,2.33669638751,1.62155585274
2.40679884218,2.34149188163,2.14974873336
2.40680007333,2.3358558218,2.05792139077
2.40680007333,2.33870336538,2.01190740127
2.40680007333,2.34215256265,2.15045248217
2.40680007333,2.33121783486,2.12083364957
2.40680007333,2.33624636226,2.13708996652
2.40680007333,2.3306585687,2.07385394885
2.40680007333,2.33728514155,2.07291140571
2.40680007333,2.33808441162,2.05735757527
2.40680007333,2.33442003027,1.96187941244
2.40680007333,2.32002408188,1.96187941244
2.40680007333,2.33296048927,1.18577153375
2.40693495794,2.3364353906,1.18414094986
2.40693495794,2.34883633822,1.85531296048
2.40693495794,2.34839255444,1.75717442478
2.406944076,2.35810585012,1.75717442478
2.406944076,2.36821155965,2.16565074466
2.406944076,2.3615992297,1.93039400181
2.406944076,2.36158541266,2.16194164589
2.406944076,2.35113760765,1.85269527105
2.40695425218,2.34682817787,1.85269527105
2.40695425218,2.3575577014,1.85495119243
2.40695425218,2.36317165991,1.84915868178
2.40695425218,2.3647914497,2.23924752773
2.40707898657,2.36451950134,2.24743760799
2.40707898657,2.37061995503,2.24754123168
2.40707898657,2.37286836859,2.23375704283
2.40707898657,2.37640830925,2.16767887628
2.40707898657,2.36901737465,2.0430879023
2.40707898657,2.35981968675,2.04244638915
2.40707898657,2.35955480527,2.04343779169
2.40707898657,2.35294774011,1.71555356211
2.40713683956,2.34791769744,2.04132867967
2.40724151048,2.3472779744,2.03679213913
2.40724151048,2.34454609616,1.9556205143
2.40725171649,2.33822415163,1.81811458589
2.40745541917,2.33537203781,1.86280533182
2.40745541917,2.33598914824,1.86181969379
2.40769360624,2.34043297087,2.04397538432
2.40769360624,2.34830275379,1.97784349229
2.40769360624,2.3395920427,1.96915393281
2.40769360624,2.33820159791,1.96915393281
2.40769360624,2.33430934346,2.15059072719
2.40769360624,2.34298671844,2.12489016591
2.40769360624,2.3418955436,2.09123104981
2.40769360624,2.34820110235,2.11607237542
2.40769360624,2.34879870699,2.11607237542
2.40769360624,2.34935416339,2.08261003051
2.40783674164,2.34498183962,1.7982008693
2.40836728687,2.3567205973,2.19206662489
2.40836728687,2.35588115948,2.16071272603
2.40836728687,2.35698596446,2.1041243171
2.40841765471,2.35290311872,1.45619788625
2.40841765471,2.36348794614,2.10412432475
2.40841765471,2.36070273756,2.06927181358
2.40868472639,2.36268733046,2.06927181358
2.40868472639,2.35730580953,2.08126273143
2.40868472639,2.36041773595,2.08126273143
2.40868472639,2.34456020691,0.909428926523
2.40868472639,2.35995335368,1.67910078279
2.40905154105,2.33815842923,1.67910078279
2.40905154105,2.3563063258,2.08126273143
2.40905154105,2.36006533506,2.08195534428
2.40905154105,2.36198525013,2.06518414887
2.40905154105,2.36033526374,1.75601607859
2.40905154105,2.36255038319,2.14292553162
2.40934568069,2.36349544558,2.14212845001
2.40951341751,2.35572405096,1.81305862928
2.40951341751,2.33481043432,1.81111912364
2.40951341751,2.33228750802,1.81081252089
2.40956228685,2.32017378799,1.81081252089
2.40956447716,2.30982802202,1.81378034539
2.40956447716,2.29440495287,1.5768616303
2.40956447716,2.30580389186,1.70233135908
2.40956447716,2.31373933746,1.70157069246
2.40956447716,2.29722773912,1.69767942664
2.40969632446,2.3039145049,1.70157069246
2.40969632446,2.29105489754,1.70157069246
2.40969632446,2.29758247202,1.87249468036
2.40969632446,2.31742906254,1.95398575464
2.40969632446,2.29457674499,1.84783590267
2.40975294388,2.30156724195,1.76414713675
2.41017027303,2.30638784818,1.76414713675
2.41017027303,2.3232877148,1.96721051723
2.41004022261,2.32827248628,2.08729663231
2.41004022261,2.33726431506,2.08758113997
2.41016811842,2.34330086136,2.17042223236
2.41017027303,2.35637942527,2.17104120986
2.41017027303,2.3455083004,1.71391963825
2.41017027303,2.35939062887,2.05714001583
2.41017027303,2.34681506086,2.05279542076
2.41017027303,2.34146452243,2.05279542076
2.41017027303,2.33275274692,1.35414816595
2.41023472526,2.34952637464,1.35414816595
2.41023472526,2.3713049683,2.16956562738
2.41023473084,2.36309252133,2.09424276758
2.41031319174,2.34521296915,1.14318113387
2.41031319174,2.32441679282,2.0024837523
2.41031319174,2.32445510725,0.441791513178
2.41031319174,2.34800903053,2.00837820071
2.41031319174,2.34451481679,1.34504424523
2.41042663122,2.34892618246,2.17662296052
2.41042663122,2.32938660836,2.17836951026
2.41042663122,2.34018092076,2.17836951026
2.41042663122,2.34390882919,2.01113747096
2.46750273161,2.33291233653,1.71547005851
2.46771991984,2.33013606483,1.91421230874
2.41042663122,2.33231955876,2.01113747096
2.41042663122,2.33377474842,2.00651932334
2.41042663122,2.34379599305,1.95687335518
2.41042663122,2.33129405669,1.95687335518
2.41042663122,2.33336358387,2.16699631127
2.41042663122,2.32535399037,2.16063705684
2.41042663122,2.31566493714,2.16198619407
2.41042663122,2.32520928496,2.16274235646
2.41042713511,2.32704888826,1.55304109522
2.41042713511,2.34256831728,1.94519324123
2.41042713511,2.35313624846,2.14340562707
2.41042713511,2.35865515195,2.14723818611
2.41042713511,2.35634363817,1.85690067488
2.41042713511,2.36551096549,2.08884529255
2.41042713511,2.36738830831,2.14319942386
2.41045456027,2.37035294097,2.09843410318
2.41067107435,2.37924461104,2.0984209419
2.41067107435,2.37689806725,2.09179580244
2.41067107435,2.36764744898,2.08072402201
2.41078013859,2.36996478969,2.09179580244
2.41078013859,2.37393597992,2.24966821664
2.41078013859,2.35532193718,1.58802021777
2.41078013859,2.35699432358,1.58802021777
2.41090918694,2.36021887087,1.58802021777
2.41090918694,2.34535871684,1.58802021777
2.41095136351,2.34751198006,1.42939558415
2.41095136351,2.37212019793,2.17077234426
2.41095136351,2.36590361909,2.17077234426
2.46090526628,2.35744894919,2.18037704652
2.46193948597,2.35291291561,2.17696835756
2.46193948597,2.35734368365,2.18037704652
2.46193948597,2.3641147265,2.17593465675
2.46193948597,2.36445550342,2.10169382679
2.46193948597,2.37277015455,2.13146103938
2.46193948597,2.36720517128,1.71756383862
2.46329772399,2.36030648859,1.88026226112
2.46329772399,2.33935816515,1.34220620441
2.46249380125,2.34304327749,1.82733057977
2.46249380125,2.35334413852,2.17168938353
2.46249380125,2.35317412159,2.1716032653
2.46249380125,2.35112427766,2.00373348195
2.46249380125,2.34685873352,1.9695171866
2.46249380125,2.3420894227,1.96389957752
2.46249380125,2.3298549607,1.96656167895
2.46249380125,2.34228094941,1.81433757107
2.46249380125,2.34761868146,2.10937280721
2.46249380125,2.340017819,2.10185514874
2.46249380125,2.33310383361,1.92188849226
2.46284373904,2.33841917602,2.05652009786
2.46284373904,2.32585796081,1.80834535982
2.46284373904,2.33750578018,1.23120320109
2.46284373904,2.35083322201,1.38339314353
2.46284373904,2.36163000876,1.68171785308
2.46284373904,2.36327773068,2.10722398139
2.46284373904,2.36487028281,2.11103864383
2.46324410517,2.36656341174,2.11103864383
2.46324410517,2.37054862155,2.11006206514
2.46324410517,2.35830546677,2.11532613721
2.46330236326,2.35377695884,2.06438075452
2.46324410517,2.33563528201,2.11532613721
2.46324410517,2.34220747396,2.11092469658
2.46414136594,2.35493054316,2.11064740586
2.46414136594,2.37136014061,2.07680810957
2.46414136594,2.3604005159,2.07694543184
2.46414136594,2.37690138614,2.07628073343
2.46414136594,2.3757432632,2.24599469668
2.46414136594,2.36516787503,0.890738946482
2.46414136594,2.37834304126,2.16555035234
2.46486728799,2.38069822683,2.16454260172
2.46486728799,2.37274303147,2.08713449396
2.4654207777,2.36533367329,1.60989588392
2.4654207777,2.38210293715,1.72154947781
2.4654207777,2.37853540645,2.06487157044
2.4654207777,2.35075595469,1.27840102614
2.466050533,2.3566199053,2.06202671145
2.466050533,2.35152111266,1.6019831836
2.466050533,2.35216618978,1.60269617969
2.466050533,2.35408278229,1.60269617969
2.46655393416,2.36406799148,1.59127910938
2.46618200139,2.3632271619,2.06401474038
2.46618200139,2.36702267919,2.06401474038
2.46618200139,2.35307640874,0.65009440423
2.46618200139,2.37386390067,1.55107767072
2.46618200139,2.36369915862,2.05860642405
2.46646532496,2.37561187041,2.05860642405
2.46646532496,2.36418141474,2.05284957079
2.46646532496,2.34113012171,2.09105056979
2.46646532496,2.3507903173,2.10268706203
2.46655393416,2.3614015434,1.91931995154
2.46655393416,2.36653611605,2.09310252238
2.46655393416,2.36274319507,2.09538974026
2.46655393416,2.36830751645,2.10276383176
2.46655393416,2.3680035438,2.01591576852
2.46655393416,2.36507578725,2.09616636125
2.46683572038,2.3731217398,1.42319480949
2.46683572038,2.38217243694,2.15876801816
2.46683572038,2.3917525782,2.16319276942
2.46655393416,2.36209385295,0.785183626184
2.46660328133,2.37069983684,1.90584530966
2.46663331065,2.36904123563,1.90584530966
2.46683572038,2.36178913482,1.79807818778
2.46684955646,2.37014614004,1.79673857064
2.46707480442,2.34503926716,0.955564306176
2.46710736265,2.33121766182,0.955564306176
2.46710736265,2.33583744914,0.950348760227
2.46710736265,2.35179183843,1.78828496565
2.46710736265,2.36556829659,1.84799923655
2.46710736265,2.35414542278,1.67978404752
2.4674148844,2.33860865008,1.75580447177
2.4674148844,2.34968935098,1.85966796962
2.46755179857,2.35564030917,1.85966796962
2.46755179857,2.35276359321,1.85933422642
2.46792517937,2.34943637936,1.73868104083
2.46792517937,2.35664532133,1.77352134582
2.46792517937,2.35449198563,1.77589383469
2.46804533703,2.36362371623,1.78946420477
2.4680601762,2.34931952766,0.784764626775
2.4680601762,2.35631409941,0.777245234835
2.4680601762,2.36608690865,0.766773254537
2.46821982062,2.36147902427,1.68585272699
2.46821982062,2.34433530264,1.71922511308
2.46821982062,2.35379311603,1.71958938411
2.46821982062,2.34882744902,1.69551994734
2.46821982062,2.38061427737,1.91425793384
2.46837560767,2.35791377931,1.74529571616
2.46837560767,2.35361816869,1.67550344725
2.46837560767,2.34387877313,1.67550344725
2.46837560767,2.34566908293,1.68264106298
2.46837560767,2.32040162313,1.63415593728
2.46854462231,2.33199205467,1.63413044098
2.46854462231,2.33037872437,1.77923187604
2.46864675373,2.29929815009,0.921594981975
2.46864675373,2.31860087798,0.921594981975
2.46864675373,2.34911327103,1.67744920754
2.46892631053,2.35458216913,1.78541828438
2.46892631053,2.35080486666,1.67192812287
2.46892631053,2.34306283445,1.71901740042
2.46892631053,2.35081875557,2.08513126006
2.46922199077,2.35260348251,2.08525635835
2.46922199077,2.36453734002,2.05610953176
2.46922199077,2.35104910369,2.05656537202
2.46942561315,2.36217183813,2.05755152263
2.46942561315,2.35359265341,1.94296912981
2.46942561315,2.3631687688,1.96857350572
2.46942561315,2.3513975992,1.85911331602
2.46942561315,2.33765176627,1.85641349796
2.46957750739,2.32640297399,1.85722449401
2.46957750739,2.35244038807,1.80038264497
2.46957750739,2.34739467792,1.98054331234
2.46957750739,2.35358312044,1.80653117812
2.4695922409,2.34014109579,1.85453830042
2.46970374195,2.3502499848,1.85453830042
2.46970374195,2.37247678879,1.87977353838
2.46988053138,2.3684239496,1.87960158109
2.46988053138,2.38493887384,1.65187844265
2.46988053138,2.39069651452,1.5004989498
2.46988053138,2.37705036192,1.50045342544
2.46988053138,2.36725314469,1.64743397278
2.46988053138,2.37786521054,1.89290246551
2.46988053138,2.38208871725,1.98192741016
2.46988053138,2.38791209617,2.08116643598
2.46992784994,2.39273835812,1.88729356578
2.46992784994,2.39543874861,1.87657949203
2.47039860273,2.37496622107,1.78311602025
2.47039860273,2.36024678589,1.81023762718
2.47039860273,2.34862652495,1.80678492275
2.47039860273,2.36493087001,1.88919317272
2.47046857163,2.35986795086,1.80769637244
2.47046857163,2.37169040605,2.19003611857
2.47046857163,2.38410960987,2.10715040097
2.47046857163,2.37058526913,2.10715040097
2.47046857163,2.37766279933,2.10726628987
2.4704685811,2.37339002991,2.18248138618
2.47048600095,2.36600599645,2.18127745401
2.47078445797,2.36338740243,2.11115641657
2.47078445797,2.36902067319,1.9882209032
2.47078445797,2.35194883349,1.83759241337
2.47156353446,2.36406961753,1.97087587638
2.47156353446,2.37250842674,1.89893475942
2.47156353446,2.38520160489,1.98655300948
2.47156353446,2.36995588932,1.98438134839
2.47156353446,2.36106544515,2.16331079568
2.47156353446,2.34723468007,2.11187049065
2.47156353446,2.3724470708,2.00924957736
2.47197469138,2.36092431105,2.00924957736
2.47197469138,2.34387842012,1.86634805727
2.47197469138,2.33101226281,1.60475130091
2.47197469138,2.34114987767,2.02110527876
2.47197469138,2.33947038471,2.00027159006
2.47197469138,2.3436126401,1.99826431471
2.47197469138,2.35487122664,1.87864966214
2.47197469138,2.34720485489,1.87324136909
2.47254284149,2.37292466053,1.99757559933
2.47197469138,2.37245411967,1.91316792622
2.47197469138,2.3613818548,1.9991495405
2.47197469138,2.36428269237,1.8443666295
2.47197469138,2.35752181559,1.85513076896
2.47198811012,2.36466749471,1.85621294159
2.47212657185,2.36339657516,1.93845783957
2.47212657185,2.36382996336,1.58489084316
2.47212657185,2.36064770042,2.16368717534
2.47212657185,2.36857440845,2.15928209179
2.47212657185,2.35470439029,2.07180771518
2.47212657185,2.3416471715,2.07473903518
2.47212657185,2.33772937815,1.77006086434
2.47212657185,2.33632156659,1.77006086434
2.47233230611,2.33961378295,1.84606716058
2.47233230611,2.35090890286,1.97666555067
2.47233230611,2.35071157402,2.01634000302
2.47233230611,2.36018221287,1.92870108852
2.47233230611,2.35843278718,1.97026145585
2.47233317503,2.36165029773,1.87785548486
2.47233760506,2.37621832761,1.80368219966
2.47233760506,2.37704597348,1.80368219966
2.47233760506,2.37659610804,1.60357761008
2.47233760506,2.38492139268,1.95905982832
2.47236380102,2.38146539966,1.95727000859
2.47261655316,2.35072851134,0.717731348203
2.47261655316,2.36376754152,2.05849206804
2.47261655316,2.36987357323,1.88980036341
2.47261655316,2.36244041511,1.94307076552
2.47261655316,2.350428536,1.81065549046
2.47261655316,2.37109531715,1.98341344672
2.47261655316,2.36775330761,1.77368104236
2.47261655316,2.3825682379,2.07206707867
2.47261655316,2.39020865294,2.12173170486
2.47261655316,2.3769319099,2.06591093549
2.47261655316,2.37592837737,1.66855272403
2.47288242071,2.37948999123,2.17878105326
2.47288242071,2.36525109473,2.04552581757
2.47288242071,2.37115596546,2.16657766878
2.47288242071,2.38138817867,2.07230671041
2.47288242071,2.38374618058,2.15228597931
2.47288242071,2.38579470792,2.09426492774
2.47288253275,2.38630681674,2.0987067269
2.47288253275,2.38730446437,1.33408502647
2.47288253275,2.38993031954,1.32906462225
2.47288253275,2.40347056642,1.9803647302
2.47288253275,2.40228985332,2.14412592662
2.47288253275,2.41766096955,2.15468898584
2.47288253275,2.41803848389,2.11703170695
2.47288253275,2.411157629,2.11716954195
2.47288253275,2.4060786887,2.10275634793
2.47306902706,2.40670418648,2.11716954195
2.47306902706,2.40424328126,2.12959485107
2.47306902706,2.40483394989,2.13101914953
2.47306989534,2.39029635333,1.82943883889
2.47306989534,2.41165711866,2.15579098645
2.47306989534,2.42045553353,2.17728948462
2.47307000154,2.41031600117,2.1772888694
2.47349535917,2.40977775573,1.75144501416
2.47349535917,2.39648148159,1.77693653748
2.47349535917,2.40221650125,1.79617373799
2.47349535917,2.39532399925,1.79672500903
2.47349535917,2.39707875682,1.79845102349
2.47349535917,2.37565890497,1.26955224727
2.47349535917,2.37510286291,1.27458383923
2.47362782322,2.39748323566,2.16939224875
2.47349535917,2.38329783044,1.61545137282
2.47381306542,2.38233693587,1.61545137282
2.47381306542,2.38354584343,2.10983608431
2.47381306542,2.38879957374,2.16357670659
2.47381306542,2.39445309724,2.16357670659
2.47394363144,2.39588359036,2.14118141651
2.47394363144,2.37215243234,1.48545318638
2.47394364578,2.39296328292,1.4638186494
2.47394364578,2.40775935182,1.98042768165
2.47394374626,2.40350044369,1.98389275804
2.47394374626,2.39631338257,2.06329312851
2.47394374626,2.38785388154,2.06329312851
2.47404633705,2.39132311507,2.09228386593
2.47406477351,2.39790907266,2.03523824908
2.47406477351,2.41072848389,2.05037602951
2.47406477351,2.40729103814,2.13872491737
2.47406477351,2.41848549363,1.97101824107
2.47406477351,2.41206347271,1.96415596662
2.47422447517,2.41349615311,2.00668331981
2.47422447517,2.39514801697,2.00332675131
2.47422447517,2.40021912273,1.66209778058
2.47422459123,2.40624613416,2.058725749
2.47422459123,2.39507407388,2.00602597194
2.47422459123,2.39622486729,2.00649299174
2.47422459123,2.37910800834,2.00552007485
2.47422459123,2.39055542385,1.92633251822
2.47422459123,2.40997674207,2.04869229083
2.47422459123,2.40226110127,2.04869229083
2.47422459123,2.4062063532,2.14563965023
2.47422459123,2.4112466045,2.1785819808
2.47422459123,2.39333855918,0.45224761453
2.47422459123,2.4105491043,2.22990960048
2.47447636643,2.40190000123,2.17961978032
2.47447636643,2.38737558684,1.75888719185
2.47447636643,2.39676029223,2.15903331272
2.47447636643,2.4149846393,2.02217659901
2.47447636643,2.38459187564,0.717312832343
2.47447636643,2.39191667213,0.758009243182
2.47447636643,2.40830227291,0.700763268015
