best,average,worse
1.71751341149,0.701961283151,0.258038541762
1.72400332519,0.78056470348,0.255123434822
1.72400332519,0.802285732249,0.277014874074
1.76132852621,0.91556829949,0.310528474123
1.87052922117,0.963931417427,0.296521240841
1.87052922117,0.973614003321,0.385983676128
1.87052922117,1.00973327675,0.277285200703
1.88488340457,1.09661575514,0.328410233791
2.13538298834,1.17065317791,0.407430808488
2.13538298834,1.20707269714,0.43042031457
2.13538298834,1.21666128012,0.415826654542
2.13969888719,1.28390488509,0.397069435882
2.13969888719,1.33103151793,0.494049302884
2.13969888719,1.34597332576,0.528390757333
2.13969888719,1.37625208167,0.60705558679
2.13969888719,1.45648733361,0.670935034247
2.14146047538,1.51910980602,0.634227349717
2.14313472132,1.5879294026,0.683530701441
2.14313472132,1.6450467865,0.493292366813
2.14385910277,1.71523416822,0.706533606067
2.14385910277,1.77611920425,0.79428140214
2.14583519078,1.81242763512,0.875130900536
2.14583519078,1.84188471379,0.936245051712
2.14583519078,1.90289623345,0.809234256631
2.14586044799,1.93867522241,1.16313843083
2.14586127842,1.92142401734,0.843554100615
2.14988236558,1.94002232463,0.798338113973
2.14988236558,1.96199090494,0.812131110743
2.15037959445,1.96866506932,1.16357922747
2.15089632297,1.9699375758,1.16357922747
2.15244529337,1.98950725066,0.827490966338
2.15244529337,1.99507390684,0.825700858297
2.15483222587,1.97721946146,0.72008291512
2.15483222587,2.03963981258,0.821638155537
2.15483222587,2.04229983825,1.2003284471
2.15483222587,2.04569141399,1.16690977635
2.2201674064,2.05807558573,1.16690977635
2.2201674064,2.05318792276,1.19130757198
2.15483222587,2.06119560434,1.65243263248
2.15483222587,2.04623346902,1.64057274301
2.21298352554,2.0489166486,1.55780487703
2.15563591988,2.05415635851,1.63626457627
2.21023402126,2.05803438539,1.42177106328
2.2109766521,2.07184274988,1.66727425471
2.21115731727,2.08605301914,1.66727425471
2.21115731727,2.07624242274,1.65907334464
2.21115731727,2.08022835298,1.65754505595
2.21220366882,2.09073390018,1.75924223667
2.22253410812,2.09362263315,1.64133261048
2.22253410812,2.09265784214,1.7555188329
2.22253410812,2.09071572356,1.80201912378
2.22253410812,2.09263399935,1.60522663238
2.22202572948,2.10098712976,1.88034239509
2.22243647205,2.09113664955,1.7747788188
2.2252290041,2.09888896726,1.7747788188
2.2252290041,2.09444501632,1.76985859851
2.2252290041,2.07910691397,1.87204936104
2.2252290041,2.08541548562,1.86595710399
2.2252290041,2.07804304932,1.85943761403
2.22926196689,2.07705208895,1.75355564128
2.22926196689,2.06802294747,0.764837393801
2.22936226991,2.07314484343,1.86372282998
2.22926196689,2.07134389569,1.86372282998
2.22926196689,2.07074954518,1.84582453346
2.22926196689,2.06424672809,1.84437562114
2.23399257475,2.06963810166,1.86674094851
2.22926196689,2.06211007613,1.75237206105
2.22926196689,2.06977356875,1.86765016778
2.23375393923,2.075252596,1.85481505371
2.23375393923,2.07111342948,1.85401116319
2.22732825183,2.06754871769,1.75349674718
2.22993970281,2.07545674147,1.7902587025
2.22993970281,2.07776842957,1.733750649
2.22993970281,2.06853808373,1.68653397359
2.22993970281,2.06697678688,1.80906771975
2.22993970281,2.07504538512,1.7633165074
2.2310573193,2.08497673634,1.87266648884
2.23144848902,2.08254526936,1.88008467788
2.22733404054,2.0790501095,1.73934744158
2.22877293482,2.07450740504,1.73273286517
2.23141667345,2.08414163176,1.84217819111
2.23161405299,2.08238525451,1.74660721006
2.23161405299,2.08563885454,1.73997815034
2.23161405299,2.07383079166,1.72883301862
2.23161405299,2.08884710766,1.81175345754
2.23161405299,2.08856565951,1.76700222051
2.23161405299,2.09793249181,1.8621866201
2.23161405299,2.09168619122,1.88723210329
2.23207342878,2.08973010271,1.88406935853
2.2378686231,2.08787658735,1.88505904156
2.2378686231,2.08320369406,1.74598991608
2.2378686231,2.10019687178,1.78220920527
2.2378686231,2.0945515036,1.88831584493
2.2378686231,2.09619683218,1.53116247746
2.2378686231,2.09342903284,1.51503756157
2.2378686231,2.09873946784,1.77061900194
2.2378686231,2.08893267831,1.86576721269
2.2378686231,2.0871846189,1.87010908247
2.2378686231,2.0965903079,1.87477017306
2.2378686231,2.08571873716,1.757026239
2.2378686231,2.08627093918,1.6325928399
2.2378686231,2.07993539578,1.46341258182
2.2378686231,2.07938817756,1.62580943127
2.2378686231,2.08240856063,1.59653393359
2.2378686231,2.08815215256,1.60018611913
2.2371878649,2.09232721717,1.62932286544
2.23725159825,2.09603628018,1.74072179252
2.24436687252,2.09558871013,1.48478347176
2.24436687252,2.08592147829,1.48478347176
2.24552390938,2.092641011,1.63336595227
2.24827274895,2.08957956103,1.743061633
2.24827274895,2.09037231218,1.50756908261
2.24827274895,2.10341267022,1.58392338258
2.24978403808,2.10356699964,1.63131730556
2.24978403808,2.10986714008,1.67298871575
2.25000558493,2.11478516788,1.70687911525
2.25000558493,2.11315068731,1.74773077098
2.25000558493,2.1131700468,1.88748778844
2.25000558493,2.11212386222,1.82683689911
2.25000558493,2.12288611959,1.88828470684
2.25048235043,2.12458739418,1.89774347976
2.25180040294,2.12364949926,1.90476405184
2.25271753867,2.12651565972,1.8940545966
2.25271753867,2.11942909274,1.91402422077
2.25271753867,2.12917215475,1.91761410639
2.25271753867,2.13566734481,1.88072930232
2.25271753867,2.12661434558,1.88018313864
2.25271753867,2.13740263252,1.90794968729
2.25349951421,2.13780133604,1.89337537598
2.25363298584,2.14754161562,1.98649219447
2.25483952187,2.15042462649,1.91367443304
2.26783081176,2.14727068174,1.80525345787
2.26897644855,2.15487009794,1.89823743558
2.27079296796,2.15045898555,1.29763615758
2.27079296796,2.1462962116,1.29763615758
2.27385795832,2.16831295777,1.43675774228
2.27385795832,2.14170262439,0.905574807975
2.27385795832,2.14786443407,1.44188677456
2.27385795832,2.16262220738,1.94081657981
2.33108312542,2.1689780994,1.87185741769
2.33108312542,2.16624548339,1.91986089067
2.33108312542,2.1684769441,1.90730109623
2.33108312542,2.16208199106,1.88329404344
2.33340723451,2.16720282495,1.8834293662
2.33340723451,2.17021327424,1.77266352876
2.33340723451,2.16800362398,1.86596591236
2.33340723451,2.16958922833,1.77661467648
2.33340723451,2.18037877921,1.90247222471
2.33340723451,2.1808200235,1.92121712277
2.33340723451,2.17685726802,1.90202087329
2.33340723451,2.17989667689,1.90202087329
2.33340723451,2.17602057299,1.86057891182
2.33340723451,2.1636945272,1.74125636774
2.33340723451,2.17290963594,1.65413778265
2.33466603477,2.18577449959,1.83142034403
2.33466603477,2.18664529028,1.76417686111
2.33466603477,2.18874300668,1.85054767534
2.33595661943,2.18773274765,1.46865356079
2.33656547773,2.1893266135,1.75932526561
2.33656547773,2.18779121174,1.8383321546
2.33656547773,2.18580094529,1.95091469345
2.33688574882,2.18420194899,1.61804777764
2.33688574882,2.18781727165,1.61689398641
2.33821604793,2.18014805658,1.61689398641
2.33821604793,2.18437835869,1.63153598302
2.33821604793,2.18032990975,1.59900046381
2.33821604793,2.18755172088,1.717281293
2.33821604793,2.19230574919,1.717281293
2.33821604793,2.20071698624,1.92527501291
2.33821604793,2.19948925333,1.88538796709
2.33821604793,2.19674391629,1.92670375321
2.33839862687,2.19637629368,1.95409372624
2.33821604793,2.19036513245,1.93807141177
2.33821604793,2.18906267243,1.93855686104
2.33821604793,2.19332028002,1.92698313671
2.33821604793,2.18699945358,1.89954329219
2.33821604793,2.20023442657,1.89954329219
2.33959289039,2.19527785621,1.89815263845
2.33959289039,2.18673463498,1.6286056156
2.33959289039,2.19037422966,1.62724307359
2.33959289039,2.19342392767,1.47815112855
2.33959289039,2.19792008613,1.6280339696
2.33959289039,2.19857180207,1.65839001059
2.33959289039,2.21677212896,1.65839001059
2.33959289039,2.20755929497,1.64252039276
2.33959289039,2.1988780711,1.47603028687
2.33959289039,2.19941862381,1.63670973247
2.33959289039,2.21714476383,1.73304013567
2.33969319038,2.20384275083,1.59967103334
2.33969319038,2.20633028226,1.48008992425
2.34130431471,2.19820767363,1.46942122968
2.34037094773,2.21271216125,2.03124366565
2.34037094773,2.21733278513,2.02695886448
2.34037094773,2.21044451864,2.01669920717
2.34037094773,2.21120527539,2.09740381788
2.34037094773,2.21061528328,1.92968735535
2.34055618483,2.21083314382,1.9034154435
2.34055618483,2.21230085652,1.64931232809
2.34103727763,2.21053232107,2.02991820025
2.34103727763,2.20120210301,1.86887142919
2.34103727763,2.21144793269,1.85225489707
2.34103727763,2.20807478003,1.9842127242
2.34103727763,2.21012266036,1.89392465908
2.34103727763,2.22064774657,1.99634999474
2.34103727763,2.21896713963,1.99984499916
2.34103727763,2.21167111167,2.00136164196
2.34297280896,2.2059904383,1.76394950094
2.34297280896,2.21468940388,2.00049054483
2.34297280896,2.22346232229,1.99573506366
2.34297280896,2.21735772634,1.99012212404
2.34297280896,2.21508828513,1.7916813383
2.34297280896,2.23205068329,2.0044464854
2.34387057784,2.21997303934,2.02918414199
2.34387057784,2.21970737339,1.9465637693
2.34316055837,2.22301996385,1.98862689782
2.34316055837,2.2167633713,1.94284284305
2.34316055837,2.21830442329,2.00922282405
2.34316055837,2.22606286683,1.99740871721
2.34316055837,2.21892402724,2.03370752081
2.34316055837,2.22310883734,2.01630044543
2.34316055837,2.22232257545,2.00265415382
2.34316055837,2.21261935903,1.99931448034
2.34316055837,2.21754250678,1.82178513446
2.34316055837,2.2203279427,1.81263368565
2.34316055837,2.21160050306,1.91094947883
2.34404333224,2.20599849,1.9955234588
2.34404333224,2.20149133866,1.79821222261
2.34404333224,2.19822929715,1.7997837114
2.34404333224,2.20535648876,1.80404412354
2.34404333224,2.20011398741,1.70921959416
2.34441216895,2.21084914834,1.91933984468
2.34441216895,2.21124284026,1.98256537968
2.34404333224,2.2104262929,1.89498911788
2.34414771463,2.20313941552,1.77586291697
2.34414771463,2.20285970814,1.78619986267
2.34369145941,2.19495630969,1.85923582259
2.34417965329,2.19423959488,1.37826505994
2.34417965329,2.20248971211,1.77282049426
2.34417965329,2.20336571201,1.75881138395
2.34417965329,2.20584931389,1.99111965063
2.34441216895,2.21584520127,1.84807491162
2.34441216895,2.21286274016,1.85807844289
2.34441216895,2.20293663173,1.85807844289
2.34605168075,2.19465761016,1.75256605215
2.34605168075,2.1919673929,1.74062685629
2.34629186235,2.20188306567,1.79488968408
2.34629186235,2.20579611399,1.99612467427
2.34622677188,2.21084314041,1.92422133929
2.34627019274,2.19688454697,1.92422133929
2.34711257792,2.21221404531,1.90419515301
2.34627019274,2.21286044759,1.92149329105
2.34650880082,2.21876925047,1.92149329105
2.34650880082,2.2107422034,1.92440470356
2.34627019274,2.2050438745,1.88744119083
2.34627019274,2.20423247881,1.94121468352
2.34627019274,2.21363669298,1.87250853892
2.34645543207,2.21548015215,1.93076747425
2.34645543207,2.23117417962,2.0299123309
2.34658819731,2.23098169364,2.02610223856
2.34658819731,2.22608112078,2.01258829706
2.34658819731,2.22610934926,1.88270967355
2.34658819731,2.22887253544,2.03030650883
2.34658819731,2.23275502192,1.93440395109
2.34658819731,2.24630478265,2.02764850341
2.34658819731,2.23251220787,1.93629547116
2.34658819731,2.22791881832,1.92748482961
2.34658819731,2.23163855642,1.98534273362
2.34658819731,2.23164779916,1.93249960821
2.34658819731,2.2237299056,1.88024832421
2.34816887852,2.2344374285,1.8330132717
2.34816887852,2.22356285595,1.8330132717
2.34816887852,2.22442500791,1.6975444724
2.34816887852,2.22940864444,1.89345725943
2.34816887852,2.22556415387,1.89166465762
2.34816887852,2.22460222177,1.79443770039
2.34816887852,2.23369038123,1.88827696543
2.34816887852,2.21122067702,1.80551886249
2.34816887852,2.21698445837,1.73800909996
2.34816887852,2.21916521487,1.73208997482
2.34816887852,2.21126250804,1.91840988053
2.34816887852,2.21200581344,1.61641167865
2.34816887852,2.21898567972,1.8154458931
2.34816887852,2.22482912886,2.02009299844
2.34816887852,2.21771961687,1.97229740017
2.34816887852,2.22525876391,1.97853002337
2.34816887852,2.22030878122,1.88056918839
2.34710682596,2.22860405133,2.0233233245
2.34710682596,2.23270386416,2.02985610433
2.34710682596,2.2293157025,1.96478750445
2.34710682596,2.23042273455,1.86895188241
2.34710682596,2.22393767244,1.9620957454
2.34710682596,2.22877179811,1.97047915096
2.34710682596,2.23181009055,1.8772055374
2.34710682596,2.23689467718,1.97598457304
2.34710682596,2.23376840835,2.04410174287
2.34710682596,2.2371019762,1.87262081678
2.34710682596,2.22681658197,1.87750523696
2.34710682596,2.22670402143,1.8363645084
2.34710682596,2.22058202709,1.76441789416
2.34710682596,2.22752636035,1.76441789416
2.34710682596,2.23704474696,1.97135753492
2.34710682596,2.23864185472,1.67789577403
2.34710682596,2.23426406392,1.7217046854
2.34710682596,2.22768209084,1.81897902595
2.34710682596,2.21746443612,1.7134399673
2.34731538878,2.21803670256,1.71264047332
2.34731538878,2.20846529519,1.85275337468
2.34772433372,2.21545712467,1.85747989969
2.34772433372,2.20353798647,1.73459132162
2.34772433372,2.21555925519,1.76771999208
2.34772433372,2.22804543011,1.86083522158
2.34772433372,2.23049990998,1.86083522158
2.34772433372,2.22096403575,1.83394502039
2.34772433372,2.22979231311,1.96620594784
2.34772433372,2.22577872907,1.96156057395
2.34772433372,2.23058425895,1.96090026853
2.34772433372,2.23649575391,2.02670625304
2.34772433372,2.23413224414,2.02670625304
2.34772433372,2.22377900338,2.00899422726
2.34772433372,2.21910815102,1.84125944132
2.34772433372,2.22819341747,2.01768275436
2.34772433372,2.22501117458,2.01296636441
2.34772433372,2.22156218079,1.92123919366
2.34772433372,2.22560505556,2.00982136628
2.34772433372,2.22250657839,1.91983062628
2.34772433372,2.22545144075,1.90804708079
2.34841851725,2.2297366675,1.98993041305
2.34841851725,2.22847743211,1.67249113503
2.34841851725,2.24044325428,2.00192227574
2.34862487204,2.24209163151,2.02646357641
2.34880810758,2.24504140878,2.02053318877
2.34880810758,2.24401607521,2.02136838823
2.34880810758,2.24779196988,1.97179474047
2.34862487204,2.24635182346,2.02072549935
2.34862487204,2.24684116393,2.02249707472
2.34862487204,2.24478860124,1.97194362553
2.34862487204,2.24073354162,2.06744014946
2.34862487204,2.22997173783,1.94726660871
2.34862487204,2.22248328369,1.97781969111
2.34862487204,2.22119872417,1.8818702054
2.34862487204,2.23717017663,2.04175173435
2.34862487204,2.22143674058,1.96900773523
2.34934764188,2.21520400987,1.87759199211
2.34934764188,2.21472823532,1.94591327202
2.34934764188,2.2052301326,1.85384775272
2.34934764188,2.19682385533,1.75422350329
2.34934764188,2.2049303531,1.78653017789
2.34934764188,2.22558911466,1.99864625182
2.34977784853,2.21501265811,1.92347722478
2.34977784853,2.21576276281,1.97504682797
2.34977784853,2.22391948276,1.81750943453
2.34977784853,2.22576501997,2.02772703102
2.34977784853,2.22460175276,1.79233848827
2.34977784853,2.22270675915,1.79112983145
2.34988376438,2.22564630937,1.94536191605
2.34988376438,2.21762768683,1.94337554502
2.34988376438,2.21689978834,1.94558762726
2.34988376438,2.22878773653,1.94399545156
2.35024035297,2.24407461665,2.02896941848
2.35024035297,2.24753236736,2.03523871699
2.35024035297,2.23286727333,2.03635638418
2.35024035297,2.22659664114,2.0120552794
2.35024035297,2.22919736756,1.98974201199
2.35024035297,2.22353612359,1.89509296625
2.35024035297,2.22090025153,1.99690260311
2.35024035297,2.22426447621,1.99868871976
2.35048430809,2.23281924933,2.01234665543
2.35048430809,2.23267516825,1.93328234282
2.35048430809,2.22901141511,2.0126530253
2.35048430809,2.23501799778,2.01964948471
2.35048430809,2.21653158582,0.771185410972
2.35048430809,2.23514115984,2.01115902914
2.35048430809,2.23167714079,2.01115902914
2.35048430809,2.23642783981,2.01366104761
2.35104408017,2.24123146704,2.0203180588
2.35122443951,2.24155585414,2.01966506981
2.35122443951,2.23576676879,1.3252254578
2.35122443951,2.24880058739,2.03084314028
2.35122443951,2.23995986496,2.03084314028
2.35122443951,2.24569991755,2.03198575828
2.35122443951,2.24064700475,1.99900308548
2.35122443951,2.24628029557,2.03344454932
2.35122443951,2.23093180265,2.01508013324
2.35110823188,2.23954434555,2.01162243164
2.35110823188,2.2347993026,2.01162243164
2.35110823188,2.24575586833,2.00277704911
2.3513423436,2.24089291528,2.00290037819
2.3513423436,2.23056067984,2.01170083055
2.3513423436,2.2369026425,1.97746901587
2.35143679016,2.22730123738,2.00856728614
2.35143679016,2.2398326856,2.06337764163
2.35143679016,2.23672927347,2.01094972151
2.35143679016,2.2349433761,2.0125339143
2.35143679016,2.2383453329,2.01106868353
2.3513423436,2.23343973838,1.93706086157
2.35140242712,2.22930846753,2.0097309356
2.35140242712,2.23731788735,1.9179816001
2.35140242712,2.23362802814,1.92818130965
2.35140242712,2.23104493795,1.82841742176
2.35140242712,2.23369757046,1.82793982541
2.35140242712,2.22242173046,1.70699961355
2.35140242712,2.23282029472,1.83201790036
2.35140242712,2.2231906835,1.71249211353
2.35140242712,2.23406561828,1.71514354982
2.35152935067,2.23586449875,1.72075125701
2.35166514458,2.23531582385,1.94161389688
2.35166514458,2.23230030182,1.73775148646
2.35166514458,2.23593788353,1.92126640643
2.35166514458,2.22956231637,1.90166594656
2.35185322279,2.23511405279,1.92118009411
2.35185322279,2.22511682556,1.92576928009
2.35185322279,2.22178950894,1.91318622788
2.35185322279,2.2214645582,1.82558878039
2.35185322279,2.21720826818,1.71543354803
2.35185322279,2.20414586505,1.82440011907
2.35185322279,2.20553205663,1.7884728966
2.35185322279,2.20158145098,1.78715515468
2.35185322279,2.19463636576,1.59464927784
2.35185322279,2.20764901853,1.83827890157
2.35185322279,2.21887994888,1.82984138483
2.35188123525,2.22333887506,1.81010235361
2.35199337786,2.22444830026,1.73460998751
2.35212659199,2.22547387153,1.84801700252
2.35212659199,2.23362912891,1.83481200422
2.35235290761,2.24019119028,1.73656940985
2.35235290761,2.25103399014,1.84452703198
2.35235290761,2.24529794594,1.855938405
2.35235290761,2.2397473276,1.94128798139
2.35235290761,2.25187110296,1.92605309558
2.35266759286,2.25382627941,1.99874323343
2.35266759286,2.24944950508,1.89650716368
2.35266759286,2.25011962792,1.99699271873
2.35266759286,2.25489162496,2.01246010422
2.35320156305,2.25392245716,2.10494553105
2.35320156305,2.24816131755,1.9921694079
2.35320156305,2.24343360886,2.01101132301
2.35320156305,2.24716577471,2.00160246641
2.35320156305,2.24014230475,1.86419628694
2.35320156305,2.24337420183,1.97621573995
2.35320156305,2.25028495755,1.88222055673
2.35320156305,2.24177331786,1.94667118478
2.35320156305,2.23271311131,1.92134917877
2.35320156305,2.24024058024,1.94667534291
2.35320156305,2.2344658496,1.72072167
2.35320156305,2.24654657685,1.90049724154
2.35320156305,2.25197732955,1.71892350131
2.35320156305,2.25355627441,1.72190493232
2.35320156305,2.25398893569,1.72123052857
2.35320156305,2.25130013007,1.72123052857
2.35320156305,2.25107598135,2.01115426053
2.35320156305,2.24997275933,1.98221018609
2.35320156305,2.24416847488,1.23955405849
2.35320156305,2.22887388291,0.847057995897
2.35320156305,2.24700690371,1.20615569484
2.35320156305,2.24948301791,2.01263965251
2.35320156305,2.24271868777,2.0013904425
2.35320156305,2.23605756,1.88976208139
2.35320156305,2.23958805593,1.89265630879
2.35363093904,2.22693090192,1.94655541259
2.35363093904,2.24116072961,2.04542733868
2.35363093904,2.24181930229,1.99784849809
2.35320156305,2.22409342656,2.01289307592
2.35320156305,2.22770557051,1.83260492037
2.35320156305,2.22971138893,1.70161506846
2.35320156305,2.21580585079,0.856002045345
2.35320156305,2.22440934494,1.91802519813
2.35320156305,2.22105414045,1.97739913662
2.35320156305,2.22173624842,1.95911250167
2.35320156305,2.22776532014,1.96631358428
2.35320156305,2.23735943516,1.86850587363
2.35320156305,2.22885203085,1.86850587363
2.35320156305,2.22672700593,1.86850587363
2.35320156305,2.23057201292,1.97832471151
2.35320156305,2.2292478701,1.92943680703
2.35322896523,2.23692380212,2.00107612847
2.35322896523,2.23836998691,1.96261171122
2.35322896523,2.22860858327,2.01753258471
2.35322896523,2.22723355234,2.01606990921
2.35322896523,2.22806947752,1.89898096391
2.35322896523,2.22582782878,1.96089991726
2.35322896523,2.21828682135,1.93711248574
2.35322896523,2.23064516808,1.7284967526
2.35322896523,2.22766209297,2.03279924481
2.35322896523,2.21798597254,2.0309243862
2.35322896523,2.22269791069,2.03216046478
2.35322896523,2.22840287291,1.93771650887
2.35503139835,2.22886545003,2.01092473028
2.35503139835,2.22998040216,2.02512439715
2.35503139835,2.24079807424,1.8718851765
2.35503139835,2.24701604985,1.97318834237
2.35503139835,2.24445853155,1.86046649565
2.35485107192,2.25044507003,2.04240206825
2.35485107192,2.24744502373,2.02900666755
2.35485107192,2.2514293907,2.02900666755
2.35485107192,2.23508486596,2.02112315356
2.35485107192,2.23484172955,2.01003416491
2.35503139835,2.22954052104,2.0053224326
2.35503139835,2.22768381457,1.99914853827
2.35503139835,2.23057413742,2.03198850445
2.35608035447,2.23265726444,2.00304844235
2.35608035447,2.23216786943,2.00395959652
2.35608035447,2.2316364812,1.95019456236
2.35608035447,2.23610123832,2.02482581926
2.35608035447,2.22363541431,2.03540136256
2.35608035447,2.22392544456,1.92771609822
2.35608035447,2.23147804215,1.57778036377
2.35608035447,2.24812840836,2.04175472637
2.35608035447,2.23865924584,1.99300892473
2.35608035447,2.23381626119,2.03102528202
2.35608035447,2.2374784645,2.02776064679
2.35608035527,2.24894122932,2.03376980208
2.35608035527,2.24335142673,1.92830402843
2.35608035447,2.24790713764,2.00239295401
2.35608035447,2.24769284225,1.94183094677
2.35608035447,2.23904031163,2.02711789096
2.35634110736,2.24554996771,2.02708437962
2.35634110736,2.23722698661,1.81066114673
2.35634110736,2.23337822921,1.8968931012
2.35608035447,2.24241391722,1.92740669526
2.35643705248,2.2407581791,2.02689444623
2.35643705248,2.23013241885,2.01077569975
2.35643705248,2.23212876967,1.45414353757
2.35643705248,2.23051884909,1.43809920629
2.35643705248,2.23496174187,1.44497476077
2.35643705248,2.2308197483,1.58812628528
2.35643705248,2.23285064171,1.62980023679
2.35643705248,2.24336957228,2.06035429032
2.35643705248,2.24252162084,1.83878336704
2.35643705248,2.23607177431,2.0742355099
2.35643705248,2.23390838635,2.0487840289
2.35647597179,2.24102254519,2.00956791231
2.35647597179,2.25135583715,1.91361492364
2.35647597179,2.24683598904,1.91361492364
2.35647597179,2.24815177526,1.89180421606
2.35647597179,2.24640278034,1.79331268627
2.35647597179,2.24464288409,1.7885124819
2.35647597179,2.2509268404,1.96192381036
2.35647597179,2.24790557455,2.02827183968
2.35647597179,2.24140548363,2.02681650679
2.35643705248,2.24171691389,2.02171388704
2.35643705248,2.24561022789,2.03684608601
2.35643705248,2.24793400647,2.02499661594
2.35643705248,2.24984819178,1.95001839077
2.35643705248,2.25253042907,1.94255266781
2.35643705248,2.25735410841,1.93037794742
2.35643705248,2.2689433559,2.04736605214
2.35647597179,2.26541864997,1.83876659588
2.35647597179,2.26380193271,1.92454685312
2.35647597179,2.27085913266,1.94144055749
2.35647597179,2.26778428721,2.02101715631
2.35647597179,2.26065033144,2.09183805124
2.35647597179,2.26934110597,2.04669136902
2.35647597179,2.26709340475,2.06489387143
2.35647597179,2.26787944506,2.04237841396
2.35647597179,2.25809679341,1.99718708458
2.35647597179,2.25345767449,1.77479069177
2.35647597179,2.24752973208,2.03416186009
2.35647597179,2.24909745878,1.94434674206
2.3567862536,2.251371106,1.86462149058
2.3567862536,2.2415592485,1.92499511717
2.3567862536,2.2476630686,1.92499511717
2.3567862536,2.23367355168,1.86705550505
2.35679771376,2.23994569027,1.72119109632
2.35679771376,2.23568329076,1.8259056907
2.35727734534,2.22583097969,1.77534019325
2.35679771376,2.22400723232,1.81928963147
2.35647964839,2.22860910817,1.90376980414
2.35647964839,2.23218105303,1.90256345527
2.35719530147,2.24674597611,1.90615769479
2.35647964839,2.25258473275,1.64247928865
2.35647964839,2.25826529394,1.64247928865
2.35647964839,2.2622574602,1.80111083323
2.35647964839,2.26096813616,2.02391536952
2.35647964839,2.25733499777,2.0243140387
2.35649348998,2.25012908716,1.51374741762
2.35686106573,2.25338863526,1.94393742052
2.35686106573,2.25705842306,1.93678100077
2.35686106573,2.25133802351,1.99372644087
2.35686106573,2.24546958555,1.99115705998
2.35686106573,2.25754824115,1.8971364068
2.35686106573,2.25287299693,1.83225104415
2.35686106573,2.25837415292,1.71204231533
2.35686106573,2.25994313911,1.92405846699
2.35649348998,2.25490035397,1.84504303559
2.35749063166,2.25703436109,2.04616382561
2.35749063166,2.25855082754,1.99793424452
2.35749063166,2.26781315999,1.29883645444
2.35749063166,2.27019219692,2.07890621095
2.35749063166,2.26826297679,2.07890621095
2.35749063166,2.27216483302,1.88011767084
2.35749063166,2.26918726079,1.85243150168
2.35749063166,2.25833501417,1.73160847882
2.35749063166,2.26500551362,1.78239428185
2.35749063166,2.26816916676,2.07213866297
2.35749063166,2.26318364379,1.96201161861
2.35866140202,2.26128895644,1.96201161861
2.35866140202,2.27053337041,2.05048877068
2.35866140202,2.27208448518,1.4659608514
2.35866140202,2.26785025379,1.4659608514
2.35866140202,2.28114942738,2.0210541329
2.35866140202,2.27373399829,1.99334445694
2.35866140202,2.26356475538,1.97531609187
2.35866140202,2.27238170271,2.06464576837
2.35866140202,2.26927718828,2.02477723593
2.35866140202,2.26481882339,2.02678122382
2.35866140202,2.27037213276,2.02596587263
2.35866140202,2.27809457952,2.12435470335
2.35866140202,2.27077690291,2.00294067115
2.35866140202,2.27079365941,1.85707765616
2.35890284566,2.27355502437,2.09688290247
2.35890284566,2.26702738798,2.10672619566
2.35890284566,2.26394482864,1.74446631985
2.35890284566,2.26438040081,1.73459594913
2.36020270235,2.26420057878,1.63137044816
2.36020270235,2.2632748072,1.79203432615
2.36020270235,2.26489002737,1.93938495698
2.36020270235,2.27297812873,2.01964757644
2.36020270235,2.27732646479,2.12532756764
2.36020270235,2.28059917697,2.11372714424
2.36020270235,2.27959359049,2.04349675652
2.36020270235,2.26829740703,2.09510500278
2.36020270235,2.25686105773,2.03588900646
2.36020270235,2.26175695549,2.04097173021
2.36020270235,2.25479481962,2.06442680942
2.36020270235,2.25007048076,1.9383059108
2.36020270235,2.24508996565,1.92090534788
2.36020270235,2.25199282662,2.02011301336
2.36020270235,2.24426966514,1.90113639874
2.36020270235,2.25554630525,1.32338168615
2.35984019395,2.2610874251,2.0956202092
2.35984019395,2.25597278146,2.00264360559
2.35984019395,2.25169632598,2.01903580658
2.35984019395,2.24817037355,2.10045041076
2.36020270235,2.25937610465,2.09595187586
2.3601881693,2.26045636133,1.99215534034
2.3601881693,2.25886519344,2.01213025215
2.3601881693,2.26557145475,2.00973311384
2.3601881693,2.26396155833,2.10437283339
2.3601881693,2.26411740148,1.90489103677
2.3601881693,2.26456109622,1.88433064217
2.3601881693,2.26644681708,1.93709323115
2.3601881693,2.26397274164,1.93722462996
2.36040985992,2.25479807,1.82760612997
2.3601881693,2.24157133957,1.73159921482
2.3601881693,2.25107614993,1.59637646681
2.3601881693,2.24294493312,1.57542801505
2.3601881693,2.24097278227,1.58477629788
2.3601881693,2.24085830456,1.58043768475
2.35993956248,2.24439625466,1.58043768475
2.35993956248,2.22339369763,0.748787369755
2.35993956248,2.22361518526,1.56464684274
2.35993956248,2.22055539899,1.22717249074
2.35993956248,2.24165593661,1.68322158295
2.35993956248,2.25660380189,1.68701959642
2.35993956248,2.26507922857,2.01948354336
2.35993956248,2.27280176051,1.92450489786
2.3599608205,2.27784901322,2.0152781051
2.3599608205,2.26380202062,1.57412682926
2.3599608205,2.26731795248,2.07971068233
2.3599608205,2.26980116043,2.02500363173
2.3599608205,2.27074374891,2.02500363173
2.3599608205,2.28130910478,2.02536812131
2.3599608205,2.27400611548,2.09505665052
2.36006342542,2.26554264843,2.0090499125
2.36006342542,2.25983983539,2.0090499125
2.36006342542,2.25922166085,2.02424400886
2.36054176919,2.24892676417,1.93045540472
2.36054176919,2.25017042259,1.93045540472
2.36054176919,2.25722076983,2.02843364675
2.36054176919,2.26019003863,1.94167761693
2.36054176919,2.25125096616,2.02617662939
2.36054176919,2.26523358114,2.04466643012
2.36099789163,2.25486628254,2.04730576455
2.36091767453,2.25636760989,2.01669781774
2.36091767453,2.24946519771,2.01415237605
2.36091767453,2.25835683029,2.01329648428
2.36091767453,2.25719009212,2.02521823018
2.36091767453,2.26131653754,2.01882410698
2.36091767453,2.25242431975,1.8864313829
2.36091767453,2.2586293433,1.89946751702
2.36091767453,2.2518544464,1.89435855085
2.36091767453,2.24559562737,1.80283205322
2.36091767453,2.23584702873,1.80452242273
2.36091767453,2.23124388628,1.79882104448
2.36101538579,2.24084236756,1.63393259283
2.36101538579,2.24460584749,1.80630772527
2.36091767453,2.24317147355,1.74303875613
2.36091767453,2.24804517433,1.75154190186
2.36091767453,2.24641649705,1.74303875613
2.36091767453,2.24438686107,1.77032629613
2.36091767453,2.25155168641,1.4931777001
2.36091767453,2.25359251214,1.52836637577
2.36077114257,2.25723002348,1.52271358044
2.36077114257,2.26858282419,1.53839197556
2.36058931512,2.24653822685,0.572078410621
2.36118849728,2.26929769928,1.52294518857
2.36118849728,2.2555439498,1.37803666738
2.36118849728,2.23917364159,1.36802130592
2.36118849728,2.2194015322,1.37856074649
2.36118849728,2.24183427134,1.54180614364
2.36118849728,2.24462415167,1.53880144191
2.36118849728,2.24093765904,1.5413659977
2.36118849728,2.25138742474,1.5413659977
2.36118849728,2.24122421308,1.53526942027
2.36118849728,2.24454116055,1.5372874403
2.36118849728,2.25416671838,1.53552159985
2.36118849728,2.24918662097,1.52643673636
2.36118849728,2.25290622333,1.54204446409
2.36118849728,2.25865891919,1.87872230172
2.36118849728,2.25143560733,1.87872230172
2.36118849728,2.25702363748,1.94082112775
2.36118849728,2.25829043854,2.03792762403
2.36118849728,2.25569400758,1.35318612588
2.36118849728,2.24812052065,1.35318612588
2.36118849728,2.24335674164,1.35531051809
2.36118849728,2.25894720575,1.36853067096
2.36118849728,2.26700527867,2.03374365408
2.36118849728,2.26074444292,2.03225971726
2.36128902849,2.26464421929,1.94467087043
2.36128902849,2.26668839311,1.99514546487
2.36128902849,2.26254264073,1.8318078308
2.36128902849,2.25669550219,1.94384888573
2.36189310675,2.26301814953,2.03378412497
2.36189310675,2.24916114261,2.04787227452
2.36189310675,2.24505907786,1.93067728121
2.36189310675,2.24709359536,1.9331498489
2.36189310675,2.23197177586,0.731029540707
2.36189310675,2.23488734232,2.02349387555
2.36189310675,2.23890962905,1.98111636893
2.36189310675,2.23759324028,1.98111636893
2.36189310675,2.2437740622,2.02618113829
2.36189310675,2.23182002572,1.93618189137
2.36118849728,2.22516411234,1.93617596784
2.36118849728,2.23541471942,1.95336114865
2.36118849728,2.23279939848,1.93043587387
2.36118849728,2.22555046634,1.92853450303
2.36122555817,2.22677534853,1.93133770359
2.36118849728,2.22346831534,1.9288222865
2.36118849728,2.22438999741,1.97816011997
2.36128902849,2.23140549135,1.93599753237
2.36168716556,2.22823721922,1.81552286989
2.36168716556,2.228005688,1.81545233827
2.36168716556,2.23212173869,1.81545233827
2.36168716556,2.21828690239,1.81578205849
2.36128902849,2.22326321255,1.81578205849
2.36128902849,2.21870375051,1.81084590931
2.36128902849,2.2300430491,1.9022004542
2.36135721866,2.23161741588,2.02450419408
2.36147905991,2.24862347232,1.93540237571
2.36147905991,2.2462115309,1.93509281461
2.36147905991,2.2515338268,1.80304756671
2.36147905991,2.24910251582,1.93316399303
2.36147905991,2.24774821839,1.66252332621
2.36147905991,2.23504526358,1.56751924573
2.36147905991,2.23534888009,1.66820379749
2.36147905991,2.23698696851,1.78147773727
2.36147905991,2.24625970609,1.78147773727
2.36147905991,2.23972788881,1.76378488896
2.36147905991,2.23146469219,1.76185313858
2.36147905991,2.24392174347,1.7906200077
2.36147905991,2.23484236497,1.65096658347
2.36157319908,2.24668775043,1.78108598656
2.36224471969,2.24069982722,1.93744677288
2.36224471969,2.25138426791,1.89875023593
2.36224471969,2.24314469925,1.94408839346
2.36224471969,2.24449409741,1.9440314341
2.36224471969,2.24574970988,2.04623056085
2.36224471969,2.23070107914,1.33490931998
2.36224471969,2.24314092114,2.03192070003
2.36224471969,2.24824871802,2.02106779301
2.36224471969,2.23913801108,2.013915184
2.36224471969,2.24594072666,2.01238525732
2.36224471969,2.24703046291,2.01205837752
2.36224471969,2.25147505163,2.0304827412
2.36224471969,2.24540128222,2.03338313209
2.36224471969,2.24889372249,2.03308444572
2.36248052674,2.23447684021,1.96369197099
2.36248052674,2.24076780731,2.0267646281
2.36248052674,2.23127344115,2.02665892209
2.36248052674,2.23726476983,2.02659877489
2.36248052674,2.22196856822,1.98024876468
2.36248052674,2.23316775836,2.02822648337
2.36248052674,2.23728412643,1.77160024846
2.36248052674,2.24830614567,1.76991405437
2.36248052674,2.24657911355,1.77447703309
2.36248052674,2.2313274219,0.737315745377
2.36248052674,2.22572662091,0.768022002849
2.36248052674,2.22538276474,0.814720915056
2.36248052674,2.21547032129,1.47493831465
2.36248052674,2.22657082619,1.47331163962
2.36248052674,2.23836297252,1.75901918681
2.36248052674,2.24404989967,1.76316208827
2.36248052674,2.26335626334,1.76902500923
2.36248052674,2.26156532623,1.76902500923
2.36248052674,2.25046153873,1.45979721346
2.36248052674,2.25080990789,1.60689278065
2.36248052674,2.26859251435,2.01370173487
2.36248052674,2.27188937227,2.03063771813
2.36248052674,2.26522026768,2.04478163834
2.36248052674,2.25943319262,2.00593720054
2.36248052674,2.26617643927,2.02665512706
2.36248052674,2.26600658869,1.91133916893
2.36248052674,2.26285685843,2.01686413955
2.36248052674,2.2667700912,1.60200395112
2.36248052674,2.26409107004,1.60200395112
2.36248052674,2.27120432624,1.89853718865
2.36248052674,2.26684193194,1.90583838446
2.36248052674,2.28475330019,1.98121362099
2.36248052674,2.2811286714,1.91337066596
2.36272732276,2.27573271207,1.99578240077
2.36272732276,2.27938450438,2.03447514964
2.36272732276,2.27420756652,2.02293925384
2.36272732276,2.27617536587,2.02814825352
2.36272732276,2.26625309043,2.02660721856
2.3625820798,2.26806208918,1.92640333203
2.3625820798,2.26834836496,2.01485044975
2.3625820798,2.27129941568,2.02530908613
2.3625820798,2.2707492372,2.02561641395
2.3625820798,2.26915531273,1.66332107547
2.3625820798,2.27270501503,1.90432519751
2.36277072893,2.263734739,1.90432519751
2.36277072893,2.27139477227,1.90608713324
2.36277072893,2.27765262725,1.80131573292
2.36277072893,2.27740703479,1.79726298459
2.36277072893,2.28191708457,1.83530296022
2.36277072893,2.27574523797,1.79973253469
2.36277072893,2.26748629726,1.79876481539
2.36277072893,2.26368901694,1.79843210925
2.36317390063,2.26844006597,1.79287771153
2.36317390063,2.27466375022,1.91812713758
2.36317390063,2.27268429844,2.04789872131
2.36317390063,2.2776804438,2.09532663261
2.36317390063,2.27463052633,2.00020907168
2.36317390063,2.27645815583,2.09146142607
2.36317390063,2.27660761656,2.05015572127
2.36317390063,2.27314142411,2.00681294689
2.36317390063,2.27301863224,1.85823996218
2.36317390063,2.2639999918,1.18986183385
2.36317390063,2.26270304796,2.03872879159
2.36317390063,2.25345474857,2.0059234986
2.36317390063,2.26031870654,2.01103741153
2.36317390063,2.27406140738,2.04838770176
2.36317390063,2.26722579286,2.03579302602
2.36317390063,2.26636468315,1.95591702623
2.36317390063,2.26649694574,1.96540311366
2.36317390063,2.2637876335,1.955641581
2.36317390063,2.26804745855,2.00579930684
2.36317390063,2.2638725623,2.0110944551
2.36317390063,2.26114029951,2.0110944551
2.36317390063,2.26019779592,2.00579930684
2.36317390063,2.26646389408,2.05629093892
2.36317390063,2.2466166954,0.800954049708
2.36317390063,2.25808884887,1.8557901147
2.36317390063,2.26681150145,1.86170203765
2.36317390063,2.27202441483,1.95984818022
2.36317390063,2.28100600409,1.93214022188
2.36317390063,2.27824405048,1.8484730834
2.36317390063,2.29235529174,1.89180822294
2.36317390063,2.28517261254,2.10219419995
2.36330798598,2.29030833454,2.02008358848
2.36330798598,2.2880177612,0.77012512485
2.36330798598,2.27546348628,0.761111355972
2.36384054423,2.26602911808,0.754069700524
2.36384054423,2.27785422202,0.759405079565
2.36384054423,2.28016977118,0.736010569629
2.36384054423,2.28584601382,2.04344283712
2.36384054423,2.27641409588,2.01293403109
2.36384054423,2.27474762367,2.01293403109
2.36384054423,2.27073386477,1.28790079589
2.36384054423,2.28127227342,2.03151892515
2.36384054423,2.28577101248,2.02950406648
2.36384054423,2.28272473821,2.04012146038
2.36384054423,2.28229257858,2.0353947515
2.36384054423,2.27779087583,2.01491911593
2.36384054423,2.26804937799,1.95189871469
2.36384054423,2.26965394491,1.72645211428
2.36384054423,2.27025782711,1.95469977579
2.36384054423,2.27286223058,1.96855871649
2.36384054423,2.27409958183,1.87328701902
2.36384054423,2.26842121424,1.94135303334
2.36384054423,2.27938480006,1.8985315028
2.36384054423,2.27026175688,1.73792080997
2.36384054423,2.27322056346,1.9022708088
2.36384054423,2.26671466334,1.92336705357
2.36384054423,2.26210127274,1.91578805572
2.36384054423,2.2690003954,1.85590302856
2.36384054423,2.27647023529,1.85590302856
2.36384054423,2.27816903245,2.0241968886
2.3638405475,2.26895228639,1.97400508843
2.3638405475,2.25948305121,1.68640794815
2.3638405475,2.26260918643,1.66249667943
2.3638405475,2.27061572383,1.66688445698
2.3638405475,2.26968072275,2.04659426903
2.36394628878,2.28427671182,2.1159110644
2.36394628878,2.28433670097,1.21378461819
2.36394628878,2.2892143749,2.04619648262
2.3638405475,2.28925358232,2.020104764
2.3638405475,2.28628745039,2.0290324956
2.3638405475,2.27651771755,2.0290324956
2.36384054423,2.27488629542,2.02771927125
2.36384054423,2.2760794359,1.94303072111
2.36384054423,2.27380318143,1.94303072111
2.36384054423,2.27874561677,2.04056550724
2.36384054423,2.27878490785,2.02773651864
2.36394628878,2.27410689615,2.04367484877
2.36376157487,2.27881402594,2.11471673913
2.36376157487,2.27604609411,0.829897052328
2.36437859049,2.27719744058,1.20436143677
2.36437859049,2.27604082635,0.820559470435
2.36437859049,2.28610624179,2.10149566615
2.36437859049,2.2939925721,2.03507701738
2.36448833042,2.28857811583,1.50267633117
2.36448833042,2.27685011896,1.4926803192
2.36437859049,2.28488953063,2.05134299781
2.36437859049,2.28851640912,2.09565530087
2.36437859049,2.28463783975,2.04468450399
2.36491872055,2.28067626943,1.83482610229
2.36491872055,2.27527304329,1.87456381681
2.36491872055,2.28085166138,2.05609802283
2.36491872055,2.28817501299,2.11932050171
2.36478146715,2.2934580351,2.05185266001
2.36462789223,2.28759762508,2.05072538948
2.36462789223,2.28174064041,2.10615059132
2.36462789223,2.28888915608,1.96291733672
2.36462789223,2.2887531434,2.05598381834
2.36462789223,2.29418566633,2.05575603886
2.36462789223,2.28812070769,2.04756999458
2.36478146715,2.28784490464,2.05291506257
2.36462789223,2.28166404541,2.0531503962
2.36462789223,2.27604284184,2.04071286614
2.36462789223,2.2777052539,2.08674888592
2.36462789223,2.28183929408,2.11413968583
2.36462789223,2.2759331022,1.90478173826
2.36462789223,2.27469924109,1.89154381715
2.36490173099,2.27668473488,1.98388034447
2.36462789223,2.28727233256,2.12832462539
2.36462789223,2.29163926965,2.12365395839
2.36462789223,2.28242143864,1.86650610481
2.36462789223,2.27922097038,1.96404154031
2.36462789223,2.27956244205,2.04232211846
2.36462789223,2.27959189904,2.04220950255
2.36462789223,2.29162761282,2.12404746356
2.36462789223,2.28141280868,2.02256181324
2.36520730605,2.29435688786,2.11897164294
2.3652254833,2.29190598811,2.05877137577
2.3652254833,2.2825098492,2.0095966124
2.3652254833,2.28213397398,2.10705351432
2.3652254833,2.28223018827,2.02695437069
2.3652254833,2.28086263799,2.08054727514
2.3652254833,2.27723206263,1.91410613449
2.3652254833,2.28408370709,1.92194238097
2.3652254833,2.28706368006,2.0823801198
2.3652254833,2.28920740371,2.07627843869
2.3652254833,2.28030437233,2.04572992478
2.3652254833,2.27740080653,2.08697789235
2.3652254833,2.27377968746,1.98315655238
2.3652254833,2.28257280386,2.03167058941
2.3652254833,2.27839681326,2.03352066963
2.3652254833,2.27458882361,1.95830527571
2.3652254833,2.27971738632,1.91234016051
2.3652254833,2.28548700012,1.89246704667
2.36523776388,2.28595170248,1.89246199714
2.36523776388,2.28001890323,1.98260567997
2.36523776388,2.28009337435,1.90090524514
2.36523776388,2.27539714471,1.89757277601
2.36541598792,2.2760721177,1.89757277601
2.36523776388,2.28246773217,1.89818386355
2.36523776388,2.28382602841,1.82896905633
2.36523776388,2.2869279943,1.90335163258
2.36523776388,2.28496697162,1.93524684827
2.36523776388,2.29449137047,1.90824901732
2.36523776388,2.30078485399,1.90824901732
2.36523776388,2.30329993136,1.89453141355
2.36523776388,2.29875706004,1.90708447404
2.36523776388,2.28487369411,1.89352544731
2.36523776388,2.2902376636,1.891351154
2.36523776388,2.30223109397,1.56921008603
2.36523776388,2.29778163558,1.56921008603
2.36523776388,2.30265107359,1.66643738963
2.36550158161,2.28958450133,1.38727225124
2.36550158161,2.30011700448,1.38879728701
2.36550158161,2.29809890689,1.38813869443
2.36550158161,2.2941663554,1.38813869443
2.36531989572,2.28976790498,1.9772803918
2.36531989572,2.27938073602,1.98815573516
2.36531989572,2.28633868681,2.00631385736
2.36531989572,2.28306640356,2.01592720433
2.36531989572,2.27660072378,1.91640819554
2.36531989572,2.27941623709,1.99396789107
2.36552014403,2.28685595856,1.99483550207
2.36552014403,2.28138653307,1.89810285391
2.36552014403,2.28280447011,2.0355265272
2.36552014403,2.28877888087,2.03164339364
2.36552014403,2.28351220104,1.95088956273
2.36552014403,2.27894179349,1.93961226634
2.36552014403,2.27437766565,1.9595481334
2.36552014403,2.27683690989,1.99772612521
2.36552014403,2.28858005542,1.9957877681
2.36552014403,2.28423298449,2.08779339453
2.36552014403,2.29356904399,2.04020565628
