best,average,worse
1.36058410162,0.562356074889,0.0
1.36058410162,0.630331841484,0.0
1.36058410162,0.652314406548,0.0372161463782
1.36058410162,0.727841204287,0.0372161463782
1.36311191231,0.764194643366,0.0372161463782
1.36311191231,0.823780606606,0.0372161463782
1.36440631601,0.82297441818,0.0
1.36730511571,0.880284750553,0.180188647078
1.36730511571,0.942302599325,0.143906859518
1.36730511571,0.941111744524,0.0
1.36730511571,1.00876844697,0.0372161463782
1.36730511571,1.09770823708,0.180188647078
1.36730511571,1.0770079414,0.146493452615
1.36730511571,1.08880474658,0.267746135372
1.36730511571,1.13184438868,0.208768850623
1.36730511571,1.16580487411,0.208768850623
1.37658432257,1.22528522913,0.208768850623
1.37658432257,1.26451543243,0.29873501282
1.37658432257,1.27915051762,0.546085512436
1.37962178589,1.28648409825,0.29873501282
1.37962178589,1.29467942846,0.29873501282
1.37962178589,1.33700861541,0.576660788107
1.38220712724,1.33453197722,0.576660788107
1.38220712724,1.33525689447,0.592037766567
1.38220712724,1.33391233824,0.592037766567
1.38220712724,1.34641610613,0.88956716397
1.38220712724,1.34578673823,0.8895671642
1.38220712724,1.34571765737,0.363349818858
1.38220712724,1.34524104703,0.415063650449
1.38220712724,1.3519570904,0.532306270683
1.38220712724,1.34680477334,0.532306270683
1.38270180831,1.35769902238,0.702881355171
1.38270180831,1.35829094727,0.702881355171
1.38384558426,1.36220338756,1.25088073293
1.38384558426,1.36175772491,1.24834799576
1.38384558426,1.35771956243,1.22058589359
1.38384558426,1.36173444565,1.25318215903
1.38384558426,1.36238154273,1.23727183431
1.38537627424,1.36200198213,1.25785871171
1.38385799126,1.3616459991,1.2888310612
1.38537627424,1.36246055185,1.30305753455
1.38537627424,1.36215215154,1.30305753455
1.38655321762,1.36382387279,1.30422882644
1.38655321762,1.36643406568,1.21574326382
1.38655321762,1.36213622232,1.08581008412
1.38729582708,1.36489775316,1.08581008412
1.38729582708,1.36887603542,1.21574326382
1.38729582708,1.37123644027,1.28200213602
1.38729582708,1.37210169001,1.31449273485
1.38760088446,1.37128299045,1.30835347482
1.3883167757,1.37191167447,1.30835347482
1.3883167757,1.37264999529,1.30470731921
1.3883167757,1.36681732954,0.393425446918
1.3883167757,1.36819816205,0.622388378427
1.3883167757,1.36867556656,0.607256590229
1.3883167757,1.373585987,1.01452730363
1.3883167757,1.37456963537,1.01452730363
1.3883167757,1.37516281916,1.11436889616
1.3883167757,1.36803669909,0.449461882741
1.3883167757,1.36830541296,0.44884314407
1.3883167757,1.36154955239,0.44884314407
1.3883167757,1.37224759105,0.550698701065
1.3883167757,1.37527321016,0.603759319013
1.3883167757,1.37968233224,1.33418680677
1.3883167757,1.379231949,1.33041026915
1.3883167757,1.37646004907,1.00845888176
1.38920135692,1.37802549883,1.08663146308
1.38920135692,1.37829066944,1.29236418598
1.38920135692,1.38038915894,1.29236418598
1.38920135692,1.37969108752,1.29236418598
1.38943469931,1.38064192506,1.29236418598
1.39427764367,1.379915338,1.28673844252
1.39427764367,1.37411440662,0.798653914788
1.39427764367,1.37641381144,0.782959928775
1.39441059226,1.37649504502,0.782959928775
1.39441059226,1.37729335561,0.782959928775
1.39441059226,1.37102009468,0.61307650267
1.39693870829,1.37848155224,0.801621260681
1.39765033922,1.38267020874,1.33354941884
1.39765033922,1.38257018305,1.23573255613
1.39765033922,1.38167540491,1.16726191682
1.39765033922,1.37919340086,0.89876752185
1.39765033922,1.38392743225,1.2961856717
1.39765033922,1.38349640972,1.30350460662
1.39765033922,1.38259533833,1.28496626387
1.39791412074,1.38273193817,1.30617275946
1.39791412074,1.38409776707,1.30373074093
1.39791412074,1.38178184702,1.20299381552
1.39791412074,1.38315928506,1.20299381552
1.39791412074,1.37647794171,0.527911563601
1.39791412074,1.37783551704,0.527911563601
1.39791412074,1.383544521,1.30755184635
1.39791412074,1.38246311395,1.13554087074
1.39824548706,1.38182848019,1.05721432054
1.39905814548,1.37739192971,1.02438347876
1.39905814548,1.38652896026,1.05721432054
1.39905814548,1.38768364297,1.00327287377
1.39927361471,1.38720018076,1.00327287377
1.39927361471,1.39082854835,1.34750370786
1.40019568783,1.39096745216,1.3551224631
1.40019568783,1.39139460884,1.339719896
1.40019568783,1.39125574188,1.339719896
1.40019568783,1.38956464763,1.05980874693
1.40019568783,1.39003160233,1.2767292547
1.40019568783,1.38998041058,1.27329496827
1.40019568783,1.39016624961,1.27400156037
1.40019568783,1.39027807558,1.28689072722
1.40019568783,1.39127062124,1.3660892282
1.40019568783,1.39014784315,1.34248850932
1.40019568783,1.39039990616,1.34248850932
1.40033023494,1.3834325476,0.437077593184
1.40033023494,1.38758479954,1.213609405
1.40036834824,1.38875879279,1.213609405
1.40036834824,1.38996046262,1.27127467233
1.40036834824,1.38498503675,0.389130072869
1.40036834824,1.39236148592,1.35291473748
1.40037085462,1.39087754446,1.23605672722
1.40037085462,1.39107414948,1.22693650075
1.40037085462,1.38824635057,1.22693647364
1.40037085462,1.38836751112,1.22693650075
1.40212981648,1.38809246008,1.24556890205
1.40212981648,1.38807478587,1.27656787076
1.40212981648,1.38691291307,1.13547783432
1.40212981648,1.38966645456,1.21148047751
1.40212981648,1.39069728497,1.34883213434
1.40212981648,1.39089757954,1.35857815752
1.40219242857,1.38703722831,0.794353202009
1.40221950661,1.38028804386,0.735189417062
1.40221950661,1.38483224764,0.735189417062
1.40221950661,1.38569910671,0.744576602915
1.40221950661,1.39089408172,1.2856496712
1.40225368387,1.3902503256,1.28815085034
1.40229397099,1.38955365272,1.29914353687
1.40229397099,1.38985235685,1.2016729582
1.40231257502,1.38732036491,1.07833873767
1.40231257502,1.38939627317,1.2016729582
1.4026245236,1.38925820532,1.21148047751
1.4026245236,1.38933439824,1.21148047751
1.4026245236,1.38665994605,1.07545713541
1.4026245236,1.39015920774,1.12558895744
1.4026245236,1.38551936187,0.741276159872
1.4026245236,1.39038277795,1.12559099123
1.4026245236,1.39051953661,1.12559099123
1.4026245236,1.39206592796,1.14719138506
1.4026245236,1.39307136042,1.14719138506
1.4026245236,1.3950172497,1.32841319296
1.4026245236,1.39693726019,1.34268566695
1.4026245236,1.39643251218,1.30487516821
1.4026245236,1.39353328223,0.988655767169
1.4026245236,1.39725340247,1.35597360069
1.40262836265,1.39542844842,1.29328842412
1.40262836265,1.39644854085,1.32118549519
1.40262836265,1.39687878836,1.30697649437
1.40262836265,1.39755373302,1.35900160141
1.40264816781,1.39699113956,1.35558997096
1.40264816781,1.39096046863,0.520641810304
1.40264816781,1.39663209237,1.35812024146
1.40264816781,1.39720471545,1.34981546808
1.40264816781,1.39671062331,1.34889088422
1.40264816781,1.39558003156,1.32006227625
1.40264816781,1.39570185683,1.2777889944
1.4043311785,1.3962825859,1.32005774528
1.4043311785,1.39503254502,1.3474663225
1.4043311785,1.39476738784,1.24568590739
1.4043311785,1.39604217621,1.24568590739
1.4043311785,1.39262140811,1.24568590739
1.40433603244,1.39242300789,1.2162458807
1.40433603244,1.39135054499,1.12067287466
1.40433603244,1.39113650428,1.12067287466
1.40433603356,1.39337434716,1.29710855288
1.40433603356,1.39308888453,1.30309232157
1.40433603356,1.39186799723,1.30073235812
1.40433603356,1.39172784116,1.30073235812
1.40433711745,1.39199032147,1.07985856223
1.40433711745,1.38782467078,0.95012781301
1.40433711745,1.3931600371,1.22553999927
1.40433711745,1.39314525548,1.19357691475
1.40497725168,1.39369505405,1.19883016861
1.40497725168,1.39600996835,1.20319008644
1.40497725168,1.39595400908,1.1899387084
1.40497725168,1.39536753717,1.18465565454
1.40497725168,1.39302697554,1.15620941737
1.40497901135,1.39426797725,1.15620941737
1.40497901336,1.39160920576,1.15620941737
1.40497901336,1.39355805232,1.11982453264
1.40497901336,1.39540494776,1.24662478434
1.40497901336,1.39394620825,1.24427945529
1.40497901336,1.39448728401,1.244279427
1.40497901336,1.39200366301,1.244279427
1.40497901336,1.39409129974,1.24427943322
1.40497901336,1.39807644361,1.24427945529
1.40497901336,1.39860970562,1.32709660047
1.40497901461,1.39803664356,1.32886476588
1.40497901461,1.39775975903,1.32886476588
1.40497973895,1.39766760991,1.34100480399
1.40506170094,1.39545462738,0.940974993655
1.40506170094,1.3950468361,0.931690601115
1.40520424617,1.39028339354,0.938252200463
1.40520424617,1.39001601736,0.901995633427
1.40520424617,1.39553862219,0.901995633427
1.40520424617,1.39870775609,1.29641113048
1.40520424617,1.39739778897,1.25861665103
1.40520424617,1.39001936991,0.438057978626
1.40520424617,1.39325443865,0.555601534109
1.40520424617,1.39783796028,1.27062354723
1.40520424617,1.39994561512,1.37453471892
1.40520424617,1.39986268094,1.37175465186
1.40520424617,1.39984428323,1.37022318752
1.40520424617,1.39896545395,1.32931768933
1.40520424617,1.39873759356,1.34830804215
1.40520424617,1.39972151702,1.36986732212
1.40581515226,1.39510015146,1.14760686953
1.40581515226,1.39546838375,1.13814355364
1.40581515226,1.39575631763,1.13539052358
1.40630670676,1.39378826211,1.13539052358
1.40630670676,1.39670671902,1.25204975759
1.40630670676,1.39678278005,1.30533790548
1.40615164033,1.39550211064,1.30533790548
1.4062730869,1.39239959877,1.09847571478
1.40632036253,1.39510620623,1.10453141367
1.40632036253,1.39490165364,1.10453141367
1.40632036253,1.39512091414,1.28628996574
1.40632036253,1.39421364705,1.29006556521
1.40632036253,1.39200316435,1.26837120404
1.40632036253,1.3888428978,1.17297383678
1.40632305184,1.38946230631,1.19685273757
1.40632305184,1.39540210505,1.25308133685
1.40661433865,1.39084320859,0.737398925955
1.40661433865,1.39523320297,1.28617456547
1.40661433865,1.39256307665,1.27356326701
1.40661433865,1.39712265984,1.28617456547
1.40661433865,1.39858322742,1.29699432529
1.40674729347,1.39466642223,1.2484823933
1.40674729347,1.39142645277,1.2484823933
1.40674729347,1.39214625216,1.2484823933
1.40674729347,1.39308097093,1.25767314039
1.40674729347,1.39038890968,1.19286552634
1.40760539476,1.39473902182,1.28617456547
1.40760539476,1.39271272154,1.27557447669
1.40760539476,1.39604572371,1.27806487352
1.40760539476,1.39361578233,1.21643135277
1.40760539535,1.39626690457,1.29012588121
1.40760539535,1.39718470187,1.31282435107
1.40760539535,1.3960378352,1.29804749343
1.40760539535,1.39635238876,1.29744413157
1.40770645504,1.39691961607,1.30717488372
1.40772033766,1.39851744612,1.30717488372
1.40772033766,1.39896897314,1.32579598687
1.40772033766,1.39710844608,1.34938819395
1.40780582406,1.39200656002,0.757633249457
1.40780582406,1.3999210135,1.35322583469
1.40780582406,1.39968660189,1.19645239675
1.40780582406,1.40064328424,1.36309410966
1.40804652397,1.39998532585,1.326938628
1.40804652397,1.3922795186,0.366389328568
1.40804652397,1.38067137995,0.40347062067
1.40804652397,1.39914110242,1.31969894968
1.40804652397,1.39817881099,1.2338798684
1.40804652397,1.3964452332,1.24009279894
1.40804652397,1.38937382231,1.16593062486
1.40804652397,1.38954780015,1.20546672753
1.40804652397,1.38774562109,1.20340243987
1.40804652397,1.38407711744,1.19331562442
1.40804652397,1.38670629368,1.19606192861
1.40804652397,1.38834154671,1.19606192861
1.40804652397,1.3839772689,1.06241469159
1.40804652397,1.38933912141,1.06241469159
1.40804652397,1.39188705942,1.08375619785
1.40804652789,1.39573097963,1.29752133016
1.40804652789,1.39289702868,1.29821781802
1.40804652789,1.39235277044,1.24529094905
1.40804652789,1.3951788831,1.29821781802
1.40804652789,1.39564766596,1.3059621001
1.40804652789,1.39394133278,1.3059621001
1.40804652789,1.39138011513,1.26055630423
1.40804652789,1.39047617355,1.22892611664
1.40804652789,1.38693945641,1.15082849671
1.40804652789,1.39286303613,1.22892611664
1.40804652789,1.39288421425,1.22892611664
1.40804652789,1.39168846523,1.23071317591
1.40808950825,1.39030266175,1.22892611664
1.40808950825,1.39052743199,1.22713401973
1.40808950825,1.39204211262,1.22713401973
1.40808951218,1.39763781115,1.29220461931
1.40823233042,1.39607526556,1.29220461931
1.40823233042,1.39461142903,1.3059621001
1.40823233042,1.3937541488,1.30019622176
1.40823233051,1.39094113644,1.26208739212
1.40823233051,1.39462843762,1.24613508098
1.40823233051,1.3883177243,0.662575680694
1.41836608145,1.39597352086,1.30648917905
1.41836608145,1.39684419209,1.30414736363
1.42052823196,1.39470881521,1.26605019516
1.42052823196,1.39540624999,1.26333403324
1.42052823196,1.39691682438,1.24099537245
1.42052823196,1.39191394898,0.967325737127
1.47410559091,1.39022892366,0.866746490249
1.47410559091,1.39462033484,1.0604487188
2.113420675,1.40190547775,1.29220461931
2.11377771912,1.40650648516,1.2991501078
2.11377771912,1.41582205348,1.27532768158
2.11377771912,1.42358376186,1.26177849969
2.11378700104,1.44328997209,1.26430223859
2.11378700104,1.4573374931,1.24463705834
2.11378701948,1.49001779596,1.27999348342
2.11394644304,1.50572991483,1.30202503238
2.11394644304,1.53495778678,1.31105634033
2.11394644304,1.58627059242,1.23294528176
2.11394644304,1.62050796137,1.28780174561
2.11394644304,1.61262474963,1.28140784331
2.11394644304,1.61496408214,1.28140784331
2.11394645321,1.61238564212,0.959443516839
2.11394645321,1.68906022622,0.959443516839
2.11394645321,1.69234813669,1.28140784331
2.11543166225,1.73667458938,0.548671992692
2.11543166225,1.74956432996,1.30648917905
2.11543166225,1.75063680426,1.10978275392
2.11543166225,1.77643936374,1.10978275392
2.11543166225,1.83434247523,1.08829713375
2.11543166225,1.8491136039,1.08829713375
2.11543166225,1.8650740573,0.898514876663
2.11543166225,1.88408093552,1.29091709078
2.11543166225,1.83836768436,1.19176733418
2.11543166225,1.85839563276,1.19176733418
2.11543166225,1.8599273594,1.31820416829
2.11543166225,1.84910587671,1.35340595298
2.11543166225,1.83421880821,1.36040828556
2.11543166225,1.81288228935,1.21700187837
2.11526032479,1.83328201938,1.29238912745
2.11526032479,1.86131870063,1.35351698114
2.11526032479,1.9027244325,1.17709257245
2.11526032479,1.91100686936,0.55560983984
2.11547903476,1.87557936305,1.30453277777
2.11547903476,1.8709110746,1.20422191471
2.11547903476,1.85039794799,1.20422191471
2.11620470495,1.86689832465,1.16157532481
2.11620470495,1.86287182578,1.20422322387
2.11620470495,1.9004160731,1.16709311493
2.11620470495,1.8698397397,0.406495770942
2.11626836229,1.85167006241,0.406495770942
2.11634665515,1.88459923863,1.38095320992
2.11634665515,1.93653435096,1.36908124043
2.11634665515,1.9081584549,1.31691981082
2.11634665515,1.92744880644,1.38441513982
2.11634665515,1.93452390442,1.28458160166
2.11634665515,1.9154138232,1.27003173639
2.11634665515,1.91840157832,1.27003173639
2.11634665515,1.94891584237,1.37279315976
2.11634665515,1.96097229256,1.22728529468
2.11634665515,1.96967938577,1.2588955884
2.11634665515,1.98859166962,1.26680095727
2.11634665515,1.99991684639,1.34926863904
2.11634665515,1.97732624496,1.37853288959
2.11634665515,1.93286226236,1.37643154429
2.11634665515,1.89189621297,1.34233834033
2.1165035325,1.92298722765,1.27762182191
2.1165035325,1.94495929255,1.22354634672
2.1165035325,1.95118627681,1.25277638767
2.1165035325,1.99040262454,1.3822215448
2.1165035325,2.01035025296,1.38527759658
2.11650464015,1.9867101109,1.36384645823
2.11654062158,1.95415820589,1.37918120368
2.11656594496,1.95506704491,1.37644317469
2.11656594496,1.97324832116,1.36291285983
2.11656594496,1.91086907592,1.35563186125
2.11656594496,1.85414692259,1.24230400475
2.11656594496,1.89815241296,1.24230400475
2.11656594496,1.87315346386,1.24418145668
2.11656594496,1.86501397847,1.24418145668
2.11669646633,1.89197662427,1.24713643293
2.11669646633,1.9313702681,1.34109526122
2.11669646633,1.94607926722,1.35388800325
2.11669646633,1.94501962959,1.34902341482
2.11669646633,1.94669189894,1.31075213584
2.11669646633,1.93863371428,1.31075213584
2.11669646633,1.98420235571,1.33753872077
2.11669646633,2.01810574517,1.39349069219
2.11669649574,1.99296973038,1.31818881848
2.1166966898,1.97442931197,1.19184765666
2.11693637248,1.98484797194,0.403712238813
2.11693637248,2.01070303975,1.36832002178
2.11701716891,2.02306274007,1.36405595097
2.11701716891,2.00240501992,1.1993150134
2.11701716891,1.9812033118,0.0372161463782
2.11701716891,2.00957192215,1.36971687988
2.11701716891,1.97171065571,1.39452340155
2.11701716891,1.97831168201,1.26146931326
2.11701716891,1.951543253,1.26146931326
2.11701716891,1.95089878273,1.26146931326
2.11701716891,1.93992558412,1.25764557553
2.11701716891,1.96558464761,1.2533548569
2.11701716891,1.9773368124,1.33817020039
2.11701716891,2.00294408155,1.37704229799
2.11701716891,1.97026448036,1.36181742895
2.11701716891,1.97278638813,1.36181742895
2.1170257308,1.96537416441,1.22608776742
2.1170257308,1.98505295426,1.22608776742
2.1170257308,2.00580078816,1.37647198434
2.1170257308,2.01255043294,1.37647198434
2.1170257308,2.04312910279,1.38696860097
2.1170257308,2.05525057244,1.38559494911
2.1170257308,2.04500298027,1.27546769109
2.11704260187,1.99456943591,0.335807265974
2.11704260187,2.03138924367,1.27546769109
2.11704260187,2.01494997486,1.278196038
2.11704260193,1.97314477775,1.06907506591
2.11704260193,1.98450348861,1.06323747182
2.11704260193,2.00116946349,1.37627136233
2.11704260193,1.97344067585,1.37627136233
2.11704260193,1.97219193208,1.29940457118
2.11704260193,1.93012706586,1.37685787955
2.11704260193,1.90514040962,1.33504928998
2.11704260193,1.91020459407,1.18298239289
2.11704260193,1.8862726812,0.524092790413
2.11704260193,1.94832228573,1.04641892518
2.11704264321,1.94373440728,1.15103110856
2.11704264321,1.94493845423,1.15103113315
2.11704264321,1.96682456977,1.15103113315
2.11704264321,1.97332993082,0.63554940886
2.11704264321,1.97001525958,0.620350378941
2.11704264322,2.0154113367,0.63554940886
2.11704264322,2.01899586883,1.1607186955
2.11704264322,2.0233387282,1.15103110856
2.11704264322,2.00707298536,1.15103110856
2.11704264322,2.01220405277,1.36919175723
2.11704264322,1.99706573541,1.3297056402
2.11722209478,2.02030633648,1.32997567364
2.11722209478,1.99183017903,1.36464624374
2.11722209478,1.9859698986,1.34621383834
2.11722209478,2.0059102905,1.34621383834
2.1172221026,2.02995331217,1.37683159067
2.1172221026,2.025612774,1.38586905719
2.11722210261,2.03016148674,1.38143036741
2.11722210261,2.03500817645,1.38610864051
2.11722210261,2.03464321371,1.37069326901
2.11722210261,2.04824605367,1.25273618577
2.11722210261,2.04682951457,1.00929045738
2.11729907883,2.05405437043,1.32700239233
2.11729907883,2.0208524661,1.37838506818
2.11765910132,1.9912736688,1.24089812802
2.11765910132,1.95353691981,1.05160272807
2.11765910132,1.95311143057,1.13867766391
2.11765910132,1.95046613576,0.99121350705
2.11765914471,2.00584185413,1.10767856297
2.11765914472,2.00588062415,1.13867766391
2.11765914472,2.03261327798,1.14541942907
2.11765914472,1.9963354315,1.13869685138
2.11765914472,2.03398718567,1.1363017266
2.11765914472,2.02280703586,1.36931835215
2.11765914472,2.03456741325,1.14537958096
2.11765914472,2.01860017954,0.175921221758
2.11765914472,2.01788536321,0.175921221758
2.11765914472,2.04083847861,1.35581677621
2.11765914472,2.01186209033,1.34540731246
2.11767362302,2.00250950762,1.35110226163
2.11767362302,2.003982805,1.35110226163
2.11767362302,1.99420434712,1.35581677621
2.11767362302,2.0225716736,1.32858729657
2.11767362302,1.98825667456,1.32989614539
2.11767397611,1.96563445561,1.07142228933
2.11767397611,1.96378105461,1.35581677621
2.11767397611,1.96460949066,0.806498485629
2.11767397611,1.96082199151,0.805424581609
2.11767397611,1.96001987789,0.786951022276
2.11767397611,1.93329694552,1.38718523696
2.11767397611,1.94561385261,1.04401229769
2.11767397611,1.99726341092,1.3715529383
2.11767397611,1.96491652377,0.83987034539
2.11767397611,1.96765433554,1.02497218521
2.11767397611,1.96881487887,0.633195538199
2.11767397611,1.9896604833,1.17425299533
2.11767397611,2.04501650226,1.38767652132
2.11767397611,2.03535271399,1.38912212937
2.11767397611,2.04966877495,1.38785115398
2.11767397611,2.05958298621,1.36016855055
2.11767397611,2.03394497007,1.18955559478
2.11767397611,2.04396540484,1.2372467513
2.11767397611,2.04018422434,1.35702635537
2.11767397611,2.05929768984,1.35244987885
2.11767397716,2.03329173325,1.27598300996
2.11767397716,2.04415258637,1.3035826732
2.11767397716,2.05969653449,1.3781817578
2.11767397716,2.05428509162,1.31889802639
2.11767397716,2.03567924223,1.35288329822
2.11767397716,1.98212622703,1.35288329822
2.11767397716,1.98670040545,1.35289136246
2.11767397724,1.97871667147,1.01294522745
2.11767488625,2.00088685792,1.01294522745
2.1176818612,2.03396508313,0.468180659252
2.1176818612,2.04818555365,1.02428380772
2.1176818612,2.05157560457,1.0501392416
2.1176818612,2.06902323927,1.38442678828
2.117777944,2.03561504825,1.38224817153
2.117777944,1.99225330593,1.38382357495
2.117777944,1.94475793536,1.38064144945
2.11785795833,1.90733460345,1.38064144945
2.11785795833,1.91670025513,1.38064144945
2.11785795833,1.93426452254,1.37507111147
2.11785795833,1.9483826516,1.3297144739
2.11785795833,1.98424900585,1.11054568361
2.11785795833,1.94668608095,1.23510136644
2.11785795833,1.99105653729,1.18362761024
2.11785795833,1.98149832271,1.25366393641
2.11785795833,1.98156793018,1.25155705702
2.11792251718,1.98720412823,1.37220302833
2.11794140423,1.97297940728,1.27443426305
2.11794140423,1.99550992753,1.27265217715
2.11794140423,1.98318996434,1.0503851647
2.11797618148,1.9665811125,1.05016802675
2.11797618148,2.00687154495,1.0456269318
2.11797618148,1.99354132867,1.0180000871
2.11807867932,1.98086782472,1.0180000871
2.11807867932,1.99074525441,1.04709397195
2.11812036485,2.0145035789,1.0474146356
2.11812036485,1.96935466029,0.651796866078
2.11822644979,1.96618088406,1.04578220626
2.11822644979,1.96999484963,1.04520687884
2.11822644979,1.97739703579,1.04520687884
2.11822644979,2.01164707776,1.05629633555
2.11822644979,1.98896629762,1.05629060747
2.11822644979,1.9750938737,1.38203628364
2.11822644979,1.98813021189,1.18227773159
2.11822644979,2.01056832731,1.19099333139
2.11822644979,1.99396500949,1.17668652594
2.11822644979,1.98146078186,1.19962430205
2.11822644979,1.96269692259,1.11658238237
2.11822644979,1.99406874308,1.19244406483
2.11822644979,1.98491485724,1.25897924612
2.11822644979,2.00732784589,1.32325737341
2.11822644979,1.97135476223,1.34041789482
2.11822644979,1.97279703308,1.37198796361
2.11822644979,1.99576269261,1.37026272254
2.11822644979,1.96337425487,1.36797504472
2.11822644979,1.98315446928,1.36797504472
2.11822644979,2.01627039341,1.32202926974
2.11822644979,2.0011665244,1.31352267491
2.11822644979,1.98440052704,1.10400399602
2.11822644979,1.95546987584,1.07752829253
2.11822644979,1.96792297107,1.23988147135
2.11822644979,1.99784824427,1.23988147135
2.11822644979,1.97182241333,1.23988147135
2.11822644979,1.96861315453,1.23988147135
2.11822644979,1.96300352629,0.727620488395
2.11822644979,1.9990454104,0.974312861476
2.11822644979,2.01834781896,0.974312861476
2.11822644979,2.0138065071,1.01788442832
2.11822644979,1.99344863556,1.32265121453
2.11822644979,1.98402647754,1.32265121453
2.11822644979,1.95683228824,1.20048602565
2.11822644979,1.96017249925,0.710503139498
2.11822644979,1.9629486555,0.710503116738
2.11822644979,1.99670189966,1.32265121453
2.11822644979,1.99017459713,1.2281960274
2.11825775723,1.98203395324,1.3223808958
2.11825775723,1.97110164191,1.00189501086
2.11833871115,1.91903234046,1.00189501086
2.11833871115,1.94506920584,1.24594103888
2.11833871115,1.94511786023,1.34909920166
2.11833871115,1.95233764196,1.20668483017
2.11833871115,1.94189063928,0.947220340084
2.11833871115,1.97606117427,0.946455216077
2.11833871115,1.97949622578,0.946455216077
2.11833871115,1.9990063583,1.39085180359
2.11833871115,1.99917680233,1.3876929374
2.11852872148,2.00788046965,1.30309771924
2.11852872148,2.02741359889,1.38769281146
2.11852872148,2.00248447778,1.33453161426
2.11852872148,1.93757729532,0.393141080119
2.11879522849,2.00247692443,1.37608663429
2.11879522849,1.99804468671,1.37679995205
2.11879522849,2.0172978285,1.33808123095
2.11879522849,2.01149123264,1.2598517369
2.11879522849,2.01519647667,1.2598517369
2.11879522849,1.99482249645,1.13681440861
2.11879522849,2.04620489363,1.38444203757
2.11879522849,2.05545714064,1.37257938678
2.11879522849,2.0221516305,1.37257938678
2.11879522849,2.0211076154,1.35378844736
2.11891020971,2.03979587995,1.34602466392
2.11891020971,2.04991494646,1.35362115594
2.11891020971,2.06520132622,1.38444687383
2.11891020971,2.0213434852,0.834951305659
2.11896863912,2.05044785566,1.28955633555
2.11896863912,2.02452537038,1.24706362668
2.11896863912,1.95735203839,0.845083805069
2.11896863912,2.00207266454,1.24613464195
2.11896863912,1.99008277331,1.23837745658
2.11896863912,1.97813926644,0.710390756752
2.11896863912,2.01498663185,1.29313110088
2.11896863912,1.98695820857,0.922371890971
2.11896863912,2.03189612609,1.36858758783
2.11896863912,2.0220159313,1.32833276324
2.1189926441,2.01213020241,1.32833276324
2.1189926441,2.02240957269,1.39437986975
2.1189926441,2.04157664187,1.39142404227
2.1189926441,2.03098988859,1.28275783178
2.1191439361,2.05807498807,1.28351004117
2.1191439361,2.04449801337,1.30073047474
2.1191439361,2.04569274739,1.27828799028
2.1191439361,2.00119924621,1.28351529236
2.1191439361,1.97452816301,0.967247688008
2.1191439361,1.93994894097,0.982092516341
2.1191439361,1.96848328413,0.927041295694
2.1191439361,1.99735841047,1.28216928637
2.11936756905,2.02675565336,0.589436822123
2.11936756905,2.02769545226,1.32115569011
2.11936756905,2.04780325273,1.3084621726
2.11941952379,2.0611355512,0.830098522587
2.11941952379,2.02702019202,1.34466466773
2.11941952379,2.01573898499,1.36763969862
2.11941952379,2.0224678954,1.27190769244
2.11941952379,1.97123218615,1.27190769244
2.11941952379,1.97385843953,0.787184118934
2.11941952379,2.00019668808,1.36951999631
2.11941952379,2.00849988247,1.35737985233
2.11941952379,1.96481352291,1.12145977044
2.11941952379,2.00511411821,1.12145977044
2.11941952379,2.03343760286,1.3742911603
2.11941952379,1.98812292432,0.895905232003
2.11941952379,2.02447055118,1.18903670354
2.11941952379,2.04333602226,1.39183256767
2.11941952379,2.04616690964,1.36433240011
2.11941952379,2.07142090662,1.39183256767
2.11941952379,2.08577784307,1.39183256767
2.11941952379,2.03086473687,1.25056381818
2.11941952379,2.03557021627,1.23228250648
2.11941952379,2.02173792669,1.23228250648
2.11941952379,1.99726332249,1.24242834797
2.1194958926,2.02106927254,1.23228250648
2.1194958926,2.02677322604,1.35148583437
2.1194958926,2.02749521014,1.35148583437
2.1194958926,2.02294353357,1.34580293518
2.1194958926,2.0131817707,1.34859984734
2.1194958926,2.00774684393,0.661501015695
2.1194958926,2.02790959127,0.81123598258
2.1194958926,2.03746022751,1.37995228003
2.1194958926,2.01218128065,1.23467464276
2.1194958926,1.97900451751,1.37166183406
2.1194958926,1.97706004279,0.889812897182
2.1194958926,1.96909511326,0.889812897182
2.1194958926,1.97702443066,0.889826165845
2.1194958926,1.95059362845,1.36145212526
2.11949591527,1.94587670359,1.36288230759
2.11951283964,1.92715262347,1.357374992
2.11951283964,1.94060527581,1.19860157126
2.11951363397,1.96411000433,1.20606693758
2.11951363397,1.96442517566,1.25343273512
2.11951363397,1.94781430284,1.23883229196
2.11951363397,1.94049099409,1.27189649719
2.11951363397,1.96334322172,1.27333434588
2.11951363397,1.99851104822,0.671726407745
2.11951363397,2.03290884273,1.37654115019
2.11951363397,2.04253702697,1.3813333675
2.11951363397,2.04723896042,1.37551422933
2.11951363397,2.02317411525,1.35108063931
2.11951363397,2.01997578717,1.36050102347
2.11951363397,2.02547277581,1.37485208038
2.11951363397,2.01314430012,1.37154615325
2.11951363397,2.01804122689,1.37154707354
2.11951363397,2.01078635848,1.37154615325
2.11951363397,2.00749425007,0.752467887172
2.11951363397,2.01273245523,1.3708555935
2.11951363397,1.98831486868,1.3708555935
2.11951363397,2.02550318468,1.38593550874
2.11951363397,2.0428978736,1.35359649352
2.11951363397,1.9883613522,1.20920931475
2.11951363397,1.97673107677,1.20920931475
2.11951363397,1.99027088777,1.20920931475
2.1195163692,1.94355361427,1.09060808331
2.1195163692,1.90350367762,1.01266869123
2.1195163692,1.94246087085,1.32988594486
2.1195163692,1.96817478163,0.87164757736
2.1195163692,1.94561417795,1.37236892085
2.1195163692,1.94990718244,1.37236892085
2.1195163692,1.95036617068,1.37158633181
2.1195163692,1.99344841501,1.37236892085
2.1195163692,1.9533797398,1.21251794413
2.1195163692,1.97404514556,1.35795474593
2.1195163692,1.967983703,1.25966144659
2.1195163692,1.95917287496,1.3538324035
2.1195163692,1.95430728005,1.35317093347
2.1195163692,1.97506125702,1.36652514973
2.1195163692,1.96667936559,1.12251765777
2.1195163692,1.99700677884,1.28495395369
2.1195163692,2.02102566509,1.28072196302
2.1195163692,2.01725619407,1.33686462796
2.1195163692,2.01678422388,1.33192765677
2.1195163692,1.99254795107,1.33192765677
2.1195163692,1.94026085169,1.33904208689
2.1195163692,1.92873246707,0.398031670061
2.1195163692,1.9261609472,1.37032794623
2.1195163692,1.92645298857,1.36787339611
2.1195163692,2.00825513416,1.36787339611
2.1195163692,2.00335599587,1.37246100041
2.1195163692,1.94611887213,1.36975228056
2.1195163692,1.97422701536,1.36975228056
2.1195163692,1.99803726326,1.36975228056
2.1195163692,2.0281700236,0.986987588131
2.1195163692,2.00464836697,0.986987588131
2.1195163692,2.02059633894,0.992783465718
2.1195163692,2.00619410949,1.14777294354
2.1195163692,1.95248403087,1.10538529404
2.1195163692,1.96898285199,1.31482314175
2.1195163692,1.98868476681,1.34286020633
2.1195163692,1.98339514692,1.21249817827
2.1195163692,1.97742736167,0.858992255495
2.1195163692,1.92619199365,1.08047707952
2.1195163692,1.97142975217,1.10690940593
2.1195163692,1.95544143127,0.0738430842752
2.11951647041,1.98052929123,1.13849793792
2.11951647041,1.95853945169,1.11735757025
2.11951647041,1.94622084118,1.11254331093
2.11951647041,1.94963916341,1.12590111817
2.11951647041,1.98092703902,1.14082127822
2.11951647041,1.99776393469,1.14082127822
2.11951647041,1.98989439917,1.34969691381
2.11951647041,1.97147567473,1.39329539872
2.11951647041,2.00455934812,1.39169806875
2.11951647041,2.01408084918,1.38891370122
2.11951647041,1.98895263855,1.31159137576
2.11951647041,1.98645382392,1.31159137576
2.11951647041,1.98456545106,1.31661768957
2.11951647041,2.0043940207,1.38788179619
2.11951647041,1.9967116257,1.38788179619
2.11951647041,1.97294633425,1.21459414224
2.11951647041,2.01588567792,1.37846171358
2.11951679434,1.99462273594,1.35844789667
2.11951679434,1.99008359161,1.37904078518
2.11951679434,1.96703057048,0.0891731964513
2.11951679434,1.98025083708,1.37681904109
2.11951679434,2.00926707538,1.37681904109
2.11951939361,2.0243499851,1.38742338725
2.11951965929,2.00680562973,1.38306628287
2.11951965929,2.00081252422,1.36628233476
2.11951965929,2.00771009094,1.3809325588
2.11951965929,2.00501919498,1.32298803106
2.11951965929,1.98560451798,1.23892841697
2.11951965929,1.99782396467,1.23892841697
2.11955306711,2.02528154599,1.23892841697
2.11955306711,2.00755292242,1.2334599155
2.11955306711,1.97920645199,1.22882236555
2.11955306711,1.98446984509,1.1000150304
2.11955306711,1.9702276692,1.23179073664
2.11955306711,1.95328722945,1.1305305562
2.11955306711,1.95053707539,1.1305305562
2.11955306711,1.97258409263,0.95794733363
2.11955306711,1.93431944702,1.23223170169
2.11955306711,1.93421380062,1.02540862746
2.11955306711,1.9549206047,1.02337075077
2.11955306711,2.02017479154,1.14908413601
2.11955306711,1.99182424565,1.14908413601
2.11955306711,1.96831576589,1.14908413601
2.11955306711,1.96558714117,1.37851705385
2.11955306711,1.97046881386,1.37589384302
2.11955306711,1.99958462566,1.30242534092
2.11955306711,2.00390365086,1.37790537068
2.11955311572,1.95911498623,1.37589384302
2.11955311572,1.92823664245,1.05255321437
2.11955311935,1.92715527731,1.17635316496
2.11955473843,1.94362739057,1.2888544771
2.11955473843,1.93787863873,1.12756660945
2.11955473843,1.93518839228,1.13915731139
2.11955473843,1.95946852356,1.14256686224
2.11955473843,1.9993914379,1.29886666275
2.11955473843,2.02326139929,1.29886666275
2.11955473843,1.99375051511,0.775360836645
2.11955473843,1.98537739024,1.37913680498
2.11955473843,1.9325794882,1.37913680498
2.11958059618,1.90816546955,1.3664963818
2.11958059618,1.93123163207,1.29281949286
2.11958059618,1.95084316429,1.29448613492
2.11958059618,1.96238831932,1.01225348844
2.11974549039,2.00682265002,1.29192332717
2.11974549039,1.9930521301,1.2909730386
2.11974549039,1.9829550098,1.28703732888
2.11974549039,1.98321256591,1.28703732888
2.11974549039,2.01823384976,1.34608586686
2.11974549039,1.99667032559,1.38097081342
2.11974604767,1.97566252729,1.33041348178
2.11974604767,1.94752164916,1.33041348178
2.11974604767,1.91885530324,1.32401970232
2.11974604767,1.89826807762,1.32595402812
2.11974604767,1.94023849511,1.23532801051
2.11974604767,1.92906210264,0.937375870315
2.11974604767,1.90122967319,0.937375870315
2.11974604767,1.94736242283,1.38250640338
2.11974604767,1.91820333923,1.21597736276
2.11974604767,1.96465993285,1.21213569977
2.11974604767,1.99217236973,1.19012909686
2.11974604767,1.98450986133,1.21213569977
2.11974604767,1.98596089968,1.01673712919
2.11974604767,2.0158763427,1.37478793771
2.11974604767,1.94962143779,1.37469494644
2.11974604767,1.95353622424,1.31273578093
2.11974604767,1.9627994099,1.25633380307
2.11974604767,1.99971993728,1.35303091936
2.11974604767,2.00442794251,0.658352552286
2.11974604767,1.94071971224,1.35809594149
2.11974604767,1.95647583144,1.35031322297
2.11974604767,1.97798599153,1.3335671986
2.11974604767,1.95259215548,1.14743906252
2.11974604767,1.93088543363,0.640856937001
2.11974604767,1.96608445749,0.640856937001
2.11974604767,1.97424256094,1.33937474748
2.11974604767,1.99205064991,1.22079112005
2.11997366635,1.94649700033,1.33937474748
2.11997366635,1.99089517229,1.39268501117
2.11997366635,1.97627060558,1.39284653249
2.11997366635,1.95681325582,1.35489728632
2.11997366635,1.95124928123,1.1982770303
2.11997366635,1.94624072907,1.1982770303
2.11997366635,1.92991162999,1.19601331605
2.11997366635,1.95049650528,1.19601331605
2.11997366635,1.97864127828,1.21958252225
2.11997366635,1.95663093236,1.19115406591
2.11997366635,1.89928422592,1.19115406591
2.11997366635,1.88714805876,0.947454311499
2.11997366635,1.90155512968,0.940343665841
2.11997366635,1.93542126511,1.19115406591
2.11997366635,1.95159837314,1.19444233883
2.11997366635,1.91013685552,1.19827351188
2.11997366635,1.92373580324,1.19559111897
2.11997366635,1.94002974602,1.19507030822
2.11997366635,1.9177056814,1.1982770303
2.1199745789,1.93901911607,1.20471602519
2.1199745789,1.95584033264,1.37691915802
2.1199745789,1.95583913288,1.3779824187
2.1199745789,1.89277380519,1.29226380144
2.1199745789,1.94050441109,1.29226380144
2.1199745789,1.9434381801,0.449483806102
2.1199745789,1.99377585799,1.35384955454
2.1199745789,1.9971770819,1.37592813127
2.1199745789,1.98404985563,0.854734313297
2.1199745789,2.00847877049,0.882742687174
2.1199745789,1.99836700614,0.854734313297
2.11997648827,1.99028740284,0.771162198733
2.11997648827,1.96207065473,0.841381308254
2.11997648827,1.98658274614,0.863485750835
2.11997648827,1.99046022836,0.863485750835
2.11997648827,2.02421271614,0.719217857254
2.11997648827,1.99886453821,0.533362027294
2.11997648827,2.00834211488,0.719217857254
2.11997648827,2.02179320524,0.854734313297
2.11997648827,2.00749059184,1.3347312594
2.11997648827,1.99007404469,1.33899813593
2.11997648827,2.00295248283,1.33899813593
2.11997648827,2.02292173623,1.37190535696
2.11997648827,2.03802789002,1.39047697871
2.11997648827,2.04311786715,1.3096101446
2.1199851541,2.04757483918,1.20953382482
2.1199851541,2.00192611041,0.691459909931
2.12003705804,2.01206841219,1.24611347699
2.12003705804,2.02156497947,1.24631755164
2.12003705804,2.01407700053,1.37505031401
2.12004981934,1.95700018619,1.37505031401
2.12004981975,1.94228712815,1.37753666767
2.12005042336,1.92280570946,1.38042100865
2.12005042336,1.88912696688,1.37752812199
2.12005042336,1.94563470535,1.29910346834
2.12005042336,1.96593293295,1.3776470658
2.12005042336,1.9682759624,0.994969563645
2.12005042336,1.94660517947,1.37595932237
2.12005042336,1.95918265896,1.13465782438
2.12005042503,2.00254661515,1.1419353648
2.12005107826,2.0026562499,1.31151493694
2.12005107826,1.96701252638,1.24663170151
2.12005107826,2.00063926331,1.25090162867
2.12005107826,2.017506491,1.36412507706
2.12005107826,1.99366411128,1.36530337313
2.12005107826,2.00295224011,1.35909311159
2.12005107826,1.98301764082,1.34205794956
2.12005107826,2.01236482873,1.33731214227
2.12005107826,2.02297428252,1.36530337313
2.12005107826,2.05102017556,1.34083107157
2.12005107826,2.01969497209,0.9533464631
2.12005107826,2.05186951387,1.3653031466
2.12005107826,2.03157428947,1.3225292844
2.12005107826,1.99896145673,1.36412507706
2.12005107826,2.02530535959,1.19842072817
2.12005109299,1.99688015648,0.680311745105
2.12005109299,2.01963252727,0.587046472546
2.12005109299,2.01388694543,0.547998917322
2.12005109299,2.05050519423,1.20961488133
2.12005109299,2.047129861,0.96237520037
2.12005109299,2.03439757171,0.678642018311
2.12005109299,2.02807531477,0.678639235854
2.12005109299,2.02139771256,0.678642018311
2.12005109299,2.04259191169,0.678642018311
2.12005109299,2.04342913866,1.35161823524
2.12005109299,2.04698869435,1.24037494776
2.12005109299,2.01974808642,1.38057884535
2.12005109299,2.01277315173,1.31503726967
2.12005109299,1.97011803316,1.3621221599
2.12005109299,1.97898796848,0.509633349356
2.12005109299,1.99565716268,1.38501683621
2.12005109299,2.01833650666,1.25563616631
2.12005109299,1.98439938617,1.25084954158
2.12005109299,1.98331224939,1.01227266713
2.12005109299,1.98494436659,1.33894155596
2.12005109299,1.99942590575,1.36050616379
2.12005109299,2.01818627604,1.36050616379
2.12005109299,2.02052682566,1.0563225949
2.12005109299,2.02323729749,1.36745901817
2.12005109299,1.98381534009,1.35866716754
2.12005109299,1.99853764189,1.35866716754
2.12005109299,1.99212856629,0.40269245375
2.12005109299,1.99615416678,0.40269245375
2.12005109299,2.00098010941,0.40269245375
2.12005109299,1.98173860383,1.33400837632
2.12005109299,1.98492000267,1.33400774043
2.12005109299,1.97339603746,1.31796538299
2.12005111073,1.99208962765,1.31796538299
2.12005111073,1.97731706606,1.31796538299
2.12005111073,1.96236835495,1.26520657213
2.12005111073,1.95782137729,1.26520657213
2.12005111073,1.95010416422,1.25695164476
2.12005111073,1.95212830914,1.26520657213
2.12005111073,1.98665053137,1.26520657213
2.12005111073,1.99695518303,0.812486322854
2.12005111073,1.99154255867,1.26520657213
2.12005111073,2.00239834543,1.26520657213
2.12005111073,1.9892690604,1.26175439912
2.12005111073,1.99487140724,1.37686558793
2.12005111073,1.9946888218,1.37049929428
2.12005111073,1.95756893297,1.37620461277
2.12005111073,1.99543172277,1.38292289102
2.1200511495,2.02836017237,1.38333469352
2.1200511495,1.97974366714,0.504150272966
2.1200511495,1.98495742314,1.21230931176
2.1200511495,2.02896383423,1.38333469352
2.1200511495,2.03418788051,1.38640107572
2.1200511495,2.04858833224,1.38640107572
2.1200511495,2.04444177076,1.36498173162
2.1200511495,2.03510405063,1.36498173162
2.1200511495,2.0395061285,1.36498173162
2.12012595854,2.0263012763,1.21613492606
2.12012595854,2.01759060965,1.2137312081
2.12012595854,2.04871413498,1.332594246
2.12012615837,2.04857965697,1.33893139722
2.1201261788,2.06206084688,1.3391934006
2.1201261788,2.04376782196,1.06497041853
2.1201261788,2.0663720607,1.26819219202
2.12012617884,2.04022587819,0.383928288731
2.12012617884,2.04552237424,1.3887974006
2.12012617884,2.02625636046,1.3887974006
2.12012617884,2.04799311239,1.39132284888
2.12012617884,2.03599422684,1.38424333406
2.12012617884,2.0256987473,1.36346994598
2.12012617884,2.00240135272,1.21163782577
2.12012617884,1.9845882108,1.21163782577
2.12012617884,2.02234603685,1.21608015162
2.12012617884,2.03330873307,1.31406918054
2.12012617884,2.00456225627,1.31406918054
2.12012617884,2.01031243242,1.37333034805
2.12012617884,2.00046924407,1.3711509368
2.12012617884,2.02762049555,1.21795903309
2.12012617884,1.98132781506,1.21795903309
2.12012617884,1.99701335412,1.257680313
2.12012617884,1.96256642159,1.17368565703
2.12013090076,1.93359760431,1.26809023276
2.12013090076,1.98531604348,1.26809023276
2.12013090076,1.9723824364,1.26809023276
2.12013090076,1.99164093875,1.35635924112
2.12013090076,1.95336678584,1.36226558857
2.12013090076,1.91192473593,1.37004610963
2.12013090076,1.95342108462,1.34216816089
2.12013090076,1.93870259526,1.36675877948
2.12013090076,1.90477586093,1.35587614818
2.12013090076,1.90966547797,1.36685498717
2.12013090076,1.93268052121,1.36685498318
2.12013090076,1.95553331814,1.36946602859
2.12015988379,1.959198663,0.855076497748
2.12015988379,1.94196960189,0.855076497748
2.12015988379,1.98757792108,1.30365083986
2.12015988379,1.97613725543,1.32268153715
2.12015988379,1.98087155809,1.31688311325
2.1201666808,1.97150389378,1.31688311325
2.1201666808,2.01437892959,1.31688311325
2.1201666808,2.0224931858,1.32268153715
2.1201666808,2.0188410189,1.21356560592
2.1201666808,1.99647780882,0.821916043645
2.1201666808,1.98941088323,0.727610228728
2.1201666808,1.98399366259,0.727610228728
2.1201666808,1.979533006,0.727610228728
2.1201666808,1.98538610407,1.37879123205
2.1201666808,1.97045490719,1.36886410079
2.1201666808,1.94668424957,1.36202333625
2.1201666808,1.92860832007,1.21862330341
2.1201666808,1.96042523159,1.21862330341
2.12017140618,1.99125688149,1.20973829736
2.12017140618,2.00778506904,1.32361451633
2.12017140618,2.01827642882,1.38098042438
2.12017140618,2.02773471858,1.37565340065
2.12017140618,2.01141009799,1.09071063369
2.12017140618,1.96447893908,0.877350012377
2.12017140618,1.98135527078,0.855034070067
2.12017140618,1.99054273595,0.855033971945
2.12017140618,1.97106471826,0.828595696741
2.12017140618,1.99968962374,0.856746787463
2.12017140618,2.00405774695,1.32610710277
