best,average,worse
1.53487557458,0.64026455039,0.222983960247
1.56863069775,0.707535893796,0.18217907104
1.86837733531,0.805057215155,0.269948372223
1.88134492774,0.865453788185,0.276768334556
1.88805464827,1.00384252722,0.281330812677
1.88805464827,0.957435233888,0.215365810187
1.89006842648,1.01757505317,0.374197528164
1.92684601166,0.97147039418,0.349322201888
1.92720406467,1.05269786949,0.297031800912
1.92720406467,1.09800806279,0.29358657972
2.01109071659,1.14350925418,0.286324658627
2.08121484202,1.11294891608,0.31553155012
2.22996319578,1.1517243127,0.165701060963
2.22996319578,1.12251820937,0.138881096336
2.22996319578,1.27484198527,0.218040706432
2.24239731394,1.33635869851,0.286324658436
2.24239731394,1.35097737586,0.31553155012
2.24305931819,1.29200015475,0.286324658436
2.24398597789,1.38117176131,0.31553155012
2.24398597789,1.4145499278,0.423946105647
2.24742251842,1.473486788,0.203975024546
2.24742251842,1.57318761664,0.288698233586
2.24742251842,1.63922638083,0.448983415602
2.2518177149,1.74077265672,0.389810809653
2.2518177149,1.77738965272,0.535868647179
2.2518177149,1.80485825274,0.535868647179
2.25218081811,1.87360239447,0.535868647179
2.32265585472,1.92933624934,0.790602586038
2.32265585472,1.94294521299,0.742199967532
2.32265585472,1.95409650279,0.79377121992
2.32265585472,2.01389555201,0.757558216735
2.32658443716,2.04462645682,0.790554656259
2.32658443716,2.05375503914,0.784615853681
2.32658443716,2.10788143437,0.804325068849
2.32658443716,2.12459362323,0.804068234142
2.32670714931,2.16204051151,0.804068234142
2.32670714928,2.17244133268,0.821331796438
2.32670714931,2.16483605235,1.08261535689
2.32999136254,2.16829064166,1.1044606964
2.32999136254,2.18360665787,1.45959715687
2.32999136254,2.18328058554,0.773206133031
2.32999136254,2.20139644164,1.59765339296
2.32999136254,2.21201156794,1.60188527807
2.33023762433,2.18361482202,1.4967503387
2.33089467749,2.20539198049,1.57681522783
2.33111135964,2.21397278346,1.67793913656
2.33111135964,2.20126392172,1.37691628994
2.33111135964,2.22438270966,1.71449868242
2.33364293183,2.22293189977,1.7158478027
2.33364293183,2.22867136104,1.32386587222
2.33364293183,2.24432517172,1.85949651594
2.33388332258,2.23776145744,1.97808307618
2.33388332258,2.23736805044,1.39369666914
2.39468016824,2.24819834945,1.93628039883
2.39468016824,2.25238423758,1.8495116264
2.39468016824,2.25503808536,1.98817890993
2.39468016824,2.23797555021,1.38476583024
2.39468016824,2.24428725901,1.54168847566
2.39547656895,2.26074098893,1.74240216196
2.39547656895,2.26373349044,1.85853555738
2.39547656895,2.26149301826,1.97346380404
2.39547656895,2.27059181367,1.7816929638
2.39584225988,2.27560787673,1.40473663351
2.39598632606,2.27772426468,1.40473663351
2.39646536213,2.27528889686,1.40488576113
2.40064167469,2.28901594696,1.40473663351
2.40064167469,2.27985667176,1.0377375623
2.40064167469,2.29697743576,1.99521685579
2.40064167469,2.29301362974,1.90892858706
2.40064167469,2.29092081002,1.88259980349
2.40064167469,2.28638988784,1.95950959757
2.40125680379,2.28615932977,1.97140138179
2.40125680379,2.27995701192,1.81725739961
2.40125680379,2.29291492174,1.81725739961
2.40125680379,2.29269161294,1.81798414882
2.40178239646,2.29292347592,1.80378678192
2.40178239646,2.27453815015,1.73374916128
2.40178239646,2.27635514118,1.38249483962
2.40178239646,2.27609386676,1.73207315866
2.40178239646,2.28053313972,1.37969381228
2.40324619105,2.27389754301,1.43056624368
2.40324619105,2.28322512679,1.43115634658
2.40324619105,2.27192747011,1.07913664917
2.40324619105,2.29912951356,1.38243445568
2.40324619105,2.29423851655,0.929975954974
2.4032461912,2.31723749402,1.38668548201
2.40324805932,2.32164598748,1.37803172645
2.40324805932,2.32072030704,1.37824720199
2.40349431304,2.31792120243,1.37800850199
2.40349431304,2.33274555976,1.64057390655
2.40390932143,2.33393376804,1.97860545668
2.40390932143,2.32545599437,0.860121807964
2.40390932143,2.33577345213,1.9928434053
2.40390932143,2.32908383929,1.97672251956
2.40390932143,2.32994328105,2.04116504026
2.40390932143,2.32672555482,2.04116504026
2.40486820709,2.3350724975,2.13562761958
2.40486820709,2.34354507664,2.07711141009
2.40486820709,2.32507744165,1.97259692489
2.40486820709,2.33396216746,1.72903570786
2.40486820709,2.33359442934,1.72903570786
2.40495675956,2.32942092755,1.39557332342
2.40496023289,2.33044545396,1.54134559616
2.40598312035,2.33971097971,2.1708845918
2.40598312035,2.33004550964,2.09979747981
2.40598312035,2.32165459596,2.16785319553
2.40598312035,2.31058279032,1.38529712688
2.40598312035,2.31117103315,1.73237461993
2.40670284454,2.31164183056,1.73237461993
2.40670284454,2.31287170879,1.73204235042
2.40670284454,2.31149450172,1.37727245363
2.40670284454,2.29853496692,1.34318618089
2.40670284454,2.32393230901,1.7454981583
2.40670284454,2.34505307771,2.17251765978
2.40682521515,2.34631414372,2.09699219828
2.4068262696,2.3530955968,2.17356224614
2.4068262696,2.34381559972,2.09434613682
2.4068262696,2.34308886707,1.88667274922
2.4068262696,2.33965307641,1.88667274922
2.40701666229,2.33514292152,1.77946870548
2.40701666229,2.31905454137,0.895826719807
2.40701666229,2.3316180562,1.73428118662
2.40701666229,2.32849398471,1.72806425407
2.40701666229,2.32382071747,1.86813202481
2.40687580153,2.31227958356,1.4069751066
2.40687580153,2.31768479468,1.72883037161
2.40687580153,2.31448081883,1.37197185928
2.40687580153,2.3240550164,0.999324895826
2.40690240412,2.33607268495,1.87264398869
2.40690240412,2.3367534665,1.35032422428
2.40701051311,2.34039613355,1.91758818802
2.40722919037,2.34003551241,1.98188442724
2.40738471769,2.32852712688,1.3284675145
2.40738471769,2.32892431932,1.8703194899
2.40754514855,2.31795188787,1.87632166634
2.40754514855,2.31854614004,1.87686721079
2.40754514855,2.32252685962,1.87632166634
2.40754514855,2.31703712477,1.87986462805
2.40754514855,2.30947314298,1.38673972319
2.40868801429,2.31563275836,1.3866606632
2.40868801429,2.32720869711,1.8864969036
2.40868801564,2.33816558275,1.89726278797
2.40868801564,2.33081903706,2.07815131696
2.40879515146,2.32627324953,2.08416902113
2.4090666392,2.3198581832,2.01609912135
2.40931964422,2.30834911988,0.745474111998
2.40931964422,2.31935814309,0.722965203148
2.40941234206,2.31924210469,2.0026167449
2.40941234206,2.31833008349,1.7070685587
2.40944621216,2.32012373694,1.79589159367
2.41061185929,2.30691579605,0.80790300478
2.41071685673,2.31627358368,1.74370064005
2.41071685673,2.31632552698,1.8903771519
2.41071685673,2.31085545732,1.89083485337
2.41071685673,2.31280627027,1.94640218269
2.41090653968,2.32910277682,2.03958310133
2.41090653968,2.32450005037,1.87183191604
2.41090653968,2.32530823555,1.02002048301
2.41107022922,2.32824146934,1.02898522074
2.41107022922,2.31998913102,1.04040198851
2.41126323293,2.32796391461,1.04806127683
2.41126323293,2.35070920753,1.91301707577
2.41126323293,2.34901760281,1.95266574291
2.41126323293,2.34720467871,1.74971228568
2.41126323293,2.35223931143,1.89014383498
2.41126323293,2.36327810786,1.39239610255
2.41126323293,2.37461258173,2.18383481396
2.41126323293,2.37452685809,2.18510669058
2.41136883657,2.37476819904,2.18630985328
2.41176669118,2.37349870318,2.18020925412
2.41176669118,2.36928116835,2.09359591967
2.41176669118,2.36245952237,2.09209016716
2.41179319459,2.35377717386,2.00516566842
2.41179319459,2.34730318504,1.8860549136
2.41201428002,2.34963192478,1.9992061485
2.41201428002,2.34313178766,1.8167115569
2.41201428002,2.3376795378,1.8167115569
2.41201428002,2.34257520384,1.77014560927
2.41201428002,2.3212084456,0.927201527842
2.41201428002,2.33197455454,1.21641301619
2.4121971483,2.34114719222,1.38310470702
2.41231600971,2.34669038674,1.75785112982
2.41240282367,2.3520882263,1.79839219688
2.41245550531,2.35892946836,1.79839219688
2.41245550531,2.35168030685,1.2563779213
2.41245550531,2.35609073981,1.71599257926
2.41258595695,2.35595659502,1.71625726097
2.41258595695,2.33608052764,1.71552856739
2.41258595695,2.34498367608,1.4000919348
2.41292741339,2.35466776099,1.89368076186
2.41468503894,2.35561327082,1.63158780596
2.41468503894,2.36535461745,2.09624708073
2.41468503894,2.3676524713,1.99039445163
2.41494144403,2.35792373039,1.98551765405
2.41502868327,2.3566498782,1.01319093483
2.41508994472,2.36501249581,1.56042726432
2.41508994472,2.3561808868,1.56042726432
2.41508994472,2.35360554515,1.55359189069
2.41535027198,2.36307206609,1.98962558359
2.41545259266,2.35531204972,1.98962558359
2.41535027198,2.35902692539,1.98665001157
2.41545259266,2.34699118735,1.96431197716
2.41559426808,2.35340397339,1.71970250401
2.41559426808,2.3315884825,1.32287240314
2.41559426808,2.33689763658,1.32426111509
2.41567905936,2.34561191526,2.00948061802
2.41567905936,2.34497149127,1.79573510098
2.41567905936,2.35814061517,2.0431890974
2.41567905936,2.35191846938,2.08920736434
2.41630355243,2.34453460428,1.38454906283
2.41608166256,2.33348610911,1.38380420344
2.41630355243,2.354106534,1.38454906283
2.41630355243,2.34885288299,1.94731597973
2.41630355243,2.34178407425,1.93493093316
2.41630355243,2.34566659973,1.74437547973
2.41630355243,2.34132043239,1.74437547973
2.41630355243,2.34050786078,1.74440397758
2.41646018352,2.33475332712,1.74532189646
2.41664654498,2.33026508983,1.74434973653
2.41664654498,2.33173373096,1.74587772913
2.41664654498,2.33681627009,1.79716170213
2.41664654498,2.34888704156,1.7939675026
2.41664654498,2.34700432469,1.89029585787
2.41675453863,2.35954606202,1.89029585787
2.41675453863,2.35989135052,1.89427488867
2.41675453863,2.35649165135,1.90341824861
2.41715782395,2.34283083862,1.39222053544
2.41715782835,2.33558810438,1.39222053544
2.41715782835,2.35985265168,1.89994557953
2.41736159568,2.35833465787,1.90257255459
2.41736159568,2.34946230884,0.836209309357
2.41736159568,2.3590075233,1.35263921045
2.41796970516,2.36139536117,0.697288272275
2.41796970516,2.37360066844,1.90257255459
2.41796970516,2.37122992937,1.39728494795
2.41796970516,2.35427209888,1.39728494795
2.41796970516,2.3650049162,1.58518479859
2.41806955774,2.36295262571,2.00791538724
2.41806955774,2.36701314545,1.74046836579
2.41806955774,2.36732860458,1.90076287285
2.41818303658,2.36279742829,1.90076287285
2.41818303658,2.34474065219,1.39147739642
2.41818303658,2.33807491349,1.39142428589
2.41818303658,2.33695469154,1.38996240383
2.41818303658,2.32551554662,1.38996240383
2.41825579303,2.34686651921,1.38913898238
2.4189517574,2.33885010951,1.38959986001
2.4189517574,2.34041836771,1.39147739642
2.41895175749,2.32457374871,1.36847890483
2.41938852145,2.34348908026,1.39111265309
2.41938852145,2.34632312603,1.39123548799
2.41938852145,2.32921713016,1.39123548799
2.41938852145,2.33087020154,1.39440280108
2.41938852145,2.33593522318,1.39551514848
2.41962559675,2.34890985915,1.39421312287
2.41962559675,2.34168855553,0.878025217314
2.41962559675,2.3340465937,0.878025217314
2.41962559675,2.33069889221,0.869781081679
2.41962559675,2.35410058415,1.7737579525
2.41972740669,2.35189137873,1.77876187863
2.41972740669,2.3470369983,1.77876187863
2.41972740669,2.34352304309,1.77876187863
2.41972740669,2.35264850298,1.88884723545
2.41972740669,2.34119753675,0.977911083652
2.41972740669,2.36139893053,1.88871169883
2.41972740669,2.34894381771,1.29569002883
2.41986771578,2.34841720795,1.29569002883
2.41986771578,2.36309210351,1.30742632291
2.42013936807,2.3633035388,1.30742632291
2.42013936807,2.36691843515,1.2788425377
2.42013936807,2.36219806648,0.940559141387
2.42013964722,2.3652753333,1.3284153399
2.42013964722,2.34488994527,0.953307070582
2.42013964722,2.35095349528,0.941896584338
2.42014826791,2.35478288367,0.822002936557
2.42014826791,2.34026375,0.822002936557
2.42014826791,2.35675018876,1.18095452954
2.42014826791,2.34837838184,0.804926329272
2.42014826791,2.35314181233,0.814685563086
2.42017237976,2.34114736069,0.816943533578
2.42017237976,2.36363155378,2.19641853067
2.42017237976,2.34708838419,0.840822160522
2.42017239256,2.36999027241,2.19071852893
2.42017239256,2.36253394035,2.05075059087
2.42036915644,2.34987241021,1.89815262908
2.42038177196,2.33565726839,0.840169360654
2.42038177196,2.35216109041,1.89904526088
2.42039148954,2.33311895273,1.41551884627
2.42039148954,2.34497493062,1.38537115681
2.42039148954,2.35891658679,1.89915242537
2.42039148954,2.37544680396,1.97325213986
2.42042513375,2.36672527007,1.9557504356
2.42055547385,2.35881960446,1.89007080733
2.42059726604,2.35212139018,1.95757692745
2.42059726604,2.34514464424,1.72967829035
2.42065552358,2.34176677189,1.70564821714
2.42065552358,2.33962449901,1.72967831662
2.42065552358,2.34607171758,2.07021390709
2.42065552358,2.33745692145,2.001162925
2.42065575737,2.32979584862,1.74146344651
2.42065575737,2.34141567568,1.74326893131
2.42065575737,2.35065932554,1.64288766705
2.42065575792,2.35565296715,1.64234249214
2.42065575792,2.35094824306,1.64234249214
2.4206749278,2.3522605512,1.64261468319
2.4206749278,2.35308506691,0.912044525811
2.42105002752,2.33888130563,0.90229145711
2.42105002752,2.33271785758,0.915409798443
2.42105002752,2.35734646611,1.75705332445
2.42105002752,2.35780687626,1.7765204343
2.42105002752,2.32839771602,1.23832158286
2.42105002756,2.33775778591,1.2244479756
2.42105002756,2.35209973794,1.90720224911
2.42105002756,2.35640034746,1.99187146604
2.42105002757,2.35825189758,1.99250289924
2.42105002757,2.3580583115,1.99285669232
2.42112509568,2.36168048367,1.9929324499
2.42112509568,2.37852271963,1.99122548227
2.42125811868,2.3876107908,1.99159743995
2.42125811868,2.38674116205,1.87286398432
2.42125811868,2.38494895255,1.87286398432
2.42125811868,2.3828306423,2.00451980433
2.42125811868,2.37194437445,1.73596049832
2.42125815264,2.34890119934,1.73596049832
2.42125815264,2.35363386656,1.73530080456
2.42135063162,2.36151992478,1.73596304695
2.42135063162,2.3534851452,1.73662253672
2.421351059,2.3442335149,1.73512338037
2.421351059,2.34636920298,1.72917262515
2.421351059,2.37525177678,1.72917262515
2.421351059,2.38802934087,2.00603419352
2.42150686264,2.39672572698,2.10759484515
2.42150686264,2.38980864392,2.01194643447
2.42150686264,2.3816910439,1.81842957693
2.42150686264,2.38808508698,1.81745319238
2.42150686264,2.37646389823,1.81641062656
2.42150689273,2.34542411957,1.23172144189
2.42150689273,2.35347719293,1.75169239592
2.42156467287,2.3615451446,1.67877997162
2.42156467287,2.36335965321,1.73839090998
2.42156467287,2.35286768312,1.73844410828
2.42191393644,2.35807415528,1.71633609331
2.42191393644,2.36637999332,1.74407702268
2.42191393684,2.37822581437,2.10915931412
2.42191393684,2.35475752961,1.38903585379
2.42191393684,2.34188657948,1.38903585379
2.42195955165,2.34882734264,1.99716214362
2.42195955165,2.36117686727,2.04885886584
2.42195955165,2.35943063618,1.38008291814
2.42195955165,2.36491073029,1.37560981199
2.42195955165,2.35226067922,1.73160789685
2.42203588785,2.34639285182,1.89339586347
2.42203588785,2.35359495363,1.7437273509
2.42203588785,2.38229534952,1.74683414627
2.42206794137,2.36947333152,1.74683414627
2.42206794137,2.35351748504,1.34534194634
2.42206794139,2.37349987532,1.49688535973
2.42208996914,2.37750013082,1.90620339437
2.42206794179,2.36478975347,1.65993091276
2.42212386029,2.34387427927,1.65715270984
2.42212386029,2.35674788226,1.66022291516
2.42224109061,2.36548474528,1.66273986338
2.42224109061,2.36217250909,1.78893365431
2.42224110973,2.36901820976,1.65888113469
2.42224110973,2.36814418088,1.38967895224
2.42224110973,2.35633951552,1.38759058729
2.42224110973,2.34687976113,1.38831899211
2.42232482837,2.33298320236,1.38672932144
2.42242438898,2.33978730817,1.38898960541
2.42242438898,2.3435072204,1.38898960541
2.42242438898,2.34403477788,1.38979548584
2.42242438898,2.34817181899,1.73415266845
2.42242438898,2.3549562015,1.22850544913
2.42242438936,2.34510461857,1.22629434272
2.42242438936,2.3309376061,1.22629434272
2.42242438936,2.34532071432,1.23389942836
2.42242438936,2.37925710921,2.10382896863
2.42245386776,2.37761738417,2.10330198558
2.42245386776,2.36932172011,1.39980572873
2.42245386776,2.36660858612,1.39967040306
2.42245386776,2.36784697122,2.10279998514
2.42250069174,2.35650002949,1.97355589908
2.42250069174,2.34858455884,1.97359881743
2.42250069174,2.33867109643,1.8992053017
2.42250069174,2.33943141463,2.10191995581
2.42257796292,2.32770140515,1.75242662312
2.42257796292,2.31878667565,1.75242663484
2.42257796292,2.31337463133,0.689772712837
2.42257796292,2.33245626468,1.75073232996
2.42257796292,2.342774367,1.39310956455
2.42257796292,2.33394590353,1.75240267971
2.42280255488,2.33888235931,1.75242663484
2.42280255488,2.33807382663,1.7424815698
2.42280255488,2.34123042449,1.7424815698
2.42280255488,2.34032067516,2.01162881136
2.42280255498,2.34150263676,2.00662884471
2.42282694616,2.33899371888,1.89518661558
2.42282694616,2.34272098404,1.89518661558
2.42282694616,2.34064277499,1.88418179465
2.42282694616,2.35903378685,2.01340036161
2.42282694616,2.35675810315,2.01678968832
2.42282694616,2.36123987831,2.00863596663
2.48064518201,2.33757515592,2.00863596663
2.48064518201,2.35008066245,1.7795534312
2.48095741686,2.35700618672,1.85523296693
2.48095741686,2.3597452483,1.85280405293
2.48095741686,2.3841407684,1.85552180557
2.48154570162,2.37665235938,1.73918733875
2.48154570162,2.37987723422,1.73918733875
2.48154570162,2.3768349733,1.73918733875
2.48154570162,2.35020150815,1.29383436036
2.48154570162,2.37799608099,1.73918281935
2.48154570162,2.38135677822,1.40798266755
2.48154570162,2.37481915943,1.39147474539
2.48154570162,2.39642626155,1.73729627865
2.48189097911,2.39538828446,1.73528963701
2.48189097911,2.3881439069,1.31773818644
2.48189097911,2.38989948618,1.73918733768
2.48189097911,2.3967426524,1.94669063068
2.48189097911,2.40504843709,1.98016516472
2.48189097911,2.40388939548,2.10143476052
2.48195397407,2.40422513437,1.75918131421
2.48228284776,2.40893937614,1.89971159229
2.48228332245,2.405277461,1.45106294112
2.48228332245,2.40004433656,1.45106294112
2.48228332245,2.40315389329,1.45549958381
2.4824484541,2.40226081862,1.3858304663
2.4824484541,2.41082582715,1.91789516182
2.48267932093,2.40568787684,2.10185459923
2.4824484541,2.39361189316,1.97163156269
2.48267979556,2.40015665102,2.10137705328
2.48267979556,2.401876844,2.05301010766
2.48267979556,2.39549172825,1.86123085279
2.48268638599,2.39900428217,2.06173470234
2.48269645126,2.38932599375,1.90714317172
2.48288363452,2.35919818857,1.40826853131
2.48288363452,2.34212621976,1.05469682973
2.48288363452,2.33693456711,1.4128773554
2.48288363452,2.33160543826,1.40705649685
2.48288363452,2.33111315888,1.75115653843
2.48289267258,2.33324337914,1.39047303379
2.48289267258,2.37677538506,1.39069782944
2.48289272505,2.39018839055,1.99808099584
2.48289774351,2.39289147054,1.99822834695
2.4829414678,2.40306365268,1.99812979945
2.48299979329,2.39698174207,1.99812979945
2.48299979329,2.38123917109,1.75149289126
2.48299979329,2.38060021885,1.87856716475
2.48297295104,2.37309730949,1.87856716475
2.48324404051,2.36739682813,1.87999467975
2.48324404051,2.35714199879,1.84164768468
2.48324404051,2.33780576278,1.65667558788
2.48324404051,2.36152627941,1.89311710804
2.48324404051,2.38005866014,1.73169805399
2.48327507138,2.38806384479,1.48956801157
2.48327507138,2.39471037222,1.49075118219
2.48330616951,2.39684422759,1.64170585376
2.48330616951,2.40137585549,1.814228557
2.48330616951,2.39006570068,1.90026550024
2.48348959532,2.38728059437,0.837570109653
2.48356819305,2.39544570163,0.84826378772
2.48379863399,2.41196202416,1.9008269578
2.48379863399,2.4013419624,1.83148570379
2.48356819305,2.38374377416,1.75084252507
2.48381865388,2.38945687863,1.75088008357
2.48376103748,2.38269497927,1.74940938156
2.48392091861,2.3893030204,1.38768649111
2.48392091861,2.3999081953,1.38616761961
2.48392091861,2.39812159737,1.88857610442
2.48392091861,2.37530572281,0.844659363244
2.48397299449,2.3776392591,0.672486158067
2.48397299449,2.39645861896,1.90398880349
2.48397299449,2.38929059079,0.746263359137
2.48397299449,2.40362683101,1.38066109908
2.48397299449,2.39952497569,1.3789454316
2.48399956223,2.39328803444,2.10417077531
2.48399956223,2.39887710219,2.10441249785
2.48404099215,2.4189051344,2.19951272443
2.48420707343,2.40754973122,2.02111355087
2.48420707714,2.39921779853,1.94882386989
2.48422374505,2.41210578979,1.94360426232
2.48422374505,2.41202412337,2.02455076248
2.48422374505,2.41483731836,2.02455076248
2.48422374505,2.40364310601,2.02455076248
2.48422374505,2.39982209798,2.01911168505
2.48422374505,2.41516893816,1.7344101539
2.48437722794,2.42653572718,1.84278540832
2.48437722794,2.41625743051,0.826002228012
2.48437722794,2.42497008981,1.59139569345
2.48437722794,2.40258216322,1.16647045307
2.48437722794,2.42916974075,1.74495654615
2.48437722794,2.42673542677,1.74211992698
2.48437722794,2.41470831995,1.75154207826
2.48448691248,2.41282093868,1.82762658037
2.48448691248,2.41234241919,1.82758339704
2.48448691248,2.42259671536,2.18972632094
2.48448691248,2.41756020273,2.12219495443
2.48448691248,2.41800384307,1.78574076227
2.48448691248,2.41722255489,1.94646703996
2.48448691248,2.40207447014,1.90156427608
2.48448691248,2.40929198879,1.94646703996
2.48448691727,2.41121430761,1.94313953169
2.48448691727,2.40371778456,1.94313953169
2.48450371021,2.40183738418,1.77348986885
2.48450371021,2.41253571089,1.94313953169
2.48450371021,2.41026849221,1.94146485203
2.48450371021,2.41187367911,1.89136522209
2.48450371021,2.41754220463,1.71777712021
2.48457289664,2.43701381791,1.94618938435
2.48457289664,2.44186431823,1.94697989955
2.48457289664,2.43531439665,1.8641092872
2.48457289664,2.43193720113,1.94777908715
2.48457289664,2.43988538011,2.18043156398
2.48457289664,2.44551700118,2.25262377482
2.48457289664,2.43878609085,1.98183608382
2.48457289664,2.43049387858,1.38742714259
2.48459588109,2.43004382156,1.96177047532
2.48459588109,2.43613241759,2.08968629255
2.48459588109,2.42905750193,2.00080050738
2.48459588109,2.42096066369,1.82789482653
2.48459588109,2.41722024525,1.82789482653
2.48459588109,2.41482219179,0.715333721726
2.48459588109,2.43950994001,2.09485887096
2.48459588109,2.43369331136,1.70709750828
2.48459588109,2.42474799131,2.00537691989
2.4846024695,2.41697021297,1.87078413834
2.4846024695,2.42048011225,2.00624575257
2.4846024695,2.41560772063,1.98367327397
2.48471276631,2.40564698815,2.00627894954
2.48471276631,2.41093957039,1.77185817382
2.48471276631,2.41120097295,2.00748447346
2.48471276631,2.41575040805,2.00750527623
2.48471276631,2.40807405576,1.90580930146
2.48471276631,2.41287030171,1.86879516888
2.48471276631,2.40660731191,1.00503382437
2.48471276631,2.42370504756,1.63383043385
2.48471276631,2.41911299505,1.88876016642
2.48471276631,2.41572027122,1.37995881108
2.48471276631,2.41827730185,1.92495176463
2.48471276631,2.40564061718,1.92091976224
2.48471276631,2.41928421781,1.9283503265
2.48471276631,2.41471758178,1.92728781192
2.48471276631,2.41268597684,2.19659009807
2.48485709322,2.41556616557,1.8856420875
2.4849952076,2.40730513696,1.88519585881
2.4849952076,2.41140833209,1.88519585881
2.4849952076,2.42869519811,1.90442921657
2.4849952076,2.42674896478,2.00813697074
2.4849952076,2.41363118966,1.39149607349
2.48501159937,2.42180163555,2.07946827121
2.48501159937,2.43799618158,2.0568095182
2.48501159937,2.43214323156,2.11850505961
2.48501159937,2.43284684043,2.20160052199
2.48501159959,2.42649825898,1.91610881899
2.48501159959,2.4176689744,1.76698729984
2.48501159959,2.41151465954,1.91250325588
2.48501159959,2.40438229933,1.91250325588
2.48501159959,2.38949726169,1.90423288158
2.48515562009,2.37913407159,1.74200429648
2.48515562009,2.37304838545,1.74135165507
2.48515562009,2.37160976506,2.00147176536
2.48515562009,2.3823540664,2.00086571012
2.48515562009,2.40417806297,1.13821605282
2.48515562009,2.39804909838,1.13867655623
2.48515562009,2.41801764934,1.89863653765
2.48515562009,2.39069933174,1.82489987828
2.48515562009,2.38180835284,1.82909972342
2.48515562009,2.37874829808,1.75701182804
2.48515562009,2.39181153581,1.36369687417
2.48515599925,2.40944010803,1.36369687417
2.48515599925,2.42381557188,1.36654345798
2.48515599925,2.42896365741,2.00248444734
2.48515599925,2.43926336025,2.00248444734
2.48515599925,2.44474733178,2.00792198439
2.48515599925,2.45282368206,2.24518463685
2.48526351804,2.44481935688,2.20274343277
2.48526351804,2.44196354646,2.10265486832
2.48526351804,2.44858052291,2.01764447421
2.48526351808,2.43960708771,2.05719718264
2.48526351826,2.43127865642,2.05719718264
2.48528222775,2.42866150528,2.10250614405
2.48528222775,2.41280458413,2.10351778565
2.48528222775,2.41293987842,1.69470988689
2.48528222775,2.41081063689,1.38888676025
2.48528222777,2.42160362495,2.08423336879
2.48528222777,2.420304662,1.89970378752
2.48528222777,2.42289021785,2.18035562337
2.4854372811,2.43104314275,2.10534948784
2.4854372811,2.43089851493,1.8987522297
2.4854372811,2.43396606382,2.26581017141
2.4854372811,2.43470701301,2.251871113
2.4854372811,2.43600621315,2.251871113
2.4854372811,2.41729235205,1.37971192531
2.4854372811,2.41711467133,1.88950009497
2.4854372811,2.42256605327,2.25213810956
2.48543728113,2.4246364986,2.25147390634
2.48543728113,2.42280150771,2.25077952252
2.48543728113,2.41831416572,2.09789854606
2.48543728113,2.42221119418,2.17608671493
2.48543728113,2.42954221318,2.17093476702
2.48545868553,2.43293227456,2.17058536714
2.48545868553,2.44252656903,2.17567317876
2.48545868553,2.43443007424,2.09991379584
2.48545868553,2.42979864772,2.09206034266
2.48546250384,2.43065765195,2.09206034266
2.48548599917,2.42701181791,2.09206034266
2.4854859992,2.42362424198,2.17557303219
2.4854859992,2.40997899434,0.692934047267
2.48549013478,2.40573155021,0.692934047267
2.48549013478,2.42878644399,2.11608057191
2.48549013478,2.42420514077,1.52051982057
2.48549013478,2.41859185964,1.52447743468
2.48549013492,2.42795065402,1.52447743468
2.48549013492,2.41264172206,1.5247485022
2.48549013492,2.39248059343,0.8873333832
2.48549013492,2.39296201189,1.02387494812
2.48549013492,2.41136026994,1.37918262051
2.48549013492,2.42604710122,1.88660774238
2.48549350525,2.43097231042,1.88659284998
2.48549350525,2.42007165005,1.88532260482
2.48549350525,2.4211925302,1.88807915122
2.48549350525,2.42109725109,2.00390476442
2.48552549738,2.41831153939,1.46091162816
2.48552549738,2.41781689631,1.46790717778
2.48552549738,2.40836088421,1.39533573259
2.48552549738,2.41516543192,1.93154736041
2.48552549738,2.41164341521,1.74858633113
2.48552549738,2.41866096011,1.74856543994
2.48552549738,2.41642474214,1.3995850635
2.48552549738,2.43128087388,2.01014334501
2.48552549738,2.4285229907,2.01231812916
2.48552549738,2.43129425443,1.70419882935
2.48552549738,2.43734614061,2.11180347862
2.48555292347,2.42772013034,2.01692510088
2.48555292347,2.43611087852,1.82386277579
2.48555292347,2.44745914775,2.11190602305
2.48555292347,2.44404402846,2.03822698838
2.48559132746,2.43517737538,2.00683420664
2.48555296458,2.42233301164,2.00632388113
2.48555296458,2.42898886143,2.00666368352
2.48555676784,2.4173760999,2.00384644793
2.48564798784,2.41821740562,2.00455943447
2.48564798784,2.40994846575,1.90911334762
2.48564798784,2.42665514386,2.00514441247
2.48564798784,2.41668418652,2.00321743749
2.48564798784,2.43131156549,2.00321743749
2.48564803407,2.41577335869,1.2643133283
2.48564803407,2.40552354687,1.26431299739
2.48564803407,2.41677723806,1.26458140022
2.48564803407,2.4107555588,1.26458140022
2.48564803407,2.38657342861,1.26146552793
2.48564803407,2.40389647776,1.26156491916
2.48564803407,2.39615491962,0.785037716266
2.48567074947,2.39648753753,0.799352284718
2.48567074947,2.37534794677,0.798830581412
2.48567074947,2.37766684213,0.798830581412
2.48567074947,2.39097641109,0.893743555177
2.48570666019,2.38903570706,0.893743555177
2.48570671622,2.42430957001,1.9427039287
2.48567074947,2.42178923744,1.9427039287
2.48568039699,2.42555624918,1.94073793197
2.48568986806,2.42657520088,1.87863701435
2.48568986806,2.41800874479,1.55766832406
2.48568986825,2.39773727181,1.55766832406
2.48568986825,2.38835050319,1.55377056107
2.48568986825,2.3933795738,1.55377056107
2.48568986825,2.40682276421,1.55761533741
2.48571536985,2.41331339853,1.83152534495
2.48571536985,2.41105656093,1.6908236714
2.48571536985,2.39035248856,1.68463199433
2.48571536985,2.37834992542,1.68463199433
2.48572068518,2.40066267893,1.6887205815
2.48572068518,2.39767142758,1.68882230125
2.48572068518,2.3922597367,1.5436140926
2.48575707684,2.39581918197,1.54303233964
2.48575707684,2.40126305118,1.68502994616
2.48572068386,2.41034839109,1.69130581675
2.48572217891,2.404795598,1.54207150211
2.48572898335,2.39583278951,1.68709804193
2.48572898335,2.4041163915,1.68894612198
2.48574636223,2.42354112298,1.69122280668
2.48575701454,2.41578017085,1.72687679559
2.48575701454,2.41614426642,1.68977623658
2.48575701466,2.41598393564,1.99873500253
2.48577714293,2.42834496181,1.99966416741
2.48578772303,2.42709902006,1.99737076016
2.48585214849,2.43662901203,1.99456801202
2.48585214859,2.43176662416,1.99241667206
2.48585214849,2.43146010973,2.02256731493
2.48585214849,2.42934318723,2.11760610468
2.48585214849,2.42515407917,2.02336698102
2.48585215061,2.41773590976,2.11800776504
2.48591993256,2.39843204959,0.611586800415
2.48591993256,2.40823828125,0.592617133389
2.48591993256,2.41999868288,1.98707882425
2.48591993256,2.41355705995,1.69806883387
2.48591993256,2.41232678574,1.8761267344
2.48591993256,2.40475344748,1.8761267344
2.48591997684,2.42589215212,1.90541360184
2.48591997684,2.43441020192,1.98592943726
2.48591997684,2.43763759183,1.98795848719
2.48591997684,2.42923430331,1.91644685856
2.48591997684,2.41629707278,1.91644685856
2.48591997684,2.41723596367,1.91732114169
2.48591997684,2.3908104872,1.39959466689
2.4859822439,2.39733442961,1.3986761576
2.4859822439,2.40109189866,1.3986761576
2.4859822439,2.39646074599,1.3986761576
2.4859822439,2.39883195157,1.39901942893
2.4859822439,2.39968366594,1.39828406759
2.4859822439,2.40661368161,1.39901942893
2.4859822439,2.40130680287,1.39909156637
2.4859822439,2.37665154483,1.39960347142
2.4859822439,2.39706186232,1.91747050977
2.4859822439,2.38943927708,1.74211966342
2.4859822439,2.39664443537,1.73967294475
2.4859822439,2.37429184939,1.74033466499
2.4859822439,2.35558904744,1.13096371021
2.4859822439,2.37130985129,1.39167145277
2.4859822439,2.38121434883,1.38836873654
2.4859822439,2.39747776291,1.38006120923
2.48598836301,2.38483820353,1.38710572781
2.48598836301,2.40828362333,1.39044271558
2.48598836301,2.40753975161,1.39044271558
2.48598836301,2.40449038721,1.39044271558
2.48598836301,2.39691981484,1.39044271558
2.48598836301,2.40847356379,1.39096678249
2.48598836301,2.41139083366,1.39096678249
2.48603610459,2.4134943387,1.39096678249
2.48603610459,2.39863039444,1.38926385336
2.48605816143,2.41630246847,0.931615775528
2.48605816143,2.40813086627,0.871472754096
2.48605816143,2.4062389587,0.703813483032
2.48605816143,2.43994704047,2.20320763962
2.486059501,2.43517686568,2.08022569965
2.486059501,2.43064113045,1.88862392067
2.4860618317,2.42642825415,1.88834838231
2.4860618317,2.42133155911,1.74436301411
2.4860618317,2.42421320354,1.7284157555
2.4860618317,2.43743854968,1.74436301411
2.4860618317,2.4323678845,1.74436301411
2.48607660483,2.4342896857,1.72810747845
2.48607660483,2.42636032203,1.73569568405
2.48607683824,2.42464726409,0.780327332238
2.48608793565,2.42533213049,0.90347427421
2.48608791608,2.4304309714,0.907991811313
2.48608793565,2.43076112195,1.90937581104
2.4861168164,2.42983175191,1.90937581104
2.4861168164,2.4235796091,1.89351085609
2.4861168164,2.4372472368,1.91175589765
2.4861168164,2.43382789952,1.91086464793
2.48612017032,2.40806874513,1.38133849858
2.48612017032,2.42944340605,1.90828779134
2.48612122785,2.42163360111,1.90828779134
2.48612146666,2.41251283906,1.88962864041
2.48612146666,2.41484979094,1.89050957949
2.48616168379,2.41321533009,0.912066855225
2.48618871278,2.40958084582,0.897153131494
2.48618871278,2.4012611452,0.902472193184
2.48616168379,2.40533060079,0.904053951988
2.48616168379,2.41260872355,0.911422982108
2.4861635131,2.40005964462,0.912527625741
2.4861635131,2.41310819868,1.6170458847
2.48616351309,2.41717702231,1.61674174381
2.48616351309,2.41652170228,1.61674174381
2.48616351309,2.41498260184,0.848318239608
2.48616351309,2.42257967749,0.872845970178
2.48616351309,2.40462458231,1.29832654714
2.4861635131,2.41965537635,1.32137037529
2.4861635131,2.4098132095,1.32137037529
2.4861635131,2.40881658867,1.615437306
2.4861635131,2.39628040673,1.61193646044
2.4861635131,2.41555782157,1.12070264352
2.48616351313,2.4240031063,1.61668141845
2.48616544974,2.43400624048,1.6170458847
2.48616944333,2.43686881196,1.6170458847
2.48616944333,2.43089359719,1.6170458847
2.48616944333,2.43550530585,1.8254396949
2.48616944333,2.42456849876,1.8254396949
2.48616944333,2.42552815587,1.82677989412
2.48616944333,2.42859668916,1.93952367489
2.48617575569,2.42796357318,1.63931567152
2.48617650154,2.40139954108,1.6357637317
2.48617675823,2.39397731069,1.64272315122
2.48618946247,2.38523518562,1.64018271912
2.48618946247,2.38409098679,1.10059319523
2.48618946247,2.42071138889,1.6489400268
2.48618946247,2.42291991779,2.01186981152
2.48618946247,2.41744472568,2.01186981152
2.48619800184,2.41599006814,2.03076549437
2.48619800184,2.43483568287,2.07676716596
2.48619858181,2.41810038289,0.871333664623
2.48619858181,2.410910669,0.785236022181
2.48619858181,2.40499509407,1.58426756786
2.48619858181,2.40362342996,1.39602299248
2.48619858181,2.40222589647,1.39602299248
2.48619858181,2.38782624241,1.39789182868
2.48619858181,2.39347190542,1.5890293129
2.48619946991,2.39982815677,1.90458705379
2.48621862537,2.3969795319,1.90458705379
2.48621862537,2.403495763,2.00489248272
2.48621862537,2.3899909387,2.00489248272
2.48621862537,2.39056634011,1.89046192727
2.48621862537,2.39656988354,1.91201009588
2.48621862537,2.39274644814,0.780855178729
2.48621862537,2.40602614234,1.6642940799
2.48621862537,2.40760260479,1.90714545471
2.48622779341,2.41649477905,1.66321177965
2.48622779341,2.40764526332,1.37870024214
2.48622779341,2.40601440993,0.806020917538
2.48622779481,2.39792025457,1.66114247936
2.48622779481,2.40285428399,0.722281028386
2.48622779481,2.39128948395,0.70029710147
2.48622779481,2.39797630481,0.777632215696
2.48622779481,2.39311110768,1.81127717522
2.48622779481,2.40079702907,1.90325839889
2.4862614321,2.38267580281,1.56982014544
2.4862614321,2.37530574687,1.38159185186
2.4862614321,2.37106739856,1.56869474325
2.4862614321,2.401677912,1.56869474325
2.4862614321,2.40107412431,1.56982014544
2.48626198017,2.40120826585,1.57346279645
2.4862614321,2.40336746154,0.862681952442
2.48626198017,2.40982308515,1.39332625132
2.48626198017,2.38962586335,0.782995295735
2.48626198017,2.38500224215,0.782879348117
2.48626198017,2.37752130878,0.731201718932
2.48626198017,2.40213763699,0.780497903646
2.48626198017,2.41247124744,1.40054768521
2.48626198017,2.42556768217,1.40057234717
2.48629302964,2.42587835568,1.99948833402
2.54282366682,2.43934323724,2.01554606432
2.54282371957,2.4533601297,1.39360638739
2.54282371957,2.45132196933,1.39395985994
2.54282371957,2.45791361983,2.09824704408
2.54282371957,2.45177302012,2.09764037106
2.5428555222,2.44108590656,1.40164044178
2.5428555222,2.41988465324,0.764751924647
2.5428555222,2.42227701308,0.909800299617
2.5428555222,2.43331225508,0.909800299617
2.5428555222,2.44880644755,2.0761309846
2.5428555222,2.45935112519,2.27729184973
2.54285588666,2.44953975644,2.1236613712
2.54285588666,2.44988017147,2.1236613712
2.54285588666,2.44038218361,1.75753602024
2.54285588666,2.43926080449,1.00980133454
2.54285588666,2.4529124219,1.34528228022
2.54285866892,2.4516342899,1.34526304915
2.54285925412,2.45685260815,1.72154564627
2.54285866892,2.45850870306,2.10316310298
2.54285919777,2.45695591194,2.06559515023
2.54285925412,2.47149057459,2.13144923102
2.54323387558,2.45259409319,1.54962698714
2.54323387558,2.44304907848,1.58336948377
2.54323387558,2.44778475496,1.89610383477
2.54324936735,2.45741320535,2.09938169194
2.54324936735,2.45133708672,1.91614733839
2.54324936735,2.45984498331,2.18349636421
2.54335585718,2.45704649964,2.13965243421
2.54335585718,2.44875442988,2.07767598432
2.54335585718,2.45744190057,2.20333158112
2.54335585718,2.45257808826,2.14720485078
2.54335585718,2.43660542512,1.38665866112
2.54335585718,2.4380103257,1.38971088853
2.54335585718,2.43999172752,1.37925960717
2.54335585718,2.45273122997,2.06962989724
2.54335585718,2.44466439876,2.06947882587
2.54335585718,2.4382432483,1.86891600272
2.54335585718,2.44059960487,2.196725557
2.54335585718,2.43581018974,1.92843090493
2.54335585718,2.437172424,1.83924439514
2.54335585718,2.43605715994,1.93009571548
2.54336294391,2.44204687315,1.40422625453
2.54336294391,2.43940324824,2.01835706269
2.54335585718,2.43482247007,2.10626180843
2.54335585718,2.42611792685,1.40622921458
2.54335585718,2.4480824689,1.60385893853
2.54335585825,2.43375195998,1.60385893853
2.54335585825,2.43868406691,1.40434803456
2.54335585825,2.45317292151,0.794031833253
2.54335585825,2.45489630998,0.821204960683
2.54335585825,2.48311974872,2.01019301522
2.54335585825,2.47894539703,2.11284134295
2.54335585825,2.48549331661,2.18884134941
2.54339531454,2.47834836015,2.01343531881
2.54339531454,2.46786585024,2.00731562469
2.54339531454,2.4706344821,1.85854895141
2.54337666092,2.4538799148,1.85785353633
2.54337666092,2.44336068581,1.85711113735
2.54337666092,2.42922772628,1.85858415281
2.54339552648,2.42396803817,1.85789577099
2.54339552648,2.4261239099,1.85789577099
2.54339552648,2.43442729463,1.85858415281
2.54339552648,2.45281760263,1.90074729842
2.54339552648,2.44631255096,1.89771827659
2.54339552648,2.43507249676,1.89773396806
2.54339552648,2.43734707443,1.40505181045
2.54341102859,2.43295789941,1.39759587857
2.54341102859,2.44806875353,1.40491282311
2.54341102859,2.46083758436,1.40407338789
2.54346871182,2.44543846789,1.4096032434
2.54346871182,2.42612762027,0.714682564384
2.54346871182,2.46334823089,2.01404537554
2.54346871182,2.45028781421,2.01404537554
2.54346871212,2.45350653327,0.725284972628
2.54346871212,2.45714518295,2.01324163939
2.54346871212,2.44733650417,1.7523259529
2.54348421273,2.44428225767,2.01415246407
2.54348421273,2.46199006909,2.01415246407
2.54348421309,2.46940438618,1.74773503124
2.54348421309,2.46447929146,2.01512361288
2.54348421309,2.463237028,1.37155538672
2.54348421309,2.46651520091,1.37224521615
2.54348421309,2.46892730628,2.08797572866
2.54359004639,2.47198670023,2.08773947657
2.54359004639,2.48634944765,2.25777167737
2.54359004639,2.46770555886,0.815816352518
2.54359004639,2.48299308837,2.20412574381
2.54359004639,2.48332729155,2.11187581435
2.54359004639,2.47203209684,2.11187581435
2.54359277741,2.47015910534,2.1080963583
2.54359277741,2.47516631198,2.08657683374
2.54359277786,2.47577708748,1.36227882927
2.54359277786,2.4763589015,1.36208495821
2.54359277786,2.47476933655,1.36127686478
2.54359277786,2.47072335192,2.1209275913
2.54359277786,2.46804870546,2.18409071749
2.54359277786,2.46509728905,1.73458140385
2.54359277786,2.44657237604,1.59035979258
2.54359277786,2.43979505521,1.58727396936
2.54359277786,2.43715723808,1.36589478675
2.54359277786,2.4498873025,1.74214448673
2.54359277786,2.45522450407,1.74123529705
2.54359277786,2.45930484126,1.74148145274
2.54359277786,2.48190015755,1.59223484064
2.54359277786,2.49209952283,1.99985646076
2.54359277786,2.48502886747,1.99913827114
2.54359277786,2.47908779137,1.99461334522
2.54359695536,2.48454241836,2.20323661612
2.54359354179,2.48626559626,2.20290797755
2.54359354224,2.48236566269,2.00705568859
2.54359354224,2.46996327876,2.00651017814
2.54359367691,2.47038992239,2.00651017814
2.54359367691,2.46214186301,2.00344463046
2.54359367736,2.46161239588,1.82004849841
2.54359367737,2.46326176695,1.41277411963
2.54359367737,2.48253137391,2.00668301819
2.54359367737,2.4898277698,2.28036668721
2.54359367737,2.49157789775,2.12678616995
2.54359367737,2.49138780879,2.20058605596
2.54359367737,2.48758427402,1.90253946769
2.54359367737,2.48739502223,1.9021719829
2.54359367737,2.48101344128,1.90172790745
2.54359367737,2.46507611745,1.90128867613
2.54367377439,2.47536295335,1.9025030229
2.54367377439,2.47110078578,1.90180673243
2.54367377439,2.46488421162,1.90023140811
2.54367377439,2.46756164206,1.37884612377
2.54367377439,2.46858468574,1.38295900244
2.54367377439,2.4679171045,1.38238480119
2.54367377439,2.47728017561,2.01177489381
2.54367377439,2.47617600591,2.01066181943
2.54367377439,2.47313441283,1.39118358442
2.54367377439,2.46320699927,1.39101254327
2.54367377439,2.45911669128,1.39262218197
2.54367430816,2.45444233784,1.39065159892
2.54367430816,2.4494571651,1.95236063342
2.54367430816,2.45228100678,1.68480134146
2.54367430816,2.43477060147,1.68777094517
2.54367430816,2.43386736052,1.62941100208
2.54369098405,2.44022697218,1.66170444955
2.54369098405,2.4419476379,1.50294068632
2.54369151777,2.43659031149,1.49841993425
2.54369151777,2.44815990167,2.01983792261
2.54369151777,2.4381900099,2.00391556421
2.54369151777,2.42441913517,1.41449381006
2.54369151777,2.42369968882,1.41449381006
2.54369151777,2.41775731995,1.41033012632
2.54369166119,2.44904192879,2.10231719541
2.54369356192,2.46168781846,2.10231719541
2.54369356192,2.45391677168,1.64721330484
2.54369409104,2.44282203128,0.855116433949
2.54372244711,2.45243483872,1.6459935921
2.54372954788,2.44671383935,1.6458875247
2.54372954788,2.4599737553,1.75822627376
2.54372954788,2.45211854122,1.57342853748
2.54372954788,2.43754546095,1.75809892534
2.54372958307,2.43792720002,1.75809892534
2.54373011692,2.44273504987,1.93584856655
2.54373011692,2.45499967793,1.93584856655
2.54373011692,2.47466760655,2.11402219411
2.54373011692,2.48055512951,1.95955527983
2.54373011692,2.45655781074,1.9534391795
2.54373011692,2.45510072332,1.9534391795
2.54373437222,2.44960164011,1.82550235656
2.54373490611,2.4472409985,1.91809984583
2.54375462828,2.43737486027,2.00725636427
2.54375462828,2.42535494819,2.0072836137
2.54375462828,2.42344528043,1.97692800982
2.54375462828,2.41294756891,2.01402238801
