best,average,worse
1.93582579408,0.696801050459,0.143720692906
1.93582579408,0.765264449841,0.280440677219
1.93582579408,0.809259398651,0.223267371871
1.93582579408,0.893837703049,0.121542543736
1.93582579408,0.91927160385,0.249554601742
1.93582579408,0.982256546957,0.395746365529
1.93582579408,1.00164641411,0.341947358069
1.93582579408,0.977558258002,0.327449166169
2.07005298582,0.996779352504,0.175154646901
2.07005298582,1.06568130877,0.405333603951
2.07527462255,1.09823421092,0.301942570063
2.07768635068,1.20106188969,0.270143269547
2.07768635068,1.33433742877,0.257911223304
2.09330398675,1.50481198776,0.501125042023
2.09330398675,1.67708060943,0.38509162813
2.10010086672,1.81925509701,0.38509162813
2.11203370849,1.86951257516,0.46513252744
2.11203370849,1.96568054811,0.863920251591
2.11203370849,1.95881201303,0.861604501975
2.17905859519,2.00524198543,0.998866097246
2.18672636678,1.99585991615,0.950662208614
2.18672636678,1.99552759103,0.950662208614
2.18672636678,1.98401271555,0.907021492393
2.20714893613,1.95280056753,0.414550488484
2.20961521825,1.95851295206,0.90857944174
2.20961521825,1.98754156549,0.89619499779
2.20961521825,1.98778040632,0.804307903273
2.20961521825,2.02169644957,1.65043823669
2.27380161589,2.0353975515,1.75031577175
2.28641610656,2.03039422191,1.14140357976
2.28641610656,2.02822737064,1.18965713302
2.28641610656,2.03936424543,1.18965713302
2.2873466386,2.04531102971,1.59173333362
2.2873466386,2.07662016808,1.67128875648
2.2873466386,2.04840162149,1.59739925144
2.28781966945,2.05707571855,1.63132926497
2.28945421405,2.06047677843,1.38489957079
2.31335719631,2.06458121925,1.39039937494
2.31335719631,2.06931228045,1.59027283024
2.31335719632,2.07128201652,1.67298393647
2.31341682474,2.07889155265,1.78041855208
2.31341682474,2.10383218576,1.75892012434
2.31341682474,2.11146686174,0.907226973834
2.31348193476,2.13177216512,1.82382946712
2.37490464216,2.12371822641,1.75892012434
2.37490464216,2.12417729259,1.61888018251
2.37490464911,2.13492923257,1.62633236158
2.37491532221,2.15509531699,1.7182285691
2.37491532221,2.14592854922,1.60285079738
2.37497461188,2.16053396555,1.38131061046
2.37497461188,2.17034518685,1.75887777681
2.37497461188,2.17855700477,1.70574059168
2.37497461188,2.18484964383,1.11651687918
2.37497461188,2.18149099454,1.50133145649
2.37612697583,2.18808241369,1.12830275208
2.37612697583,2.18052515962,1.12830275208
2.37663188301,2.19585107283,1.16627387868
2.37881148388,2.18515496327,1.16817569779
2.37927796216,2.2030960685,0.902967028234
2.37927796216,2.21063736045,0.910598368773
2.37927796216,2.22335794881,1.12316042023
2.37927796216,2.24914424628,1.47683269762
2.37927796216,2.25299123911,1.21068119802
2.37928764508,2.26783624443,1.56906979772
2.38062031802,2.26269316068,1.57364052736
2.38062031802,2.26740787528,0.901130064105
2.38062031802,2.26767600251,1.26645329591
2.38062031802,2.26383230203,0.99173258332
2.38117669375,2.25632609473,0.99173258332
2.38189730803,2.22699520772,1.29823584486
2.38214481298,2.23943913911,1.29954287711
2.38558807355,2.25405817173,1.78679436697
2.38558807355,2.25753954411,1.7945017552
2.38558807355,2.26366841461,1.7947209456
2.38558807355,2.27485164197,1.82407908937
2.38664812343,2.2878146649,1.02198187659
2.38664812343,2.30394923855,1.79573582016
2.38664812343,2.28992783915,1.25698177413
2.38664812343,2.29485341432,1.26054256224
2.38684217113,2.31630017563,2.02092249029
2.38684217113,2.3018406697,1.93409342526
2.38684217113,2.30164486191,1.97977592889
2.38684217113,2.27599906656,0.709311677982
2.38753587534,2.2900742841,0.709311677982
2.38753587534,2.30852753348,1.73723254526
2.38753587534,2.27707794178,0.573547324183
2.38753587534,2.29519985744,0.573547324183
2.38753587534,2.29754689678,2.06416180916
2.38765826044,2.28211217505,1.52452235681
2.38765826044,2.28374687178,1.07991922485
2.38765826044,2.28151678427,1.21207145683
2.38765826044,2.2700330138,1.20687361674
2.38765826044,2.27101396857,1.18972608726
2.38765826044,2.27613038873,1.18972608726
2.38765826044,2.27746480973,1.80133413031
2.38768903305,2.29765436229,1.81730389712
2.38772432033,2.29894962847,1.81730389712
2.38783776294,2.31260847219,1.81730389712
2.38834185863,2.30728835509,1.73728334561
2.38839108779,2.29981763647,1.64481479883
2.38839108779,2.29842050012,1.64481479883
2.38839108779,2.31802232107,1.73676865958
2.38839108779,2.3111471489,1.37799492502
2.38914058216,2.31985350521,1.93351917612
2.38979707628,2.33022562295,1.93351917612
2.38979707628,2.33125411301,1.64761513916
2.38979707628,2.33480977752,2.03626174619
2.39031170815,2.33027010345,1.93659378168
2.39033230231,2.33020363575,1.93486473588
2.39078669358,2.31643227638,1.93432726957
2.39073549385,2.31370017833,2.06380045293
2.39073549385,2.31487403562,1.53822771969
2.39073549385,2.30669157434,1.47914766486
2.39073549385,2.31028322132,1.99062112983
2.39073549385,2.29024837964,1.99062112983
2.39073549385,2.30283043282,1.99176706343
2.39213095116,2.29802113898,1.45751796304
2.39213095116,2.27685120518,0.947709694265
2.39213095116,2.28986959932,0.919995253778
2.39213095116,2.30360074859,1.92531544698
2.39213095116,2.30292324841,1.96561967813
2.39213095116,2.29938998175,1.94563885011
2.39213095116,2.27657906205,1.30612869619
2.39231360686,2.28818610932,1.92199841524
2.39231360686,2.30075573372,1.88556418485
2.39231360686,2.29928521291,1.21532024275
2.39231360686,2.30060552395,0.87475059494
2.39301829853,2.30114882216,0.874800198776
2.39337813054,2.31901944415,1.95377656271
2.39337813054,2.31675012585,1.95377656271
2.39337813054,2.29394807567,1.66553828566
2.39337813054,2.28316078734,1.66553828566
2.39337813054,2.28307096779,1.80744834712
2.39337813054,2.27646894565,1.78465598953
2.39337813062,2.27696995315,1.78521643691
2.39337813391,2.27379302379,1.93811399105
2.39337813391,2.28844103529,1.7519628678
2.39360194945,2.29115723514,1.60409866201
2.39360194945,2.30556460349,1.82961259375
2.39360194945,2.313820715,1.83006587812
2.3937900302,2.31149080163,1.83853954065
2.3937900302,2.3209832507,1.83250575427
2.3937900302,2.29897332688,1.66126405671
2.39470477237,2.28400421821,1.71491143157
2.39470477237,2.27571972669,1.33327857704
2.39470477237,2.27892781306,1.33327857704
2.39470477237,2.25475177583,1.33327857704
2.39470477237,2.25944051913,1.7751054615
2.39481376559,2.24212575636,1.67367159567
2.39541149117,2.24755556637,1.63538675186
2.39598502304,2.27085691513,1.74094136232
2.39598502304,2.27349269969,1.58911280831
2.39598968708,2.28491212149,1.84150496073
2.39598968708,2.28249934824,0.856290809967
2.39618685435,2.29309564169,1.81175882463
2.39618685435,2.27263160225,0.840087327051
2.39618685435,2.27472423523,1.22365030221
2.39618685435,2.26463412846,1.20213246565
2.39618685435,2.25261123893,0.856554029463
2.39618685435,2.28629402157,1.20213111175
2.39618685435,2.30102510394,1.66770891012
2.39618685435,2.31169385965,1.66661115283
2.39618685435,2.30953095758,1.81675788084
2.3965484065,2.3225927473,1.81759713113
2.3965484065,2.32495222144,1.81297525963
2.3968640951,2.32369957833,1.81367103469
2.3968640951,2.31233910986,1.81083792791
2.39695898776,2.31269748739,1.80908986777
2.39695898776,2.29901365231,1.80688391153
2.39695898776,2.28410208865,1.47065749605
2.39695898776,2.30170424527,1.77401044625
2.39695898776,2.30305289096,1.66087208039
2.39695898776,2.30294843552,1.81122890855
2.39701355362,2.31074277728,1.27536699057
2.39701355362,2.31733401092,1.80454922678
2.39725363001,2.31800220767,1.71382306606
2.3972967477,2.32009227906,1.71382306606
2.39770818852,2.30784016317,1.71382306606
2.39770818852,2.2959382317,1.71336783704
2.39770818852,2.31179838875,1.71336783704
2.39775967769,2.31193667361,0.591161138591
2.39811864888,2.32844186286,1.7149385654
2.39811864888,2.32698329257,1.86940020519
2.39811864888,2.31810983992,1.82081101388
2.39811864888,2.31986869968,1.92664287488
2.39831507897,2.31463711415,1.88114150603
2.39831507897,2.32263953624,1.53590062226
2.39831507897,2.29717106955,1.24585396774
2.39831507897,2.29586863633,1.54637018162
2.39831507897,2.30031279522,1.0375844725
2.39847230711,2.30248385806,1.04570587198
2.39847230711,2.28365521355,1.04570587198
2.39872448934,2.28754161546,1.6819578524
2.39872448934,2.27203932732,1.27084695889
2.39872448934,2.27930716742,1.27084695889
2.39872448934,2.2934136675,1.3038432282
2.39872448934,2.28934179576,1.27665364517
2.3989215155,2.3011378385,0.728057790826
2.39919789114,2.3154505545,0.728057790826
2.39919789114,2.28937006744,0.863009748123
2.39919789114,2.30122121553,0.863009748123
2.39999934233,2.28337520405,0.863009748123
2.40007630598,2.2846331008,0.866668563469
2.40007630598,2.28051113852,0.867835233351
2.40071477739,2.3118207248,1.7934906671
2.40071477739,2.32887188584,1.95886381428
2.40071477739,2.30777777276,2.05671566417
2.40071477739,2.32981016527,1.98466548909
2.40093444466,2.31084108546,0.763360635832
2.40108878318,2.31426761756,1.7649925709
2.40108878318,2.31523444679,1.63718197103
2.40108878318,2.31423764074,1.80952810314
2.40129776868,2.32039984982,1.80952810314
2.40129776868,2.30244709083,1.80911974427
2.40129776868,2.30121503266,0.753219174215
2.40129776868,2.31666685963,1.75258473954
2.40151810888,2.31559533156,1.73650455884
2.40151810888,2.33039226928,1.80855334265
2.40151810888,2.32550583057,1.59824526612
2.40151810888,2.32883579041,1.80879490539
2.40154539244,2.32259079188,1.80559695822
2.40142512488,2.33244910322,1.80017235021
2.40154539244,2.30787805903,1.35137630987
2.40198621659,2.29921834618,1.27263813991
2.40249369547,2.31998609288,1.85979084236
2.40249369547,2.32040038952,1.71775169815
2.40249369547,2.30588030732,0.681720990146
2.40269416445,2.30334624805,1.42487950166
2.40302354491,2.30174450403,1.90970851214
2.40302354491,2.30707442343,1.95409658635
2.40302354491,2.3054483734,1.5123211289
2.40302354491,2.29721593973,1.26683063651
2.40302354491,2.31937020664,2.05382207704
2.4033107922,2.32420522888,1.95783999879
2.40313452591,2.32866560209,1.73887049304
2.40353986037,2.3306590124,1.88835469457
2.40353986037,2.31167281578,1.22228401386
2.40353762078,2.28876856665,0.695345109749
2.40353762078,2.30816601395,0.925452448718
2.40353762078,2.29174614869,0.926498976549
2.40353762078,2.32951202505,0.927967370848
2.40353762078,2.32812750227,0.916844002077
2.40353762078,2.347120383,2.08228111893
2.40370474748,2.33729263978,1.94426359209
2.40370474748,2.319385635,1.76224025905
2.40377447946,2.31486754004,1.5668131582
2.40377447946,2.31228061481,1.71023051735
2.40476698652,2.3173933871,1.76017470771
2.40476698652,2.31695729505,1.76147782724
2.40476698652,2.32266939124,1.76147782724
2.40481555712,2.33692295451,1.06170635607
2.40500929818,2.32631718777,1.06170635607
2.40505660015,2.34322238586,1.37891729213
2.40513309912,2.32615442315,1.19954682304
2.40513309912,2.33330824987,1.70171828548
2.40513309912,2.32968155413,1.69744951244
2.40513309912,2.3247024832,1.72383829272
2.40513309912,2.30329134195,0.74462222787
2.40513309912,2.3342935859,1.72533366977
2.40554174067,2.33053304533,1.72533333984
2.40554174067,2.34085050185,1.90164014528
2.40554174067,2.34790539768,1.7349248389
2.40554174067,2.34615501352,1.86762381353
2.40554174067,2.33746895947,1.86762381353
2.40554174067,2.34087708743,1.73942617542
2.40554174067,2.34241773409,1.74330859048
2.40567409834,2.3515462353,1.91773189136
2.40567409834,2.33303141623,0.562471267556
2.40567409834,2.34048396946,1.78956908453
2.40571615615,2.3314502685,1.58858736349
2.40571615615,2.31904267117,1.59115348719
2.40571615615,2.32211411537,1.8850922179
2.40630911734,2.33796974835,1.94082656855
2.40630911734,2.34358402456,1.84526811132
2.40630911734,2.31779611183,0.865526611781
2.40630911734,2.32913343571,1.36110330391
2.40630911734,2.3167520132,1.00312492786
2.40630911734,2.32477284216,1.83994302022
2.40630911734,2.318977292,1.83994302022
2.40637173773,2.31574142922,1.50372328171
2.40637173773,2.32222948301,1.50372328171
2.4067463011,2.32421468388,1.50372328171
2.4067463011,2.32827572832,1.881316867
2.4067463011,2.33149083422,1.881316867
2.4067463011,2.3295961594,0.85678749181
2.4067463011,2.35186241465,1.919925633
2.40693996166,2.35197893361,1.89292954773
2.40693996166,2.33455784066,1.47554435265
2.40693996166,2.33621745037,1.47356667595
2.40693996166,2.33448664491,1.44329144289
2.40693996166,2.33984497356,1.73200019764
2.40693996166,2.31981284268,1.73229162329
2.40714482288,2.3379368873,1.62200309002
2.40714482288,2.32921247489,1.59777165936
2.40714482288,2.30383497668,1.60910580496
2.40720524126,2.30106177847,1.83507301968
2.40720524126,2.29717214095,1.30865614498
2.40720524126,2.26434106896,1.67724437653
2.40756221793,2.28848071028,1.59598480782
2.40801972283,2.29566507057,1.41773926459
2.40801972283,2.30512956793,1.41773926459
2.40801972283,2.31748899444,1.5975957408
2.40801972283,2.31518299553,1.59872438831
2.40801972283,2.31199278383,1.24028803337
2.40801972283,2.31284951097,1.81170381835
2.40801972283,2.30424944193,1.76263729978
2.40801972283,2.29932129648,1.59509730087
2.40822563751,2.31327158462,1.8735898699
2.40822563751,2.30883255832,1.52485379426
2.40822563751,2.30577497499,1.52498182629
2.40822563751,2.31433044575,1.52465134468
2.40847308956,2.31744389964,0.754192997324
2.40847308956,2.33671189268,1.69420273176
2.40847308956,2.34452338388,1.97687850229
2.40852380069,2.34282411491,1.76450414723
2.40852380069,2.32689402617,1.74621404378
2.40858849811,2.32710209786,1.61073386701
2.40858849811,2.3323436198,1.88873197637
2.40859286778,2.33552031448,1.74146644083
2.40859286778,2.32884633643,1.74164343554
2.40859286778,2.31876148905,1.35240259855
2.40887091429,2.34209415857,1.35160223463
2.40887091429,2.35725117282,1.97974773488
2.40887091429,2.33844592711,1.15534389663
2.40887091429,2.35182852099,1.59883712799
2.40891682103,2.35180432605,1.96306145535
2.40891682103,2.35365576899,1.8843344329
2.40905603937,2.33181602146,1.86702993311
2.40905603937,2.326003414,1.3523689728
2.40905603937,2.31755382455,1.62880071141
2.40905603937,2.31503380003,1.62833834809
2.40905603937,2.31483281572,1.54333195301
2.40905603937,2.31174275489,1.54333195301
2.40905603937,2.29039792407,1.542726221
2.40906219801,2.28747303928,1.18953869688
2.40910389824,2.31019585374,1.54270456597
2.40910389824,2.28714197772,1.18717854518
2.40910389824,2.29566770799,1.65340027149
2.40924878039,2.277824036,1.1989466532
2.40924878039,2.29841129289,1.97966914824
2.40924878039,2.30407055215,1.88061804227
2.40924878039,2.30559536224,1.37855612964
2.40924878039,2.31056511081,1.73548587701
2.40924878039,2.2932294296,0.8569444412
2.40924878053,2.30826409484,1.68614219377
2.4092909297,2.31182121489,1.10265349723
2.40935548374,2.31652935825,1.8167867447
2.40938226557,2.32165202865,1.73467790846
2.40938226557,2.3021699117,1.73464258897
2.40938226557,2.2938431011,1.36994484194
2.40938226557,2.30052787051,1.29307864609
2.40938226557,2.30559036247,1.61201736836
2.40938226557,2.29899159042,1.68645245418
2.40951811554,2.2835337571,1.83645403221
2.40951811554,2.2968639812,1.83784646583
2.40951811554,2.29047633327,1.06892461209
2.40951811554,2.29304472838,1.57413706948
2.40951811554,2.29621263414,1.57413706948
2.40951811554,2.28517833968,1.575339204
2.40951811554,2.28181278844,1.39527641665
2.40963958554,2.30419071121,1.7463727468
2.40963958554,2.29899012907,1.7463727468
2.40963958554,2.29533649613,1.7463727468
2.40963958554,2.29857300005,1.90991524665
2.40988746863,2.28110126721,1.91828304186
2.40975960191,2.28625605668,1.47088563507
2.41007230174,2.26489036935,0.735314937835
2.41007230174,2.26169342787,0.735314937835
2.41007230174,2.26161288168,0.736835533376
2.41075443408,2.26675170903,1.22944698194
2.41062445675,2.24971088887,1.0447605704
2.41064680793,2.26061636936,1.24898732782
2.41075443404,2.23039321044,0.970460600016
2.41075443404,2.24002648258,0.804232182381
2.41075443404,2.24849821414,0.821638720122
2.41075443778,2.25781847672,0.81068779015
2.41075443404,2.25152478226,1.96349427898
2.41089880242,2.24496322116,1.83024308842
2.41089880242,2.2417545626,1.72091231284
2.41089880242,2.24883986238,1.83024308842
2.41089880242,2.25150409385,1.83024308842
2.41089880242,2.24890861477,1.67224980049
2.41095408977,2.25316509758,1.3307831603
2.41117221145,2.25719477087,1.34673626621
2.41117221145,2.27303558557,1.8828661753
2.41117221145,2.27666858927,1.83327493755
2.41117221145,2.26717922001,1.68222446463
2.41117221145,2.2777872809,1.77804084982
2.41117221145,2.28199942596,1.65224245598
2.41117221145,2.26818929925,1.51238302435
2.41117221145,2.28041259286,1.63554124733
2.41117221146,2.28783405731,1.63554124733
2.41122739774,2.27668121726,0.995415323885
2.41122765439,2.30069323149,1.62317872415
2.41123146946,2.29184631461,1.61928258992
2.41123146946,2.28641709881,1.63029448867
2.4112314695,2.3065895061,1.68270344072
2.4112314695,2.30196569126,1.77430271143
2.41123175216,2.31024717322,1.69946111126
2.41123175216,2.32688964195,1.73147245941
2.41123175216,2.32492762589,1.70797534258
2.41123175216,2.33360970539,1.73147245941
2.41123175216,2.33539179871,1.94710704484
2.41125318107,2.32198076236,1.20920811039
2.41125318107,2.32691357748,1.20897629565
2.41125318107,2.30269920534,1.58060148967
2.41128851948,2.30592287189,1.69182457204
2.4113410047,2.29907871131,1.67123492632
2.4113410047,2.29120140676,1.58409415668
2.41134129413,2.30729510529,1.87814506126
2.41134129413,2.29956227367,1.86038031121
2.41134129413,2.27867856593,1.82192953457
2.41134129413,2.27085018226,1.72221669242
2.41134129413,2.26978629506,0.865774395026
2.41134129413,2.27810062001,1.40104612132
2.41134129413,2.28180958099,1.7069087719
2.4113797258,2.27696416686,1.66523275193
2.4113797258,2.26780410232,1.83626567216
2.41194841979,2.27316607195,1.83555226687
2.41194841979,2.2709814186,0.590513212126
2.41194841979,2.29378749917,1.86578533243
2.41194841979,2.30640221295,0.844109078431
2.41194841979,2.32318219736,1.67877646323
2.41194842074,2.33376911306,1.84300077986
2.41194842074,2.32264990029,1.67367226954
2.41194842074,2.31497534559,1.67370286498
2.41205859429,2.31263055079,1.79606025727
2.41205859429,2.28617630541,1.73686963485
2.41205859429,2.27473571425,1.83687130818
2.41205859429,2.27609576275,1.82017227234
2.41205859432,2.27375917736,1.84339400866
2.41205859432,2.26750090086,1.35965724532
2.41205863609,2.27535193692,1.68966408432
2.41205863609,2.27891282424,1.61627129755
2.41205863609,2.27676414987,1.61151568553
2.41205863609,2.28372395186,1.82996796039
2.41205863609,2.29253975758,1.59992457797
2.41218147555,2.30584220008,1.61215119187
2.41209056805,2.29495228457,1.2441466508
2.41209056805,2.31695292064,1.24402111477
2.41216150684,2.33174995328,1.95901928451
2.41213295915,2.3357123291,1.8711718843
2.41213295915,2.35293153381,1.98054492379
2.41213295915,2.34599928926,1.5776982473
2.41213295915,2.35450769426,1.5776982473
2.41216150423,2.36192929717,1.57771582707
2.41216190478,2.35661132307,1.81477760037
2.41216190478,2.34037172899,1.66739690814
2.41216190478,2.34583967863,1.8167587614
2.41216190478,2.33630013067,2.00959042102
2.41216190738,2.34052699708,1.73979544881
2.41230276877,2.36323742795,1.67735661944
2.41230276877,2.3509494357,1.12445556661
2.41230276877,2.34808679198,1.1225835206
2.41230276877,2.35943584519,1.67938881244
2.41230276877,2.34005645059,0.491710371687
2.41230276877,2.33301584899,0.478630893888
2.41230276877,2.31539613873,0.506755925698
2.41230276922,2.33531151799,0.538717128355
2.41230276922,2.34082576806,1.52300144094
2.41230276922,2.32086086177,0.581690932308
2.41230666489,2.34014035168,1.61014797598
2.41234563354,2.33772199161,1.35987185262
2.41242976657,2.34279788917,1.35987185262
2.41242976657,2.33584713295,1.78777132949
2.41242976657,2.33524452783,1.80038978992
2.41242976657,2.33306621516,1.79681631307
2.41267960385,2.31940280768,1.38053664845
2.41267960385,2.33536587315,1.3807113818
2.41267960385,2.3380176211,1.79693628709
2.41267960385,2.32932042993,2.01655399432
2.41267960385,2.32333397298,1.88334108536
2.41267960385,2.32279520835,1.57076444823
2.41267960385,2.32121230341,1.22945148115
2.41267960385,2.31527548306,1.58710722173
2.41268120858,2.30604183041,1.58710722173
2.41268120858,2.3054517004,1.58942714466
2.41268120858,2.28092404146,1.62937291242
2.41269959786,2.28249366933,0.784895675349
2.41271275772,2.27172488918,0.781414725751
2.41282195906,2.2864960777,1.58401001209
2.41288336325,2.29698521227,1.58473142104
2.41288336325,2.30295218564,1.74353410582
2.41288336325,2.30845181194,1.65552626969
2.41291699754,2.30422362297,1.65491130607
2.41293387797,2.29943737629,1.30755677275
2.41293387797,2.30862739001,1.36664148322
2.41293387797,2.29700834288,1.33427990387
2.41293387797,2.29131883362,0.706689620953
2.41293398273,2.2997040331,0.714541820347
2.412934108,2.30512301778,0.891934679823
2.41330337326,2.32458107001,1.36336365936
2.41330176104,2.29410999497,1.47135638176
2.41335510767,2.30555069278,1.66508792281
2.41335510767,2.29418939076,1.66508792281
2.41335510767,2.3201157831,1.7752976596
2.41342045974,2.31367378992,1.87559539681
2.41342045974,2.31417945501,1.87568517728
2.41342045974,2.30973910306,1.8307703364
2.4134713195,2.32953660306,1.79606635689
2.4134713195,2.32478230264,1.87727790959
2.41355465818,2.33050698034,1.7716801277
2.41358821802,2.32536305207,1.7713511849
2.41358821802,2.31139125763,0.642919631002
2.41358821802,2.32724434067,1.80371471409
2.41358821802,2.32067551883,1.80146653542
2.41363856892,2.32563040556,1.7978840075
2.41363856894,2.33145633803,1.79706430735
2.41363856892,2.33385092603,1.79706430735
2.41363856892,2.33946856813,1.79706430735
2.41363856892,2.3358856468,1.60559996289
2.4136385692,2.31256422947,1.36247990423
2.4136385692,2.32980994061,1.24340577521
2.4136385692,2.33588203637,1.25478216135
2.4136385692,2.3305732642,1.25478216135
2.41363885781,2.32398912657,1.27709904451
2.41363885781,2.31873880263,0.6355711467
2.41380100881,2.32416094037,0.635516262858
2.41380100881,2.34791491204,1.82106619178
2.41380100881,2.33648569915,1.83060662493
2.41380100881,2.3492901745,1.88898779425
2.41380100881,2.3464686388,1.78613833337
2.41380100881,2.34314547871,1.63914619013
2.41380911904,2.35775947426,1.7484645085
2.41380911904,2.35618870468,1.76479325991
2.41393946298,2.36314213535,1.95490992768
2.41393946298,2.36514027668,1.88456248966
2.41393946298,2.34902397664,0.863882615842
2.41394277121,2.35293529541,1.22303649871
2.41411939731,2.34124994515,1.22303649871
2.41471981569,2.34405684395,1.22564325333
2.41471981569,2.33436774716,1.22564325333
2.41471981569,2.31055238804,0.876309184482
2.41471981569,2.3236643039,1.75294165279
2.41480663289,2.32219015981,1.72847675571
2.41488806821,2.31373009897,1.62147115263
2.41488806821,2.31777536381,1.61956552017
2.41488806821,2.32881717662,1.71640413955
2.41488806821,2.31592073271,1.07020383358
2.41488806821,2.31742751887,1.71691774151
2.41488806821,2.3170467769,1.71691774151
2.41488806821,2.30714482791,1.72175073684
2.41489143707,2.32137475072,1.72682010764
2.41490315792,2.29057909563,1.73311724943
2.41490323906,2.28062646016,1.36712809912
2.4149181425,2.2760042945,0.651072160234
2.4149181425,2.29418196391,1.73209293187
2.41491976928,2.29916785413,1.75499972312
2.41491976928,2.31000987349,1.86958877786
2.4149382446,2.30222153711,1.71532433938
2.41520304344,2.30264049887,1.38122070335
2.41520304344,2.32793865528,1.63149895416
2.415250684,2.31717789206,1.62682315519
2.41520304344,2.31031946057,1.21808819141
2.41548259785,2.3045197204,1.20863907805
2.41548939948,2.30547257934,1.18730370156
2.41548939948,2.30834507566,1.60288310944
2.41551616347,2.29686414645,1.81708887894
2.41551616347,2.28758545452,1.12034654934
2.41552438649,2.31869325131,1.65132699739
2.41553361078,2.30847869126,1.65132699739
2.41553361078,2.33086070429,1.79873787586
2.41553951093,2.33594149607,1.7632354986
2.41553951093,2.31732369731,0.957848336269
2.41555241228,2.32286658061,1.74702527889
2.41555241228,2.33584151891,2.00424782407
2.41563885139,2.33219983714,1.87901548006
2.41564230492,2.32417255079,1.87771446247
2.41564230996,2.32395998739,1.77721072927
2.41567214744,2.32618624546,1.87434945281
2.41567214744,2.29648051044,1.81978696344
2.41567214744,2.31205600299,1.81089103848
2.41567214744,2.31326987958,1.81083825329
2.41567214744,2.31643759794,1.57692434727
2.41567214744,2.29704967603,1.23425509347
2.41567214744,2.34020465575,1.93538740051
2.41567718155,2.33237411649,1.97186569132
2.41567718155,2.3422117352,1.99428030816
2.41567718155,2.35005910167,1.99541573564
2.41567795486,2.34197271785,1.70585896065
2.41567795486,2.34077108193,1.69998807644
2.41567795486,2.34440198272,1.69998807644
2.41575497367,2.34164722656,1.9013191592
2.41575497367,2.33563238682,1.56336000731
2.41582833938,2.30529980624,1.56776495249
2.41582833938,2.33353109879,1.94425217894
2.41584385053,2.32876051872,1.94425217894
2.41584385053,2.32068804703,1.13369925568
2.41584385053,2.32450326802,1.26920567923
2.4160714141,2.32821243062,1.03015183595
2.4160714141,2.33053066025,1.7880149699
2.4160714141,2.33016075225,1.89121927744
2.4160714141,2.32432508457,1.89215530812
2.41607169662,2.33245713118,1.89221169807
2.41607169662,2.33527487483,1.4042814379
2.41607169662,2.31457120499,1.40329029478
2.41607169662,2.32460279003,1.40186426986
2.41607169662,2.31403642308,1.4009912257
2.41607169662,2.30975269468,0.837464453713
2.41607170554,2.30018386394,1.80540241032
2.41607170554,2.30165204509,1.80540241032
2.41607170554,2.29612486446,1.75755537045
2.41607170554,2.28494994285,1.63666206325
2.41618891057,2.30876523622,1.71736701043
2.41618891057,2.27577580977,0.62226308232
2.41618891057,2.30046636103,0.625216205216
2.41618891057,2.32585122184,0.628481706021
2.41618891057,2.30238224103,0.625216205216
2.41620386445,2.30859165135,0.647777372626
2.41620386445,2.32541694509,1.83073694881
2.41623626494,2.31277783618,1.33583907975
2.41623626494,2.32061548318,1.3341312096
2.41623626494,2.32576831007,1.80599354937
2.41623626494,2.32826282994,1.87464579023
2.41623626494,2.31957244083,1.22101974291
2.41623626494,2.31065280766,1.21875837325
2.41623626494,2.33301140323,1.89023622806
2.41623626494,2.35059946082,1.88843811317
2.41676791079,2.34547315915,1.95512729875
2.41676791079,2.34133563412,1.71193189513
2.41676791079,2.3503103356,1.8834342596
2.41676791079,2.35800096265,1.88467319645
2.41676791079,2.34264167959,1.8650661282
2.41676791079,2.35443375365,1.81278792207
2.41678096056,2.35629164429,1.81278792207
2.41678096056,2.33375095245,1.69259270209
2.41678096056,2.34077396893,1.74972416589
2.4168101523,2.33776652266,1.81033581435
2.41683398929,2.34736955171,1.138721353
2.41683424885,2.36154713632,2.13218336134
2.41683424885,2.35775219939,2.10133215678
2.41683424892,2.35968668748,2.10133215449
2.41714772732,2.35458463132,1.90200681322
2.41714772732,2.34934140235,1.9019739824
2.41718559619,2.34286414459,1.13625865536
2.41718559621,2.33596049322,1.88325682856
2.41718559621,2.34807674392,1.88349332805
2.4172521415,2.33569144127,1.81645694804
2.4172521415,2.35797092715,1.88023295936
2.4172521415,2.35766861052,1.88303508766
2.4172521415,2.35296849544,1.67110490246
2.4172521415,2.34992033778,1.66834429022
2.4172521415,2.3309550366,1.169710238
2.4172521415,2.3298983162,1.52521991999
2.41727275554,2.32086713309,1.52266368199
2.41727275554,2.32289685955,1.46421669059
2.4172756731,2.32924692523,1.52367697349
2.4172756731,2.34642770793,1.87565201985
2.4172756731,2.33850480971,1.87436263384
2.4172756731,2.34412446931,1.87676455906
2.41748794898,2.31970724288,1.87606455339
2.41748794898,2.35157184684,1.90288353116
2.41748794898,2.34990723837,1.8276165206
2.41749797162,2.34957510805,1.79174715365
2.41749797162,2.34996996177,1.74669788025
2.41749797162,2.35091361267,1.76412022263
2.41784707981,2.33450527966,1.76314304261
2.41784707981,2.33869387081,1.76405789813
2.41784707981,2.33280926764,1.67055257997
2.41784707981,2.33627224556,1.78303191664
2.41784707981,2.33276307225,1.86681184647
2.41784707981,2.34681061842,1.90255804651
2.41784707981,2.32874322165,1.75153308982
2.41793474645,2.33407595835,1.31869476911
2.41793474645,2.33029084286,1.70249966102
2.41793474645,2.32504235608,1.75141465225
2.41793474645,2.33270659446,1.77209449106
2.41793474645,2.3563297232,1.98551903674
2.41793474645,2.35010871468,1.89851916774
2.41793474645,2.33859373077,1.19195490543
2.41793474645,2.35743465335,1.86950928195
2.41793474645,2.3339958371,1.87068025463
2.41841799115,2.32162236524,1.3726046296
2.41841799115,2.32750903382,1.37314172652
2.41841799115,2.3342168126,1.72568324096
2.41841799115,2.33705197513,1.76749786562
2.41841799115,2.33917430029,1.98602500588
2.41858232145,2.35213899609,1.98602500588
2.41858232145,2.34615797752,1.96310945274
2.41858232145,2.35731330583,2.07256507076
2.41858232145,2.35777871769,1.83368325919
2.41858232145,2.35191894996,1.84655611915
2.41858232145,2.35677605206,1.84655611915
2.4185823623,2.33920498175,1.64628171522
2.4185823623,2.34574336739,1.6430887073
2.41858266928,2.34022879288,1.64089968372
2.41858266928,2.34621891624,1.69625049576
2.41858266928,2.36798482148,1.89780747958
2.41858266928,2.34441881034,1.87208404852
2.41861676375,2.3270800475,1.06609176985
2.41866836968,2.32749826536,0.569774366698
2.41866836968,2.33519242418,1.63914572531
2.41866836968,2.33685370172,1.63565465826
2.41866836968,2.33473425726,1.34618725204
2.41876068096,2.34267103278,1.2374915818
2.41901285482,2.34935419477,1.68398327159
2.41972218036,2.33113912485,0.983125494657
2.41972218036,2.3446718821,0.983125494657
2.41972218036,2.3384084746,1.21159031134
2.41981131647,2.34364443819,1.2126737678
2.4198865548,2.32463355367,1.20618273139
2.41997563004,2.34047613814,1.20653495488
2.41997563004,2.3472466252,0.987428832401
2.41997563004,2.36111505264,1.57862683408
2.41997563004,2.3440058788,1.40088343957
2.41997563004,2.33634642445,1.24366964073
2.42022560069,2.33862194316,2.01013095524
2.42022560069,2.34391118688,1.87153105102
2.42022560069,2.34554999862,0.747270727594
2.42022560069,2.35103188016,1.88258315161
2.42031563625,2.36380718431,1.93984304874
2.42039705269,2.34268829235,0.836070700567
2.42039705269,2.33650706819,0.825184516942
2.42039705269,2.34433097653,0.832245554442
2.42039705269,2.3754243478,1.88964918821
2.42039705269,2.36477275245,1.89294910045
2.42039705269,2.37326650429,2.00217551082
2.42039705269,2.3667520946,1.86586647106
2.42039705269,2.37544897566,1.86608986309
2.42039705269,2.3731125472,1.86581167672
2.42039705269,2.35575075968,1.86231391071
2.42039722087,2.36631011627,1.37202433237
2.42039722087,2.38804083152,1.89834363459
2.42039722087,2.38060973691,1.89767367222
2.42039722087,2.38429468681,1.89479300032
2.42039722087,2.37652381025,1.86097484538
2.42039722087,2.38721845941,1.89323603105
2.42039722087,2.36652719658,1.74975784375
2.42042678275,2.36184252071,1.76177707602
2.42042678275,2.3615056266,1.6912499766
2.42042678275,2.35876035886,1.35473331562
2.42042678275,2.35971406759,0.811448292728
2.42045321831,2.36661438332,1.76134221381
2.42045331406,2.36446644039,1.76125745816
2.42045331406,2.3600683487,1.46051073883
2.42045331406,2.34881928911,1.4593371995
2.42045331406,2.3583681632,1.60479281759
2.42055631992,2.36093156003,1.71537509142
2.42055631992,2.35479398441,1.71537509142
2.42055631992,2.34994135863,1.61142907302
2.42055631992,2.34588059429,0.731250708253
2.42055631992,2.32216422359,0.731250708253
2.42055631992,2.33640670024,0.551431457487
2.42055631992,2.36364357934,0.727035744395
2.42055982708,2.36557144661,1.46186089432
2.42055982708,2.37071976184,1.63639836763
2.42056427142,2.37353090966,2.1848172459
2.42056427142,2.36966572948,1.94188913054
2.42055982708,2.35633352024,1.8282521313
2.42055982708,2.36412322844,1.86796094051
2.42055982708,2.35888045786,1.86780309687
2.42056062012,2.35320226444,1.86734605233
2.4205946395,2.36078555692,1.87077547898
2.4205946395,2.34333079816,1.65978854184
2.42068397556,2.33019545056,0.702525065763
2.42068397556,2.32984262801,1.15598252167
2.42070626141,2.31670040619,0.851800639188
2.42070626141,2.33017352755,1.75462548989
2.42071292614,2.33358952486,1.87285430847
2.42071292614,2.34764456604,1.87223549666
2.4207152151,2.35794689086,1.87213584716
2.4207152151,2.36393761629,1.89588575591
2.42084159215,2.3724318428,1.97714236631
2.42084159215,2.37458212312,2.01372862403
2.42084159215,2.36926419318,2.01415131609
2.42084159215,2.36646915342,1.90088508899
2.42084165087,2.36081287286,1.24761548923
2.42084165087,2.36628687928,1.77809311078
2.42084165087,2.36623539622,1.76475779592
2.42084165087,2.36968811913,1.76507036129
2.42084165087,2.37267825796,1.76281454442
2.42084165087,2.37479412801,1.8426933481
2.42084165087,2.34588455006,1.360059332
2.42084165087,2.34330788361,1.360059332
2.42084165087,2.34261735015,1.25009487955
2.42084165088,2.34518839962,1.52906725308
2.42084165088,2.35674616043,1.51367003678
2.42084165088,2.34591219605,1.50817519995
2.42093020378,2.36372418405,1.96481451128
2.42093020378,2.36768688493,1.79684407252
2.42093020378,2.36880992131,1.8060424479
2.42093020378,2.34399559711,0.737539348053
2.42093020378,2.31621971034,1.38109924249
2.42093020378,2.31884714369,1.38109924249
2.42093020378,2.32385184529,1.6471499945
2.42093020378,2.34048291359,1.964253671
2.42093020378,2.33990185729,1.84403144278
2.42093020378,2.33974243741,1.84403144278
2.42093020378,2.34668128042,1.91968937791
2.42095007724,2.34536598277,1.84305472644
2.42094868433,2.3513370374,1.84305472644
2.42094868433,2.36107745215,1.96669008379
2.42094868433,2.34217385105,1.70778301198
2.42097504139,2.3404363383,1.7275250024
2.42097504139,2.34656606042,1.8706964147
2.42097504139,2.34462027243,1.8706964147
2.42097504916,2.34453200186,1.87246731757
2.42097504916,2.33320578215,1.82031523954
2.42097504916,2.33334246222,1.82839067196
2.42101669391,2.32602460936,1.82157606699
2.42101669391,2.33598931557,1.19858521154
2.42105232846,2.33593980676,1.58372199621
2.42105232846,2.33395427901,1.58174922723
2.42105232846,2.34938385313,1.58174922723
2.42105232846,2.37085699455,1.67282541803
2.42108158002,2.35945748209,1.67218849797
2.42108158002,2.37230279658,1.84290078442
2.42108158002,2.36905602571,1.84079354066
2.42108158002,2.36836502685,1.84322745683
2.42108158002,2.35513392167,0.8837601838
2.42108158002,2.34275957241,1.02098146112
2.42108158002,2.33952758314,0.898504630868
2.42108158002,2.34911837857,0.617054167631
2.42108158002,2.33230560997,0.617054167631
2.42108158002,2.35230550153,0.631731970687
2.42108280261,2.34494644372,0.616933727157
2.42108280261,2.34325799499,1.06530991525
2.42108280261,2.3305349169,1.15928721413
2.42108280261,2.3286986677,1.15928721413
2.42108280261,2.3427680854,1.35895236794
2.42122891982,2.36904036947,1.35893011609
2.42122891982,2.3595776671,0.673420883224
2.42122891982,2.36147814414,0.622947931568
2.42122891982,2.35029867376,0.61849338187
2.42122891982,2.34192970278,1.64581506111
2.42122891982,2.35270666092,1.85299114398
2.47431234943,2.32616261375,1.74352621029
2.47431234943,2.32753554533,1.7631721199
2.47814485617,2.34355699984,1.67773602688
2.47874808293,2.33579834846,1.90178131094
2.47905112549,2.33407814804,1.65024446309
2.47929713538,2.3323907988,1.61318387523
2.47934085242,2.33310839368,1.65354294029
2.47934085242,2.33495154773,1.65022118213
2.47934085242,2.3272447407,1.39260908463
2.47934085242,2.32804702398,1.74355918809
2.47934085242,2.33155545336,1.67971421423
2.47934085242,2.29119510524,1.39787339779
2.47934085242,2.2993187193,1.57501996516
2.47934085242,2.31076803233,1.74355918809
2.47945480847,2.32913705514,1.73458351208
2.47945494019,2.34960263506,1.74000749788
2.47945494019,2.33532474859,1.73604252117
2.47945494019,2.33641136656,1.62631592711
2.47945494019,2.35004606415,1.74183566774
2.47974534653,2.34079143608,0.784501275162
2.48109893324,2.34990373569,0.794108584158
2.48109893324,2.34955469333,1.73810150936
2.48109893324,2.36624216107,1.73810150936
2.48109893324,2.35507561158,1.67645324909
2.48109893324,2.3618508419,1.84558988876
2.48109924019,2.34756050882,0.852124194753
2.48180741815,2.3474839088,0.830582053201
2.48180741815,2.37447784124,1.73822393945
2.48180741815,2.38876058371,2.00339143047
2.48217085958,2.36721862252,1.75974215163
2.48180741815,2.35400913108,1.75943565208
2.48180741815,2.36779618722,1.87936245012
2.48218234316,2.33100182402,1.38497669391
2.48218234316,2.34732886281,1.70878641174
2.48218234316,2.35039259327,1.70878641174
2.48218234316,2.35531899733,1.88148908429
2.48218234316,2.36818916823,0.7725713922
2.48218234316,2.37480913351,1.89151173617
2.48218234316,2.34335863886,1.87878997774
2.48221582267,2.3724493883,1.89168763888
2.48218234316,2.36880967207,1.87562980829
2.48218234316,2.37747311167,1.85754636293
2.48221582267,2.38424563562,2.00171996253
2.48221582267,2.37742585107,1.89089638639
2.48221582267,2.39285574665,1.89977673041
2.48221604862,2.38498428403,1.2296627418
2.48221604862,2.38788050816,1.2296627418
2.48222424963,2.38601264805,1.2296627418
2.48222424963,2.36747855588,1.19584412461
2.48222424963,2.3295148705,1.0523176121
2.48222424963,2.35370472471,1.22835466308
2.48222424963,2.36793753812,1.58049047327
2.48223983489,2.37269775389,0.931350133995
2.48223983489,2.36912304108,0.955210496754
2.48223983489,2.3515015401,1.24783817377
2.4822400487,2.3339592803,1.24783817377
2.48229026189,2.36263294824,1.25570744271
2.4822905932,2.36286876558,1.25570744271
2.48231325247,2.36172180515,1.85203595665
2.48231325247,2.34176836941,1.88439377683
2.48231325247,2.35097071385,1.69032740437
2.48231325247,2.35777935064,1.69032709011
2.48231325247,2.34887493414,1.69281737665
2.48231345646,2.34277912557,1.69281737665
2.48231345646,2.33139971453,1.69281737665
2.48234903721,2.35018780795,1.76026329012
2.48234903721,2.35040869987,0.714762789629
2.48235650972,2.38070277198,1.69406437893
2.48235650972,2.39339225919,2.09835895302
2.48235650972,2.40329150633,2.10382366848
2.48235650972,2.39254565257,1.84073071289
2.48235650972,2.37765432781,1.83969495962
2.48235650972,2.38642296084,1.83731709582
2.48236225838,2.38478644452,1.76654195476
2.48236225838,2.37463616321,1.76654195476
2.48237266443,2.39167978772,1.80109973997
2.48237266443,2.40046650522,1.89986282201
2.48237273566,2.39239170376,1.87588720597
2.48237287228,2.3908330376,1.90162806614
2.48237379523,2.39297616425,1.89407284349
2.48239125207,2.39650952696,1.85355767985
2.48239125207,2.39993014962,1.97114660969
2.48239125207,2.39037734238,1.96936884246
2.48239125207,2.38902594462,1.84826260595
2.48239125207,2.38852245923,1.84826260595
2.48239125207,2.3981821913,1.81356372927
2.48239125207,2.40661757588,1.81964631678
2.48239125207,2.39583866463,1.74944632707
2.48239125207,2.37193725484,0.80646364885
2.48240721265,2.34343122485,0.80646364885
2.48239125207,2.36039120733,1.44327275572
2.48239125207,2.37858032328,1.78834378366
2.48241288786,2.3808671808,1.87496910604
2.48241288786,2.36756546192,1.84294441705
2.48241289166,2.3556929778,1.84240290274
2.48241289166,2.3734321851,1.90030969607
2.48241289166,2.36833543558,0.803869874082
2.48254301287,2.3786741872,1.75819643865
2.48254301287,2.36903135257,1.05054487324
2.48254301287,2.37933224341,1.86623821848
2.48254301287,2.39313992695,1.86995742691
2.48257363146,2.36663530479,1.71675402852
2.48257363146,2.35253136006,0.720350510812
2.48257804606,2.34441154836,0.687785049437
2.48257804606,2.38765619802,1.51323305357
2.48257900615,2.40792359638,1.74901055807
2.48257900615,2.40834470824,1.9997881782
2.48257900615,2.40110589573,1.87675111943
2.48259833935,2.37078682513,1.75753462019
2.48260335608,2.3986542649,1.97105669559
2.48260335608,2.40069123429,1.91330367207
2.48260521096,2.3892388681,1.77709155318
2.48260521096,2.37822792647,1.91271240509
2.48260750569,2.37689926566,1.39667096501
2.48260750569,2.38098927203,1.91304674424
2.48260750569,2.34508316962,0.714517471256
2.48260750569,2.38099743398,1.88869036865
2.48260750569,2.38323318692,2.00245982176
2.48260750569,2.38912929193,1.61043445201
2.48260750569,2.38413888492,1.25681469113
2.48260750569,2.3825060831,1.63794613987
2.48260750569,2.38027174167,1.6288540387
2.48260750569,2.36405090518,0.938008750813
2.48260750569,2.38816147504,1.63758410042
2.48261266775,2.38805658989,1.28530422481
2.48261266775,2.40067301529,1.63988109416
2.48261266775,2.40373226991,1.89637908986
2.48261267028,2.38981941031,1.89648202575
2.48261267028,2.39521879106,1.73740814232
2.48261267028,2.38761715428,1.80690706618
2.48261267028,2.39398721941,1.80690706618
2.48261267028,2.37848834186,0.7924742678
2.48261267028,2.3889642905,1.82178899247
2.48261267028,2.36602864502,1.80504113468
2.48261267028,2.36927262644,1.95581188299
2.48261267028,2.36361956572,1.95539845438
2.48262301001,2.38147741704,1.9581308258
2.48262301001,2.38390517318,1.9581308258
2.48262301001,2.38431339235,1.9581308258
2.48268096861,2.37482127902,1.85970809015
2.48268096861,2.38541238665,1.25138355768
2.48268096861,2.3914291262,1.9561722664
2.4826809801,2.38200191306,1.9181280538
2.48270449009,2.37179404816,1.64332353112
2.48270449009,2.38001027717,1.28522452189
2.48270449009,2.38988064221,1.64660344862
2.48270449009,2.39796843397,1.64786129147
2.48270452003,2.39760108457,1.71664388046
2.48270452003,2.38731797553,1.77139117858
2.48270452003,2.37697702118,1.2131828382
2.48270537746,2.38221633803,1.77139117858
2.48270537746,2.4061963823,1.76584761412
2.48270537746,2.40857490872,1.84918156819
2.48270540718,2.40526360634,1.96084042712
2.48270537746,2.40988771161,1.59695891035
2.48270540718,2.41075147617,1.79426254001
2.4827060979,2.39515024921,1.44078956454
2.4827060979,2.39883583122,1.81872454295
2.48271636014,2.4092395901,1.81872454295
2.48271636014,2.41048027863,0.515123363989
2.48274305675,2.42626738987,1.93314671077
2.48274305675,2.41408573779,1.93314671077
2.48274305675,2.40260538758,1.62674190769
2.48274305675,2.4261775165,2.02124179892
2.48274305675,2.43136029278,1.98700935735
2.48274396334,2.42856794415,0.713615274949
2.48274396334,2.43684134957,2.09060650425
2.48275035479,2.42584045985,1.95218519285
2.48275035479,2.42264080397,1.95218519285
2.48275035479,2.41597838926,1.66354309576
2.48275035479,2.40542259785,2.00560863938
2.48275642276,2.40138545599,2.00560863938
2.48275642276,2.40515774994,1.91050862629
2.48275642276,2.40569516933,1.9129053996
